α:       2.510,      2.416,      1.747,      1.352,      1.787,      2.055,      1.158,      1.315,      0.503,      1.648,      0.371,      1.809,      0.822,      0.002,     -0.737,     -0.098,      0.476,     -0.382,     -0.168,      0.126,      0.884,      0.241,     -0.047,      0.134,      0.161,      0.921,     -0.037
α:       2.827,      2.610,      1.860,      0.774,      1.937,      2.043,      2.455,      2.051,      0.388,      3.280,      0.264,      2.457,      1.602,     -0.159,     -2.070,     -0.237,      0.527,     -0.465,     -0.540,      0.062,      1.458,      0.223,     -0.050,     -0.031,      0.289,      1.380,      0.023
α:       2.975,      2.535,      1.923,      0.458,      2.002,      2.186,      3.378,      2.255,      0.329,      5.067,      0.234,      2.727,      1.816,     -0.240,     -3.446,     -0.368,     -0.037,     -0.472,     -0.721,      0.039,      1.573,      0.215,     -0.027,     -0.122,      0.504,      2.047,      0.158
α:       3.148,      2.536,      1.962,      0.273,      2.035,      2.303,      4.002,      2.217,      0.287,      6.504,      0.215,      2.856,      1.841,     -0.277,     -4.503,     -0.454,     -0.584,     -0.462,     -0.864,      0.021,      1.481,      0.223,     -0.014,     -0.151,      0.647,      2.618,      0.244
α:       3.255,      2.560,      2.009,      0.173,      2.061,      2.361,      4.366,      2.158,      0.269,      7.407,      0.210,      2.900,      1.844,     -0.306,     -5.140,     -0.531,     -0.933,     -0.467,     -0.967,      0.001,      1.367,      0.246,     -0.011,     -0.158,      0.763,      2.984,      0.297
α:       3.314,      2.578,      2.011,      0.120,      2.068,      2.419,      4.573,      2.097,      0.259,      7.831,      0.197,      2.890,      1.829,     -0.310,     -5.472,     -0.535,     -1.116,     -0.463,     -1.012,      0.005,      1.290,      0.246,     -0.015,     -0.160,      0.773,      3.145,      0.311
α:       3.335,      2.585,      2.014,      0.089,      2.079,      2.454,      4.591,      2.082,      0.254,      8.033,      0.187,      2.866,      1.803,     -0.320,     -5.583,     -0.529,     -1.184,     -0.465,     -1.023,      0.007,      1.264,      0.263,     -0.014,     -0.154,      0.775,      3.206,      0.316
α:       3.355,      2.594,      2.019,      0.069,      2.088,      2.465,      4.571,      2.064,      0.253,      8.143,      0.187,      2.855,      1.798,     -0.323,     -5.614,     -0.556,     -1.201,     -0.467,     -1.040,     -0.014,      1.243,      0.267,     -0.012,     -0.155,      0.808,      3.238,      0.315
α:       3.364,      2.599,      2.037,      0.056,      2.091,      2.475,      4.711,      2.068,      0.250,      8.127,      0.179,      2.867,      1.811,     -0.322,     -5.714,     -0.541,     -1.250,     -0.461,     -1.046,      0.002,      1.246,      0.269,     -0.015,     -0.149,      0.785,      3.241,      0.322
α:       3.387,      2.596,      2.033,      0.046,      2.087,      2.480,      4.651,      2.042,      0.252,      8.151,      0.180,      2.860,      1.800,     -0.326,     -5.685,     -0.550,     -1.240,     -0.464,     -1.051,     -0.009,      1.229,      0.268,     -0.013,     -0.151,      0.801,      3.247,      0.322
    LP MI:       50.6307
   SLR MI:      316.5069
SLR_LP MI:      316.5044
    LP R2:        0.5558
    LR R2:        0.8865
   SLR R2:        0.8861
 LR_LP R2:        0.8868
SLR_LP R2:        0.8864
