 0.124,      0.114,      0.080,     -1.478,     -0.185,      1.270
 0.478,     -0.210,      0.495,     -1.115,     -0.765,      1.080
 0.283,      0.322,      0.395,     -0.908,     -0.586,      0.944
 
 0.954,      0.095,      0.520,     -0.030,     -0.361,     -2.007
 0.948,      0.487,      0.652,     -0.423,     -0.546,     -1.217
 0.614,      0.107,      0.405,     -0.164,     -0.347,     -0.945
 
 0.580,      0.428,      0.025,      0.072,      2.226,      0.073
 0.608,      0.775,      0.378,      0.462,      1.245,      0.510
 0.690,      0.632,      0.341,     -0.374,      0.926,      0.520
 
 0.821,      0.222,      0.652,     -0.729,      0.633,      0.687
 0.834,      0.705,      0.884,     -0.695,     -0.149,      0.783
 
 0.595,      0.419,      0.673,     -0.028,      0.628,     -0.154
 0.922,     -0.399,      1.027,      0.562,     -0.095,     -0.802
 
 0.980,      0.941,      0.530,      1.098,      0.644,      1.297
-1.865,      1.000,      0.989,     -0.594,     -0.693,      1.022

 0.531,      0.967,      0.054,      0.452,     -0.547,      0.968
-3.030,      1.412,     -2.878,      1.714,      1.882,      1.802

 0.672,      0.289,      0.441,     -1.043,     -0.746,      0.746
-0.756,      0.603,     -0.203,     -1.067,     -0.942,      0.795

 0.224,      0.275,      0.359,      0.832,     -0.451,     -0.754
 0.706,      0.755,      0.754,     -0.240,      0.355,      0.304

 0.466,      0.290,      0.533,      1.096,      0.464,     -0.649
 0.764,      0.682,      0.729,     -0.300,     -0.576,     -0.851
