α0:      0.119,      0.545,      0.330,      0.832,     -0.451,     -0.754,    β0:      1.000
α:       0.000,      0.000,      0.000,      0.000,      0.000,      0.000,    β:       1.000
α:       0.000,      0.000,      0.000,      0.000,      0.000,      0.000,    β:       1.000
α:       0.000,      0.000,      0.000,      0.000,      0.000,      0.000,    β:       1.000
α:       0.000,      0.000,      0.000,      0.000,      0.000,      0.000,    β:       1.000
α:       0.000,      0.000,      0.000,      0.000,      0.000,      0.000,    β:       1.000
α:       0.000,      0.000,      0.000,      0.000,      0.000,      0.000,    β:       1.000
α:       0.000,      0.000,      0.000,      0.000,      0.000,      0.000,    β:       1.000
α:       0.000,      0.000,      0.000,      0.000,      0.000,      0.000,    β:       1.000
α:       0.000,      0.000,      0.000,      0.000,      0.000,      0.000,    β:       1.000
α:       0.000,      0.000,      0.000,      0.000,      0.000,      0.000,    β:       1.000
α:       0.000,      0.000,      0.000,      0.000,      0.000,      0.000,    β:       1.000
α:       0.000,      0.000,      0.000,      0.000,      0.000,      0.000,    β:       1.000
α:       0.000,      0.000,      0.000,      0.000,      0.000,      0.000,    β:       1.000
α:       0.000,      0.000,      0.000,      0.000,      0.000,      0.000,    β:       1.000
α:       0.000,      0.000,      0.000,      0.000,      0.000,      0.000,    β:       1.000
α:       0.000,      0.000,      0.000,      0.000,      0.000,      0.000,    β:       1.000
α:       0.000,      0.000,      0.000,      0.000,      0.000,      0.000,    β:       1.000
α:       0.000,      0.000,      0.000,      0.000,      0.000,      0.000,    β:       1.000
α:       0.000,      0.000,      0.000,      0.000,      0.000,      0.000,    β:       1.000
α:       0.000,      0.000,      0.000,      0.000,      0.000,      0.000,    β:       1.000
α:       0.000,      0.000,      0.000,      0.000,      0.000,      0.000,    β:       1.000
α:       0.000,      0.000,      0.000,      0.000,      0.000,      0.000,    β:       1.000
α:       0.000,      0.000,      0.000,      0.000,      0.000,      0.000,    β:       1.000
α:       0.000,      0.000,      0.000,      0.000,      0.000,      0.000,    β:       1.000
α:       0.000,      0.000,      0.000,      0.000,      0.000,      0.000,    β:       1.000
α:       0.000,      0.000,      0.000,      0.000,      0.000,      0.000,    β:       1.000
α:       0.000,      0.000,      0.000,      0.000,      0.000,      0.000,    β:       1.000
α:       0.000,      0.000,      0.000,      0.000,      0.000,      0.000,    β:       1.000
α:       0.000,      0.000,      0.000,      0.000,      0.000,      0.000,    β:       1.000
α:       0.000,      0.000,      0.000,      0.000,      0.000,      0.000,    β:       1.000
α:       0.000,      0.000,      0.000,      0.000,      0.000,      0.000,    β:       1.000
α:       0.000,      0.000,      0.000,      0.000,      0.000,      0.000,    β:       1.000
α:       0.000,      0.000,      0.000,      0.000,      0.000,      0.000,    β:       1.000
α:       0.000,      0.000,      0.000,      0.000,      0.000,      0.000,    β:       1.000
α:       0.000,      0.000,      0.000,      0.000,      0.000,      0.000,    β:       1.000
α:       0.000,      0.000,      0.000,      0.000,      0.000,      0.000,    β:       1.000
α:       0.000,      0.000,      0.000,      0.000,      0.000,      0.000,    β:       1.000
α:       0.000,      0.000,      0.000,      0.000,      0.000,      0.000,    β:       1.000
α:       0.000,      0.000,      0.000,      0.000,      0.000,      0.000,    β:       1.000
α:       0.000,      0.000,      0.000,      0.000,      0.000,      0.000,    β:       1.000
α:       0.000,      0.000,      0.000,      0.000,      0.000,      0.000,    β:       1.000
α:       0.000,      0.000,      0.000,      0.000,      0.000,      0.000,    β:       1.000
α:       0.000,      0.000,      0.000,      0.000,      0.000,      0.000,    β:       1.000
α:       0.000,      0.000,      0.000,      0.000,      0.000,      0.000,    β:       1.000
α:       0.000,      0.000,      0.000,      0.000,      0.000,      0.000,    β:       1.000
α:       0.000,      0.000,      0.000,      0.000,      0.000,      0.000,    β:       1.000
α:       0.000,      0.000,      0.000,      0.000,      0.000,      0.000,    β:       1.000
α:       0.000,      0.000,      0.000,      0.000,      0.000,      0.000,    β:       1.000
α:       0.000,      0.000,      0.000,      0.000,      0.000,      0.000,    β:       1.000
α:       0.000,      0.000,      0.000,      0.000,      0.000,      0.000,    β:       1.000
α:       0.000,      0.000,      0.000,      0.000,      0.000,      0.000,    β:       1.000
α:       0.000,      0.000,      0.000,      0.000,      0.000,      0.000,    β:       1.000
α:       0.000,      0.000,      0.000,      0.000,      0.000,      0.000,    β:       1.000
α:       0.000,      0.000,      0.000,      0.000,      0.000,      0.000,    β:       1.000
α:       0.000,      0.000,      0.000,      0.000,      0.000,      0.000,    β:       1.000
α:       0.000,      0.000,      0.000,      0.000,      0.000,      0.000,    β:       1.000
α:       0.000,      0.000,      0.000,      0.000,      0.000,      0.000,    β:       1.000
α:       0.000,      0.000,      0.000,      0.000,      0.000,      0.000,    β:       1.000
α:       0.000,      0.000,      0.000,      0.000,      0.000,      0.000,    β:       1.000
α:       0.000,      0.000,      0.000,      0.000,      0.000,      0.000,    β:       1.000
α:       0.000,      0.000,      0.000,      0.000,      0.000,      0.000,    β:       1.000
α:       0.000,      0.000,      0.000,      0.000,      0.000,      0.000,    β:       1.000
α:       0.000,      0.000,      0.000,      0.000,      0.000,      0.000,    β:       1.000
α:       0.000,      0.000,      0.000,      0.000,      0.000,      0.000,    β:       1.000
α:       0.000,      0.000,      0.000,      0.000,      0.000,      0.000,    β:       1.000
α:       0.000,      0.000,      0.000,      0.000,      0.000,      0.000,    β:       1.000
α:       0.000,      0.000,      0.000,      0.000,      0.000,      0.000,    β:       1.000
α:       0.000,      0.000,      0.000,      0.000,      0.000,      0.000,    β:       1.000
α:       0.000,      0.000,      0.000,      0.000,      0.000,      0.000,    β:       1.000
α:       0.000,      0.000,      0.000,      0.000,      0.000,      0.000,    β:       1.000
α:       0.000,      0.000,      0.000,      0.000,      0.000,      0.000,    β:       1.000
α:       0.000,      0.000,      0.000,      0.000,      0.000,      0.000,    β:       1.000
α:       0.000,      0.000,      0.000,      0.000,      0.000,      0.000,    β:       1.000
α:       0.000,      0.000,      0.000,      0.000,      0.000,      0.000,    β:       1.000
α:       0.000,      0.000,      0.000,      0.000,      0.000,      0.000,    β:       1.000
α:       0.000,      0.000,      0.000,      0.000,      0.000,      0.000,    β:       1.000
α:       0.000,      0.000,      0.000,      0.000,      0.000,      0.000,    β:       1.000
α:       0.000,      0.000,      0.000,      0.000,      0.000,      0.000,    β:       1.000
α:       0.000,      0.000,      0.000,      0.000,      0.000,      0.000,    β:       1.000
α:       0.000,      0.000,      0.000,      0.000,      0.000,      0.000,    β:       1.000
α:       0.000,      0.000,      0.000,      0.000,      0.000,      0.000,    β:       1.000
α:       0.000,      0.000,      0.000,      0.000,      0.000,      0.000,    β:       1.000
α:       0.000,      0.000,      0.000,      0.000,      0.000,      0.000,    β:       1.000
α:       0.000,      0.000,      0.000,      0.000,      0.000,      0.000,    β:       1.000
α:       0.000,      0.000,      0.000,      0.000,      0.000,      0.000,    β:       1.000
α:       0.000,      0.000,      0.000,      0.000,      0.000,      0.000,    β:       1.000
α:       0.000,      0.000,      0.000,      0.000,      0.000,      0.000,    β:       1.000
α:       0.000,      0.000,      0.000,      0.000,      0.000,      0.000,    β:       1.000
α:       0.000,      0.000,      0.000,      0.000,      0.000,      0.000,    β:       1.000
α:       0.000,      0.000,      0.000,      0.000,      0.000,      0.000,    β:       1.000
α:       0.000,      0.000,      0.000,      0.000,      0.000,      0.000,    β:       1.000
α:       0.000,      0.000,      0.000,      0.000,      0.000,      0.000,    β:       1.000
α:       0.000,      0.000,      0.000,      0.000,      0.000,      0.000,    β:       1.000
α:       0.000,      0.000,      0.000,      0.000,      0.000,      0.000,    β:       1.000
α:       0.000,      0.000,      0.000,      0.000,      0.000,      0.000,    β:       1.000
α:       0.000,      0.000,      0.000,      0.000,      0.000,      0.000,    β:       1.000
α:       0.000,      0.000,      0.000,      0.000,      0.000,      0.000,    β:       1.000
α:       0.000,      0.000,      0.000,      0.000,      0.000,      0.000,    β:       1.000
α:       0.000,      0.000,      0.000,      0.000,      0.000,      0.000,    β:       1.000
α:       0.000,      0.000,      0.000,      0.000,      0.000,      0.000,    β:       1.000
α:       0.000,      0.000,      0.000,      0.000,      0.000,      0.000,    β:       1.000
α:       0.000,      0.000,      0.000,      0.000,      0.000,      0.000,    β:       1.000
α:       0.000,      0.000,      0.000,      0.000,      0.000,      0.000,    β:       1.000
α:       0.000,      0.000,      0.000,      0.000,      0.000,      0.000,    β:       1.000
α:       0.000,      0.000,      0.000,      0.000,      0.000,      0.000,    β:       1.000
α:       0.000,      0.000,      0.000,      0.000,      0.000,      0.000,    β:       1.000
α:       0.000,      0.000,      0.000,      0.000,      0.000,      0.000,    β:       1.000
α:       0.000,      0.000,      0.000,      0.000,      0.000,      0.000,    β:       1.000
α:       0.000,      0.000,      0.000,      0.000,      0.000,      0.000,    β:       1.000
α:       0.000,      0.000,      0.000,      0.000,      0.000,      0.000,    β:       1.000
α:       0.000,      0.000,      0.000,      0.000,      0.000,      0.000,    β:       1.000
α:       0.000,      0.000,      0.000,      0.000,      0.000,      0.000,    β:       1.000
α:       0.000,      0.000,      0.000,      0.000,      0.000,      0.000,    β:       1.000
α:       0.000,      0.000,      0.000,      0.000,      0.000,      0.000,    β:       1.000
α:       0.000,      0.000,      0.000,      0.000,      0.000,      0.000,    β:       1.000
α:       0.000,      0.000,      0.000,      0.000,      0.000,      0.000,    β:       1.000
α:       0.000,      0.000,      0.000,      0.000,      0.000,      0.000,    β:       1.000
α:       0.000,      0.000,      0.000,      0.000,      0.000,      0.000,    β:       1.000
α:       0.000,      0.000,      0.000,      0.000,      0.000,      0.000,    β:       1.000
α:       0.000,      0.000,      0.000,      0.000,      0.000,      0.000,    β:       1.000
α:       0.000,      0.000,      0.000,      0.000,      0.000,      0.000,    β:       1.000
α:       0.000,      0.000,      0.000,      0.000,      0.000,      0.000,    β:       1.000
α:       0.000,      0.000,      0.000,      0.000,      0.000,      0.000,    β:       1.000
α:       0.000,      0.000,      0.000,      0.000,      0.000,      0.000,    β:       1.000
α:       0.000,      0.000,      0.000,      0.000,      0.000,      0.000,    β:       1.000
α:       0.000,      0.000,      0.000,      0.000,      0.000,      0.000,    β:       1.000
α:       0.000,      0.000,      0.000,      0.000,      0.000,      0.000,    β:       1.000
α:       0.000,      0.000,      0.000,      0.000,      0.000,      0.000,    β:       1.000
α:       0.000,      0.000,      0.000,      0.000,      0.000,      0.000,    β:       1.000
α:       0.000,      0.000,      0.000,      0.000,      0.000,      0.000,    β:       1.000
α:       0.000,      0.000,      0.000,      0.000,      0.000,      0.000,    β:       1.000
α:       0.000,      0.000,      0.000,      0.000,      0.000,      0.000,    β:       1.000
α:       0.000,      0.000,      0.000,      0.000,      0.000,      0.000,    β:       1.000
α:       0.000,      0.000,      0.000,      0.000,      0.000,      0.000,    β:       1.000
α:       0.000,      0.000,      0.000,      0.000,      0.000,      0.000,    β:       1.000
α:       0.000,      0.000,      0.000,      0.000,      0.000,      0.000,    β:       1.000
α:       0.000,      0.000,      0.000,      0.000,      0.000,      0.000,    β:       1.000
α:       0.000,      0.000,      0.000,      0.000,      0.000,      0.000,    β:       1.000
α:       0.000,      0.000,      0.000,      0.000,      0.000,      0.000,    β:       1.000
α:       0.000,      0.000,      0.000,      0.000,      0.000,      0.000,    β:       1.000
α:       0.000,      0.000,      0.000,      0.000,      0.000,      0.000,    β:       1.000
α:       0.000,      0.000,      0.000,      0.000,      0.000,      0.000,    β:       1.000
α:       0.000,      0.000,      0.000,      0.000,      0.000,      0.000,    β:       1.000
α:       0.000,      0.000,      0.000,      0.000,      0.000,      0.000,    β:       1.000
α:       0.000,      0.000,      0.000,      0.000,      0.000,      0.000,    β:       1.000
α:       0.000,      0.000,      0.000,      0.000,      0.000,      0.000,    β:       1.000
α:       0.000,      0.000,      0.000,      0.000,      0.000,      0.000,    β:       1.000
α:       0.000,      0.000,      0.000,      0.000,      0.000,      0.000,    β:       1.000
α:       0.000,      0.000,      0.000,      0.000,      0.000,      0.000,    β:       1.000
α:       0.000,      0.000,      0.000,      0.000,      0.000,      0.000,    β:       1.000
α:       0.013,      0.021,      0.024,      0.016,     -0.016,     -0.014,    β:       1.000
α:       0.027,      0.036,      0.034,      0.031,     -0.023,     -0.025,    β:       1.000
α:       0.037,      0.056,      0.046,      0.048,     -0.034,     -0.038,    β:       1.000
α:       0.046,      0.072,      0.058,      0.059,     -0.047,     -0.050,    β:       1.000
α:       0.057,      0.083,      0.065,      0.072,     -0.058,     -0.059,    β:       1.000
α:       0.070,      0.088,      0.076,      0.081,     -0.066,     -0.067,    β:       1.000
α:       0.074,      0.104,      0.078,      0.091,     -0.073,     -0.075,    β:       1.000
α:       0.086,      0.111,      0.089,      0.103,     -0.084,     -0.084,    β:       1.000
α:       0.096,      0.122,      0.099,      0.112,     -0.093,     -0.093,    β:       1.000
α:       0.101,      0.126,      0.107,      0.121,     -0.101,     -0.099,    β:       1.000
α:       0.107,      0.135,      0.113,      0.131,     -0.106,     -0.106,    β:       1.000
α:       0.115,      0.141,      0.117,      0.138,     -0.111,     -0.113,    β:       1.000
α:       0.120,      0.148,      0.124,      0.145,     -0.119,     -0.118,    β:       1.000
α:       0.126,      0.153,      0.131,      0.152,     -0.127,     -0.125,    β:       1.000
α:       0.132,      0.159,      0.140,      0.159,     -0.134,     -0.131,    β:       1.000
α:       0.136,      0.169,      0.145,      0.168,     -0.140,     -0.137,    β:       1.000
α:       0.140,      0.177,      0.152,      0.175,     -0.146,     -0.143,    β:       1.000
α:       0.142,      0.183,      0.158,      0.182,     -0.151,     -0.149,    β:       1.000
α:       0.147,      0.189,      0.165,      0.187,     -0.158,     -0.156,    β:       1.000
α:       0.157,      0.195,      0.166,      0.195,     -0.166,     -0.163,    β:       1.000
α:       0.158,      0.200,      0.171,      0.203,     -0.171,     -0.170,    β:       1.000
α:       0.157,      0.203,      0.177,      0.208,     -0.175,     -0.175,    β:       1.000
α:       0.162,      0.207,      0.180,      0.216,     -0.182,     -0.180,    β:       1.000
α:       0.167,      0.212,      0.186,      0.220,     -0.189,     -0.186,    β:       1.000
α:       0.171,      0.215,      0.192,      0.226,     -0.194,     -0.190,    β:       1.000
α:       0.176,      0.221,      0.198,      0.233,     -0.199,     -0.197,    β:       1.000
α:       0.175,      0.222,      0.201,      0.237,     -0.204,     -0.200,    β:       1.000
α:       0.178,      0.228,      0.202,      0.244,     -0.208,     -0.206,    β:       1.000
α:       0.183,      0.235,      0.208,      0.251,     -0.215,     -0.212,    β:       1.000
α:       0.187,      0.237,      0.209,      0.255,     -0.219,     -0.217,    β:       1.000
α:       0.187,      0.242,      0.213,      0.261,     -0.223,     -0.222,    β:       1.000
α:       0.193,      0.247,      0.216,      0.268,     -0.229,     -0.228,    β:       1.000
α:       0.197,      0.249,      0.221,      0.273,     -0.235,     -0.232,    β:       1.000
α:       0.202,      0.252,      0.222,      0.279,     -0.238,     -0.237,    β:       1.000
α:       0.206,      0.257,      0.226,      0.283,     -0.242,     -0.241,    β:       1.000
α:       0.210,      0.260,      0.228,      0.289,     -0.245,     -0.246,    β:       1.000
α:       0.214,      0.261,      0.235,      0.294,     -0.250,     -0.250,    β:       1.000
α:       0.217,      0.264,      0.237,      0.299,     -0.255,     -0.252,    β:       1.000
α:       0.219,      0.269,      0.237,      0.304,     -0.257,     -0.256,    β:       1.000
α:       0.220,      0.273,      0.244,      0.308,     -0.263,     -0.262,    β:       1.000
α:       0.227,      0.277,      0.247,      0.314,     -0.268,     -0.267,    β:       1.000
α:       0.228,      0.282,      0.252,      0.318,     -0.271,     -0.272,    β:       1.000
α:       0.232,      0.283,      0.253,      0.323,     -0.276,     -0.275,    β:       1.000
α:       0.236,      0.286,      0.256,      0.328,     -0.280,     -0.279,    β:       1.000
α:       0.238,      0.288,      0.258,      0.330,     -0.283,     -0.281,    β:       1.000
α:       0.237,      0.291,      0.259,      0.334,     -0.288,     -0.285,    β:       1.000
α:       0.244,      0.292,      0.262,      0.338,     -0.292,     -0.286,    β:       1.000
α:       0.246,      0.294,      0.264,      0.342,     -0.296,     -0.290,    β:       1.000
α:       0.248,      0.296,      0.268,      0.346,     -0.299,     -0.294,    β:       1.000
α:       0.250,      0.300,      0.269,      0.349,     -0.302,     -0.297,    β:       1.000
α:       0.254,      0.304,      0.272,      0.354,     -0.305,     -0.302,    β:       1.000
α:       0.255,      0.306,      0.277,      0.358,     -0.309,     -0.305,    β:       1.000
α:       0.256,      0.309,      0.279,      0.362,     -0.311,     -0.307,    β:       1.000
α:       0.259,      0.313,      0.282,      0.366,     -0.315,     -0.311,    β:       1.000
α:       0.261,      0.318,      0.285,      0.369,     -0.319,     -0.314,    β:       1.000
α:       0.261,      0.319,      0.289,      0.373,     -0.322,     -0.317,    β:       1.000
α:       0.263,      0.325,      0.290,      0.376,     -0.327,     -0.320,    β:       1.000
α:       0.265,      0.326,      0.295,      0.380,     -0.331,     -0.325,    β:       1.000
α:       0.269,      0.329,      0.296,      0.386,     -0.335,     -0.326,    β:       1.000
α:       0.268,      0.332,      0.298,      0.389,     -0.338,     -0.330,    β:       1.000
α:       0.273,      0.335,      0.300,      0.393,     -0.341,     -0.333,    β:       1.000
α:       0.274,      0.336,      0.302,      0.396,     -0.344,     -0.336,    β:       1.000
α:       0.279,      0.339,      0.304,      0.400,     -0.348,     -0.339,    β:       1.000
α:       0.280,      0.342,      0.308,      0.404,     -0.350,     -0.341,    β:       1.000
α:       0.284,      0.344,      0.310,      0.408,     -0.353,     -0.344,    β:       1.000
α:       0.284,      0.347,      0.311,      0.410,     -0.356,     -0.347,    β:       1.000
α:       0.288,      0.349,      0.313,      0.413,     -0.361,     -0.350,    β:       1.000
α:       0.292,      0.352,      0.315,      0.417,     -0.364,     -0.353,    β:       1.000
α:       0.294,      0.355,      0.318,      0.420,     -0.367,     -0.356,    β:       1.000
α:       0.294,      0.356,      0.319,      0.425,     -0.370,     -0.360,    β:       1.000
α:       0.299,      0.357,      0.321,      0.429,     -0.373,     -0.362,    β:       1.000
α:       0.302,      0.359,      0.322,      0.430,     -0.376,     -0.365,    β:       1.000
α:       0.303,      0.361,      0.323,      0.434,     -0.378,     -0.369,    β:       1.000
α:       0.302,      0.364,      0.325,      0.437,     -0.380,     -0.372,    β:       1.000
α:       0.307,      0.368,      0.325,      0.442,     -0.383,     -0.375,    β:       1.000
α:       0.306,      0.370,      0.327,      0.444,     -0.386,     -0.379,    β:       1.000
α:       0.308,      0.372,      0.327,      0.447,     -0.389,     -0.381,    β:       1.000
α:       0.308,      0.373,      0.330,      0.450,     -0.390,     -0.383,    β:       1.000
α:       0.310,      0.374,      0.331,      0.454,     -0.393,     -0.386,    β:       1.000
α:       0.314,      0.376,      0.332,      0.457,     -0.396,     -0.390,    β:       1.000
α:       0.313,      0.378,      0.333,      0.459,     -0.399,     -0.393,    β:       1.000
α:       0.317,      0.383,      0.336,      0.463,     -0.403,     -0.396,    β:       1.000
α:       0.321,      0.385,      0.337,      0.467,     -0.405,     -0.399,    β:       1.000
α:       0.321,      0.388,      0.340,      0.469,     -0.407,     -0.401,    β:       1.000
α:       0.323,      0.388,      0.341,      0.471,     -0.409,     -0.402,    β:       1.000
α:       0.324,      0.392,      0.344,      0.474,     -0.412,     -0.405,    β:       1.000
α:       0.326,      0.393,      0.347,      0.477,     -0.414,     -0.408,    β:       1.000
α:       0.328,      0.394,      0.348,      0.481,     -0.416,     -0.410,    β:       1.000
α:       0.332,      0.393,      0.349,      0.484,     -0.419,     -0.413,    β:       1.000
α:       0.334,      0.398,      0.350,      0.487,     -0.423,     -0.415,    β:       1.000
α:       0.333,      0.399,      0.352,      0.490,     -0.426,     -0.419,    β:       1.000
α:       0.337,      0.403,      0.350,      0.494,     -0.428,     -0.421,    β:       1.000
α:       0.338,      0.406,      0.354,      0.496,     -0.430,     -0.424,    β:       1.000
α:       0.340,      0.407,      0.355,      0.499,     -0.432,     -0.426,    β:       1.000
α:       0.341,      0.407,      0.356,      0.502,     -0.434,     -0.428,    β:       1.000
α:       0.342,      0.411,      0.357,      0.505,     -0.436,     -0.432,    β:       1.000
α:       0.343,      0.413,      0.359,      0.508,     -0.438,     -0.435,    β:       1.000
α:       0.345,      0.417,      0.359,      0.511,     -0.440,     -0.437,    β:       1.000
α:       0.348,      0.419,      0.361,      0.514,     -0.443,     -0.439,    β:       1.000
α:       0.351,      0.423,      0.364,      0.517,     -0.446,     -0.442,    β:       1.000
α:       0.349,      0.424,      0.365,      0.518,     -0.449,     -0.444,    β:       1.000
α:       0.351,      0.425,      0.366,      0.521,     -0.451,     -0.447,    β:       1.000
α:       0.352,      0.428,      0.368,      0.524,     -0.453,     -0.449,    β:       1.000
α:       0.353,      0.428,      0.369,      0.526,     -0.456,     -0.452,    β:       1.000
α:       0.353,      0.429,      0.368,      0.529,     -0.458,     -0.453,    β:       1.000
α:       0.355,      0.432,      0.370,      0.532,     -0.462,     -0.456,    β:       1.000
α:       0.356,      0.433,      0.372,      0.534,     -0.465,     -0.457,    β:       1.000
α:       0.355,      0.436,      0.374,      0.537,     -0.467,     -0.460,    β:       1.000
α:       0.356,      0.438,      0.377,      0.540,     -0.469,     -0.462,    β:       1.000
α:       0.357,      0.440,      0.378,      0.542,     -0.472,     -0.464,    β:       1.000
α:       0.357,      0.441,      0.380,      0.544,     -0.474,     -0.465,    β:       1.000
α:       0.358,      0.442,      0.384,      0.546,     -0.476,     -0.468,    β:       1.000
α:       0.359,      0.442,      0.384,      0.549,     -0.479,     -0.470,    β:       1.000
α:       0.362,      0.443,      0.384,      0.552,     -0.480,     -0.472,    β:       1.000
α:       0.361,      0.445,      0.387,      0.554,     -0.481,     -0.474,    β:       1.000
α:       0.363,      0.447,      0.388,      0.557,     -0.484,     -0.477,    β:       1.000
α:       0.365,      0.449,      0.389,      0.559,     -0.487,     -0.479,    β:       1.000
α:       0.367,      0.451,      0.393,      0.561,     -0.489,     -0.481,    β:       1.000
α:       0.368,      0.452,      0.393,      0.564,     -0.492,     -0.483,    β:       1.000
α:       0.368,      0.453,      0.394,      0.565,     -0.495,     -0.485,    β:       1.000
α:       0.369,      0.454,      0.397,      0.568,     -0.498,     -0.487,    β:       1.000
α:       0.368,      0.456,      0.400,      0.571,     -0.501,     -0.489,    β:       1.000
α:       0.369,      0.457,      0.402,      0.573,     -0.503,     -0.492,    β:       1.000
α:       0.371,      0.460,      0.403,      0.576,     -0.505,     -0.493,    β:       1.000
α:       0.372,      0.462,      0.405,      0.577,     -0.506,     -0.495,    β:       1.000
α:       0.372,      0.463,      0.406,      0.580,     -0.509,     -0.497,    β:       1.000
α:       0.374,      0.464,      0.409,      0.581,     -0.510,     -0.497,    β:       1.000
α:       0.378,      0.465,      0.410,      0.584,     -0.512,     -0.500,    β:       1.000
α:       0.378,      0.469,      0.411,      0.586,     -0.514,     -0.502,    β:       1.000
α:       0.379,      0.469,      0.412,      0.589,     -0.516,     -0.504,    β:       1.000
α:       0.380,      0.470,      0.413,      0.591,     -0.518,     -0.506,    β:       1.000
α:       0.382,      0.470,      0.412,      0.593,     -0.520,     -0.507,    β:       1.000
α:       0.382,      0.471,      0.415,      0.596,     -0.522,     -0.509,    β:       1.000
α:       0.384,      0.473,      0.417,      0.598,     -0.524,     -0.512,    β:       1.000
α:       0.385,      0.474,      0.420,      0.599,     -0.526,     -0.514,    β:       1.000
α:       0.386,      0.474,      0.421,      0.601,     -0.527,     -0.515,    β:       1.000
α:       0.386,      0.475,      0.421,      0.603,     -0.529,     -0.516,    β:       1.000
α:       0.388,      0.478,      0.422,      0.606,     -0.531,     -0.519,    β:       1.000
α:       0.390,      0.479,      0.425,      0.609,     -0.534,     -0.521,    β:       1.000
α:       0.391,      0.480,      0.425,      0.611,     -0.536,     -0.522,    β:       1.000
α:       0.391,      0.483,      0.428,      0.613,     -0.538,     -0.524,    β:       1.000
α:       0.394,      0.483,      0.429,      0.615,     -0.540,     -0.527,    β:       1.000
α:       0.394,      0.484,      0.431,      0.617,     -0.542,     -0.528,    β:       1.000
α:       0.397,      0.485,      0.432,      0.619,     -0.544,     -0.529,    β:       1.000
α:       0.397,      0.487,      0.434,      0.621,     -0.546,     -0.532,    β:       1.000
α:       0.399,      0.489,      0.434,      0.623,     -0.548,     -0.533,    β:       1.000
α:       0.399,      0.489,      0.435,      0.625,     -0.549,     -0.535,    β:       1.000
α:       0.401,      0.491,      0.436,      0.627,     -0.551,     -0.536,    β:       1.000
α:       0.401,      0.492,      0.438,      0.629,     -0.553,     -0.538,    β:       1.000
α:       0.403,      0.493,      0.438,      0.631,     -0.555,     -0.541,    β:       1.000
α:       0.403,      0.494,      0.440,      0.633,     -0.556,     -0.543,    β:       1.000
α:       0.403,      0.495,      0.440,      0.635,     -0.558,     -0.545,    β:       1.000
α:       0.404,      0.498,      0.442,      0.637,     -0.561,     -0.547,    β:       1.000
α:       0.406,      0.499,      0.445,      0.639,     -0.562,     -0.549,    β:       1.000
α:       0.408,      0.499,      0.446,      0.641,     -0.564,     -0.550,    β:       1.000
α:       0.408,      0.500,      0.447,      0.643,     -0.566,     -0.552,    β:       1.000
α:       0.410,      0.500,      0.446,      0.644,     -0.568,     -0.553,    β:       1.000
α:       0.410,      0.500,      0.449,      0.646,     -0.570,     -0.555,    β:       1.000
α:       0.413,      0.501,      0.448,      0.648,     -0.572,     -0.556,    β:       1.000
α:       0.413,      0.502,      0.450,      0.651,     -0.573,     -0.558,    β:       1.000
α:       0.415,      0.504,      0.451,      0.653,     -0.575,     -0.561,    β:       1.000
α:       0.417,      0.505,      0.449,      0.655,     -0.576,     -0.562,    β:       1.000
α:       0.418,      0.505,      0.450,      0.658,     -0.579,     -0.564,    β:       1.000
α:       0.417,      0.506,      0.452,      0.659,     -0.581,     -0.566,    β:       1.000
α:       0.420,      0.508,      0.453,      0.661,     -0.583,     -0.568,    β:       1.000
α:       0.419,      0.508,      0.453,      0.663,     -0.585,     -0.569,    β:       1.000
α:       0.420,      0.509,      0.455,      0.664,     -0.586,     -0.571,    β:       1.000
α:       0.419,      0.511,      0.458,      0.666,     -0.588,     -0.573,    β:       1.000
α:       0.421,      0.510,      0.459,      0.668,     -0.589,     -0.575,    β:       1.000
α:       0.421,      0.513,      0.462,      0.669,     -0.591,     -0.576,    β:       1.000
α:       0.423,      0.515,      0.463,      0.672,     -0.593,     -0.578,    β:       1.000
α:       0.424,      0.516,      0.464,      0.673,     -0.594,     -0.578,    β:       1.000
α:       0.424,      0.516,      0.464,      0.674,     -0.596,     -0.580,    β:       1.000
α:       0.425,      0.518,      0.468,      0.676,     -0.597,     -0.582,    β:       1.000
α:       0.428,      0.519,      0.468,      0.678,     -0.599,     -0.583,    β:       1.000
α:       0.427,      0.519,      0.471,      0.679,     -0.600,     -0.585,    β:       1.000
α:       0.431,      0.522,      0.470,      0.681,     -0.600,     -0.586,    β:       1.000
α:       0.431,      0.522,      0.471,      0.682,     -0.602,     -0.589,    β:       1.000
α:       0.433,      0.524,      0.473,      0.685,     -0.604,     -0.591,    β:       1.000
α:       0.432,      0.524,      0.472,      0.686,     -0.606,     -0.591,    β:       1.000
α:       0.435,      0.526,      0.473,      0.689,     -0.607,     -0.593,    β:       1.000
α:       0.436,      0.525,      0.473,      0.690,     -0.609,     -0.594,    β:       1.000
α:       0.438,      0.527,      0.475,      0.692,     -0.610,     -0.596,    β:       1.000
α:       0.439,      0.527,      0.477,      0.694,     -0.612,     -0.598,    β:       1.000
α:       0.442,      0.529,      0.480,      0.696,     -0.614,     -0.599,    β:       1.000
α:       0.443,      0.530,      0.482,      0.697,     -0.615,     -0.601,    β:       1.000
α:       0.442,      0.531,      0.483,      0.699,     -0.617,     -0.603,    β:       1.000
α:       0.442,      0.533,      0.485,      0.702,     -0.619,     -0.605,    β:       1.000
α:       0.442,      0.534,      0.484,      0.703,     -0.620,     -0.606,    β:       1.000
α:       0.443,      0.534,      0.486,      0.705,     -0.621,     -0.607,    β:       1.000
α:       0.444,      0.536,      0.488,      0.707,     -0.622,     -0.608,    β:       1.000
α:       0.443,      0.537,      0.488,      0.710,     -0.624,     -0.610,    β:       1.000
α:       0.444,      0.539,      0.490,      0.712,     -0.624,     -0.611,    β:       1.000
α:       0.445,      0.541,      0.489,      0.714,     -0.626,     -0.613,    β:       1.000
α:       0.447,      0.542,      0.489,      0.715,     -0.627,     -0.613,    β:       1.000
α:       0.446,      0.543,      0.491,      0.717,     -0.628,     -0.614,    β:       1.000
α:       0.448,      0.544,      0.492,      0.719,     -0.630,     -0.615,    β:       1.000
α:       0.450,      0.544,      0.492,      0.721,     -0.631,     -0.616,    β:       1.000
α:       0.450,      0.546,      0.493,      0.722,     -0.634,     -0.618,    β:       1.000
α:       0.453,      0.546,      0.495,      0.723,     -0.636,     -0.619,    β:       1.000
α:       0.455,      0.548,      0.494,      0.726,     -0.637,     -0.621,    β:       1.000
α:       0.454,      0.549,      0.495,      0.727,     -0.639,     -0.622,    β:       1.000
α:       0.454,      0.552,      0.498,      0.728,     -0.641,     -0.624,    β:       1.000
α:       0.453,      0.553,      0.498,      0.730,     -0.643,     -0.626,    β:       1.000
α:       0.453,      0.553,      0.499,      0.732,     -0.644,     -0.626,    β:       1.000
α:       0.452,      0.554,      0.501,      0.733,     -0.646,     -0.628,    β:       1.000
α:       0.454,      0.556,      0.502,      0.735,     -0.647,     -0.629,    β:       1.000
α:       0.452,      0.558,      0.502,      0.737,     -0.649,     -0.630,    β:       1.000
α:       0.454,      0.560,      0.503,      0.739,     -0.650,     -0.632,    β:       1.000
α:       0.454,      0.560,      0.505,      0.741,     -0.651,     -0.634,    β:       1.000
α:       0.455,      0.561,      0.505,      0.742,     -0.652,     -0.636,    β:       1.000
α:       0.457,      0.562,      0.506,      0.744,     -0.653,     -0.636,    β:       1.000
α:       0.457,      0.563,      0.508,      0.745,     -0.654,     -0.637,    β:       1.000
α:       0.459,      0.564,      0.510,      0.746,     -0.656,     -0.638,    β:       1.000
α:       0.458,      0.566,      0.511,      0.748,     -0.657,     -0.640,    β:       1.000
α:       0.460,      0.567,      0.511,      0.750,     -0.658,     -0.641,    β:       1.000
α:       0.461,      0.570,      0.513,      0.751,     -0.660,     -0.643,    β:       1.000
α:       0.462,      0.571,      0.515,      0.752,     -0.661,     -0.644,    β:       1.000
α:       0.463,      0.573,      0.516,      0.754,     -0.663,     -0.645,    β:       1.000
α:       0.463,      0.573,      0.516,      0.755,     -0.664,     -0.647,    β:       1.000
α:       0.464,      0.574,      0.516,      0.756,     -0.666,     -0.648,    β:       1.000
α:       0.463,      0.575,      0.518,      0.757,     -0.667,     -0.649,    β:       1.000
α:       0.464,      0.576,      0.519,      0.758,     -0.669,     -0.650,    β:       1.000
α:       0.463,      0.577,      0.519,      0.760,     -0.670,     -0.651,    β:       1.000
α:       0.465,      0.578,      0.518,      0.762,     -0.671,     -0.653,    β:       1.000
α:       0.465,      0.580,      0.520,      0.763,     -0.672,     -0.654,    β:       1.000
α:       0.467,      0.582,      0.522,      0.765,     -0.674,     -0.655,    β:       1.000
α:       0.467,      0.582,      0.524,      0.766,     -0.676,     -0.657,    β:       1.000
α:       0.469,      0.584,      0.524,      0.768,     -0.677,     -0.658,    β:       1.000
α:       0.470,      0.583,      0.525,      0.770,     -0.678,     -0.659,    β:       1.000
α:       0.472,      0.585,      0.525,      0.771,     -0.680,     -0.660,    β:       1.000
α:       0.471,      0.586,      0.526,      0.772,     -0.681,     -0.661,    β:       1.000
α:       0.473,      0.587,      0.528,      0.774,     -0.683,     -0.663,    β:       1.000
α:       0.474,      0.587,      0.528,      0.775,     -0.683,     -0.663,    β:       1.000
α:       0.474,      0.587,      0.529,      0.776,     -0.684,     -0.665,    β:       1.000
α:       0.474,      0.587,      0.530,      0.778,     -0.685,     -0.666,    β:       1.000
α:       0.475,      0.590,      0.531,      0.779,     -0.686,     -0.667,    β:       1.000
α:       0.475,      0.590,      0.531,      0.781,     -0.687,     -0.669,    β:       1.000
α:       0.474,      0.591,      0.532,      0.782,     -0.688,     -0.670,    β:       1.000
α:       0.476,      0.592,      0.531,      0.783,     -0.690,     -0.672,    β:       1.000
α:       0.476,      0.593,      0.533,      0.784,     -0.691,     -0.673,    β:       1.000
α:       0.477,      0.595,      0.535,      0.786,     -0.692,     -0.674,    β:       1.000
α:       0.479,      0.595,      0.536,      0.788,     -0.694,     -0.676,    β:       1.000
α:       0.479,      0.596,      0.537,      0.790,     -0.695,     -0.678,    β:       1.000
α:       0.481,      0.598,      0.538,      0.791,     -0.696,     -0.679,    β:       1.000
α:       0.480,      0.600,      0.541,      0.793,     -0.697,     -0.680,    β:       1.000
α:       0.480,      0.601,      0.540,      0.794,     -0.698,     -0.681,    β:       1.000
α:       0.479,      0.602,      0.541,      0.795,     -0.699,     -0.683,    β:       1.000
α:       0.480,      0.602,      0.542,      0.797,     -0.700,     -0.684,    β:       1.000
α:       0.481,      0.603,      0.543,      0.799,     -0.701,     -0.686,    β:       1.000
α:       0.481,      0.603,      0.545,      0.801,     -0.703,     -0.687,    β:       1.000
α:       0.481,      0.604,      0.545,      0.802,     -0.703,     -0.688,    β:       1.000
α:       0.483,      0.604,      0.546,      0.804,     -0.705,     -0.690,    β:       1.000
α:       0.482,      0.606,      0.545,      0.805,     -0.706,     -0.690,    β:       1.000
α:       0.484,      0.606,      0.547,      0.806,     -0.708,     -0.691,    β:       1.000
α:       0.485,      0.607,      0.547,      0.808,     -0.709,     -0.693,    β:       1.000
α:       0.485,      0.610,      0.546,      0.809,     -0.710,     -0.694,    β:       1.000
α:       0.486,      0.610,      0.547,      0.811,     -0.711,     -0.695,    β:       1.000
α:       0.487,      0.609,      0.548,      0.813,     -0.713,     -0.696,    β:       1.000
α:       0.488,      0.610,      0.548,      0.813,     -0.713,     -0.698,    β:       1.000
α:       0.489,      0.610,      0.549,      0.815,     -0.715,     -0.699,    β:       1.000
α:       0.489,      0.612,      0.549,      0.816,     -0.716,     -0.700,    β:       1.000
α:       0.490,      0.612,      0.550,      0.817,     -0.717,     -0.702,    β:       1.000
α:       0.491,      0.613,      0.550,      0.819,     -0.719,     -0.703,    β:       1.000
α:       0.492,      0.616,      0.550,      0.821,     -0.719,     -0.704,    β:       1.000
α:       0.492,      0.616,      0.550,      0.822,     -0.721,     -0.706,    β:       1.000
α:       0.492,      0.616,      0.552,      0.824,     -0.722,     -0.707,    β:       1.000
α:       0.496,      0.616,      0.552,      0.825,     -0.724,     -0.708,    β:       1.000
α:       0.495,      0.617,      0.552,      0.826,     -0.724,     -0.709,    β:       1.000
α:       0.497,      0.619,      0.552,      0.828,     -0.726,     -0.710,    β:       1.000
α:       0.497,      0.620,      0.553,      0.830,     -0.727,     -0.711,    β:       1.000
α:       0.498,      0.621,      0.554,      0.831,     -0.729,     -0.712,    β:       1.000
α:       0.499,      0.622,      0.555,      0.833,     -0.730,     -0.714,    β:       1.000
α:       0.499,      0.623,      0.556,      0.834,     -0.731,     -0.715,    β:       1.000
α:       0.499,      0.624,      0.559,      0.835,     -0.732,     -0.717,    β:       1.000
α:       0.500,      0.624,      0.560,      0.837,     -0.734,     -0.718,    β:       1.000
α:       0.500,      0.625,      0.560,      0.838,     -0.735,     -0.719,    β:       1.000
α:       0.501,      0.627,      0.561,      0.839,     -0.737,     -0.720,    β:       1.000
α:       0.503,      0.626,      0.560,      0.841,     -0.738,     -0.721,    β:       1.000
α:       0.503,      0.627,      0.562,      0.842,     -0.739,     -0.722,    β:       1.000
α:       0.505,      0.627,      0.563,      0.844,     -0.741,     -0.723,    β:       1.000
α:       0.504,      0.628,      0.565,      0.845,     -0.742,     -0.724,    β:       1.000
α:       0.505,      0.629,      0.566,      0.846,     -0.743,     -0.725,    β:       1.000
α:       0.505,      0.630,      0.565,      0.847,     -0.743,     -0.726,    β:       1.000
α:       0.505,      0.629,      0.566,      0.848,     -0.744,     -0.727,    β:       1.000
α:       0.506,      0.630,      0.567,      0.849,     -0.744,     -0.727,    β:       1.000
α:       0.505,      0.631,      0.567,      0.850,     -0.746,     -0.729,    β:       1.000
α:       0.505,      0.633,      0.569,      0.851,     -0.747,     -0.730,    β:       1.000
α:       0.506,      0.634,      0.569,      0.853,     -0.748,     -0.731,    β:       1.000
α:       0.506,      0.635,      0.571,      0.853,     -0.749,     -0.732,    β:       1.000
α:       0.507,      0.636,      0.572,      0.855,     -0.750,     -0.733,    β:       1.000
α:       0.508,      0.635,      0.572,      0.856,     -0.750,     -0.734,    β:       1.000
α:       0.508,      0.636,      0.573,      0.857,     -0.752,     -0.736,    β:       1.000
α:       0.508,      0.637,      0.574,      0.859,     -0.752,     -0.737,    β:       1.000
α:       0.509,      0.637,      0.575,      0.859,     -0.753,     -0.737,    β:       1.000
α:       0.507,      0.637,      0.577,      0.860,     -0.754,     -0.738,    β:       1.000
α:       0.507,      0.638,      0.576,      0.862,     -0.754,     -0.739,    β:       1.000
α:       0.508,      0.639,      0.577,      0.863,     -0.754,     -0.740,    β:       1.000
α:       0.509,      0.640,      0.577,      0.864,     -0.755,     -0.740,    β:       1.000
α:       0.508,      0.639,      0.578,      0.865,     -0.756,     -0.742,    β:       1.000
α:       0.509,      0.640,      0.580,      0.866,     -0.758,     -0.743,    β:       1.000
α:       0.509,      0.640,      0.581,      0.868,     -0.759,     -0.743,    β:       1.000
α:       0.508,      0.640,      0.583,      0.870,     -0.759,     -0.744,    β:       1.000
α:       0.509,      0.641,      0.583,      0.870,     -0.760,     -0.745,    β:       1.000
α:       0.509,      0.642,      0.583,      0.872,     -0.761,     -0.746,    β:       1.000
α:       0.509,      0.642,      0.585,      0.873,     -0.761,     -0.747,    β:       1.000
α:       0.510,      0.642,      0.585,      0.875,     -0.762,     -0.749,    β:       1.000
α:       0.510,      0.644,      0.586,      0.876,     -0.763,     -0.749,    β:       1.000
α:       0.509,      0.645,      0.586,      0.877,     -0.764,     -0.750,    β:       1.000
α:       0.511,      0.646,      0.588,      0.879,     -0.765,     -0.752,    β:       1.000
α:       0.512,      0.646,      0.587,      0.881,     -0.766,     -0.753,    β:       1.000
α:       0.515,      0.645,      0.589,      0.882,     -0.767,     -0.754,    β:       1.000
α:       0.514,      0.646,      0.589,      0.883,     -0.769,     -0.754,    β:       1.000
α:       0.516,      0.647,      0.589,      0.884,     -0.769,     -0.755,    β:       1.000
α:       0.515,      0.648,      0.590,      0.885,     -0.770,     -0.756,    β:       1.000
α:       0.516,      0.649,      0.591,      0.886,     -0.771,     -0.757,    β:       1.000
α:       0.515,      0.649,      0.590,      0.887,     -0.771,     -0.757,    β:       1.000
α:       0.517,      0.650,      0.590,      0.888,     -0.772,     -0.758,    β:       1.000
α:       0.517,      0.650,      0.590,      0.889,     -0.773,     -0.759,    β:       1.000
α:       0.517,      0.651,      0.589,      0.890,     -0.773,     -0.759,    β:       1.000
α:       0.517,      0.653,      0.589,      0.891,     -0.775,     -0.760,    β:       1.000
α:       0.518,      0.654,      0.590,      0.893,     -0.776,     -0.760,    β:       1.000
α:       0.518,      0.655,      0.592,      0.894,     -0.777,     -0.762,    β:       1.000
α:       0.519,      0.655,      0.592,      0.895,     -0.779,     -0.762,    β:       1.000
α:       0.520,      0.655,      0.594,      0.896,     -0.779,     -0.763,    β:       1.000
α:       0.522,      0.656,      0.594,      0.898,     -0.780,     -0.765,    β:       1.000
α:       0.520,      0.656,      0.594,      0.899,     -0.781,     -0.765,    β:       1.000
α:       0.522,      0.657,      0.594,      0.900,     -0.782,     -0.767,    β:       1.000
α:       0.521,      0.658,      0.594,      0.901,     -0.784,     -0.768,    β:       1.000
α:       0.522,      0.659,      0.595,      0.902,     -0.784,     -0.768,    β:       1.000
α:       0.522,      0.659,      0.596,      0.903,     -0.785,     -0.770,    β:       1.000
α:       0.523,      0.661,      0.596,      0.905,     -0.786,     -0.771,    β:       1.000
α:       0.522,      0.661,      0.597,      0.905,     -0.787,     -0.773,    β:       1.000
α:       0.524,      0.661,      0.598,      0.906,     -0.788,     -0.774,    β:       1.000
α:       0.525,      0.663,      0.598,      0.907,     -0.789,     -0.774,    β:       1.000
α:       0.527,      0.663,      0.598,      0.907,     -0.791,     -0.775,    β:       1.000
α:       0.527,      0.663,      0.600,      0.908,     -0.792,     -0.777,    β:       1.000
α:       0.527,      0.664,      0.600,      0.910,     -0.793,     -0.778,    β:       1.000
α:       0.526,      0.664,      0.601,      0.911,     -0.794,     -0.779,    β:       1.000
α:       0.526,      0.665,      0.602,      0.912,     -0.795,     -0.780,    β:       1.000
α:       0.528,      0.667,      0.602,      0.913,     -0.796,     -0.781,    β:       1.000
α:       0.527,      0.667,      0.604,      0.914,     -0.796,     -0.782,    β:       1.000
α:       0.527,      0.666,      0.604,      0.915,     -0.798,     -0.782,    β:       1.000
α:       0.527,      0.668,      0.604,      0.917,     -0.798,     -0.783,    β:       1.000
α:       0.527,      0.668,      0.604,      0.918,     -0.799,     -0.784,    β:       1.000
α:       0.529,      0.668,      0.604,      0.919,     -0.800,     -0.785,    β:       1.000
α:       0.528,      0.667,      0.605,      0.919,     -0.800,     -0.786,    β:       1.000
α:       0.531,      0.669,      0.606,      0.920,     -0.801,     -0.787,    β:       1.000
α:       0.531,      0.668,      0.606,      0.921,     -0.802,     -0.788,    β:       1.000
α:       0.531,      0.669,      0.606,      0.923,     -0.804,     -0.789,    β:       1.000
