α0:     -0.837,     -0.432,     -0.877,     -1.043,     -0.746,      0.746,    β0:      1.000
α:       0.000,      0.000,      0.000,      0.000,      0.000,      0.000,    β:       1.000
α:       0.000,      0.000,      0.000,      0.000,      0.000,      0.000,    β:       1.000
α:       0.000,      0.000,      0.000,      0.000,      0.000,      0.000,    β:       1.000
α:       0.000,      0.000,      0.000,      0.000,      0.000,      0.000,    β:       1.000
α:       0.000,      0.000,      0.000,      0.000,      0.000,      0.000,    β:       1.000
α:       0.000,      0.000,      0.000,      0.000,      0.000,      0.000,    β:       1.000
α:       0.000,      0.000,      0.000,      0.000,      0.000,      0.000,    β:       1.000
α:       0.000,      0.000,      0.000,      0.000,      0.000,      0.000,    β:       1.000
α:       0.000,      0.000,      0.000,      0.000,      0.000,      0.000,    β:       1.000
α:       0.000,      0.000,      0.000,      0.000,      0.000,      0.000,    β:       1.000
α:       0.000,      0.000,      0.000,      0.000,      0.000,      0.000,    β:       1.000
α:       0.000,      0.000,      0.000,      0.000,      0.000,      0.000,    β:       1.000
α:       0.000,      0.000,      0.000,      0.000,      0.000,      0.000,    β:       1.000
α:       0.000,      0.000,      0.000,      0.000,      0.000,      0.000,    β:       1.000
α:       0.000,      0.000,      0.000,      0.000,      0.000,      0.000,    β:       1.000
α:       0.000,      0.000,      0.000,      0.000,      0.000,      0.000,    β:       1.000
α:       0.000,      0.000,      0.000,      0.000,      0.000,      0.000,    β:       1.000
α:       0.000,      0.000,      0.000,      0.000,      0.000,      0.000,    β:       1.000
α:       0.000,      0.000,      0.000,      0.000,      0.000,      0.000,    β:       1.000
α:       0.000,      0.000,      0.000,      0.000,      0.000,      0.000,    β:       1.000
α:       0.000,      0.000,      0.000,      0.000,      0.000,      0.000,    β:       1.000
α:       0.000,      0.000,      0.000,      0.000,      0.000,      0.000,    β:       1.000
α:       0.000,      0.000,      0.000,      0.000,      0.000,      0.000,    β:       1.000
α:       0.000,      0.000,      0.000,      0.000,      0.000,      0.000,    β:       1.000
α:       0.000,      0.000,      0.000,      0.000,      0.000,      0.000,    β:       1.000
α:       0.000,      0.000,      0.000,      0.000,      0.000,      0.000,    β:       1.000
α:       0.000,      0.000,      0.000,      0.000,      0.000,      0.000,    β:       1.000
α:       0.000,      0.000,      0.000,      0.000,      0.000,      0.000,    β:       1.000
α:       0.000,      0.000,      0.000,      0.000,      0.000,      0.000,    β:       1.000
α:       0.000,      0.000,      0.000,      0.000,      0.000,      0.000,    β:       1.000
α:       0.000,      0.000,      0.000,      0.000,      0.000,      0.000,    β:       1.000
α:       0.000,      0.000,      0.000,      0.000,      0.000,      0.000,    β:       1.000
α:       0.000,      0.000,      0.000,      0.000,      0.000,      0.000,    β:       1.000
α:       0.000,      0.000,      0.000,      0.000,      0.000,      0.000,    β:       1.000
α:       0.000,      0.000,      0.000,      0.000,      0.000,      0.000,    β:       1.000
α:       0.000,      0.000,      0.000,      0.000,      0.000,      0.000,    β:       1.000
α:       0.000,      0.000,      0.000,      0.000,      0.000,      0.000,    β:       1.000
α:       0.000,      0.000,      0.000,      0.000,      0.000,      0.000,    β:       1.000
α:       0.000,      0.000,      0.000,      0.000,      0.000,      0.000,    β:       1.000
α:       0.000,      0.000,      0.000,      0.000,      0.000,      0.000,    β:       1.000
α:       0.000,      0.000,      0.000,      0.000,      0.000,      0.000,    β:       1.000
α:       0.000,      0.000,      0.000,      0.000,      0.000,      0.000,    β:       1.000
α:       0.000,      0.000,      0.000,      0.000,      0.000,      0.000,    β:       1.000
α:       0.000,      0.000,      0.000,      0.000,      0.000,      0.000,    β:       1.000
α:       0.000,      0.000,      0.000,      0.000,      0.000,      0.000,    β:       1.000
α:       0.000,      0.000,      0.000,      0.000,      0.000,      0.000,    β:       1.000
α:       0.000,      0.000,      0.000,      0.000,      0.000,      0.000,    β:       1.000
α:       0.000,      0.000,      0.000,      0.000,      0.000,      0.000,    β:       1.000
α:       0.000,      0.000,      0.000,      0.000,      0.000,      0.000,    β:       1.000
α:       0.000,      0.000,      0.000,      0.000,      0.000,      0.000,    β:       1.000
α:       0.000,      0.000,      0.000,      0.000,      0.000,      0.000,    β:       1.000
α:       0.000,      0.000,      0.000,      0.000,      0.000,      0.000,    β:       1.000
α:       0.000,      0.000,      0.000,      0.000,      0.000,      0.000,    β:       1.000
α:       0.000,      0.000,      0.000,      0.000,      0.000,      0.000,    β:       1.000
α:       0.000,      0.000,      0.000,      0.000,      0.000,      0.000,    β:       1.000
α:       0.000,      0.000,      0.000,      0.000,      0.000,      0.000,    β:       1.000
α:       0.000,      0.000,      0.000,      0.000,      0.000,      0.000,    β:       1.000
α:       0.000,      0.000,      0.000,      0.000,      0.000,      0.000,    β:       1.000
α:       0.000,      0.000,      0.000,      0.000,      0.000,      0.000,    β:       1.000
α:       0.000,      0.000,      0.000,      0.000,      0.000,      0.000,    β:       1.000
α:       0.000,      0.000,      0.000,      0.000,      0.000,      0.000,    β:       1.000
α:       0.000,      0.000,      0.000,      0.000,      0.000,      0.000,    β:       1.000
α:       0.000,      0.000,      0.000,      0.000,      0.000,      0.000,    β:       1.000
α:       0.000,      0.000,      0.000,      0.000,      0.000,      0.000,    β:       1.000
α:       0.000,      0.000,      0.000,      0.000,      0.000,      0.000,    β:       1.000
α:       0.000,      0.000,      0.000,      0.000,      0.000,      0.000,    β:       1.000
α:       0.000,      0.000,      0.000,      0.000,      0.000,      0.000,    β:       1.000
α:       0.000,      0.000,      0.000,      0.000,      0.000,      0.000,    β:       1.000
α:       0.000,      0.000,      0.000,      0.000,      0.000,      0.000,    β:       1.000
α:       0.000,      0.000,      0.000,      0.000,      0.000,      0.000,    β:       1.000
α:       0.000,      0.000,      0.000,      0.000,      0.000,      0.000,    β:       1.000
α:       0.000,      0.000,      0.000,      0.000,      0.000,      0.000,    β:       1.000
α:       0.000,      0.000,      0.000,      0.000,      0.000,      0.000,    β:       1.000
α:       0.000,      0.000,      0.000,      0.000,      0.000,      0.000,    β:       1.000
α:       0.000,      0.000,      0.000,      0.000,      0.000,      0.000,    β:       1.000
α:       0.000,      0.000,      0.000,      0.000,      0.000,      0.000,    β:       1.000
α:       0.000,      0.000,      0.000,      0.000,      0.000,      0.000,    β:       1.000
α:       0.000,      0.000,      0.000,      0.000,      0.000,      0.000,    β:       1.000
α:       0.000,      0.000,      0.000,      0.000,      0.000,      0.000,    β:       1.000
α:       0.000,      0.000,      0.000,      0.000,      0.000,      0.000,    β:       1.000
α:       0.000,      0.000,      0.000,      0.000,      0.000,      0.000,    β:       1.000
α:       0.000,      0.000,      0.000,      0.000,      0.000,      0.000,    β:       1.000
α:       0.000,      0.000,      0.000,      0.000,      0.000,      0.000,    β:       1.000
α:       0.000,      0.000,      0.000,      0.000,      0.000,      0.000,    β:       1.000
α:       0.000,      0.000,      0.000,      0.000,      0.000,      0.000,    β:       1.000
α:       0.000,      0.000,      0.000,      0.000,      0.000,      0.000,    β:       1.000
α:       0.000,      0.000,      0.000,      0.000,      0.000,      0.000,    β:       1.000
α:       0.000,      0.000,      0.000,      0.000,      0.000,      0.000,    β:       1.000
α:       0.000,      0.000,      0.000,      0.000,      0.000,      0.000,    β:       1.000
α:       0.000,      0.000,      0.000,      0.000,      0.000,      0.000,    β:       1.000
α:       0.000,      0.000,      0.000,      0.000,      0.000,      0.000,    β:       1.000
α:       0.000,      0.000,      0.000,      0.000,      0.000,      0.000,    β:       1.000
α:       0.000,      0.000,      0.000,      0.000,      0.000,      0.000,    β:       1.000
α:       0.000,      0.000,      0.000,      0.000,      0.000,      0.000,    β:       1.000
α:       0.000,      0.000,      0.000,      0.000,      0.000,      0.000,    β:       1.000
α:       0.000,      0.000,      0.000,      0.000,      0.000,      0.000,    β:       1.000
α:       0.000,      0.000,      0.000,      0.000,      0.000,      0.000,    β:       1.000
α:       0.000,      0.000,      0.000,      0.000,      0.000,      0.000,    β:       1.000
α:       0.000,      0.000,      0.000,      0.000,      0.000,      0.000,    β:       1.000
α:       0.000,      0.000,      0.000,      0.000,      0.000,      0.000,    β:       1.000
α:       0.000,      0.000,      0.000,      0.000,      0.000,      0.000,    β:       1.000
α:       0.000,      0.000,      0.000,      0.000,      0.000,      0.000,    β:       1.000
α:       0.000,      0.000,      0.000,      0.000,      0.000,      0.000,    β:       1.000
α:       0.000,      0.000,      0.000,      0.000,      0.000,      0.000,    β:       1.000
α:       0.000,      0.000,      0.000,      0.000,      0.000,      0.000,    β:       1.000
α:       0.000,      0.000,      0.000,      0.000,      0.000,      0.000,    β:       1.000
α:       0.000,      0.000,      0.000,      0.000,      0.000,      0.000,    β:       1.000
α:       0.000,      0.000,      0.000,      0.000,      0.000,      0.000,    β:       1.000
α:       0.000,      0.000,      0.000,      0.000,      0.000,      0.000,    β:       1.000
α:       0.000,      0.000,      0.000,      0.000,      0.000,      0.000,    β:       1.000
α:       0.000,      0.000,      0.000,      0.000,      0.000,      0.000,    β:       1.000
α:       0.000,      0.000,      0.000,      0.000,      0.000,      0.000,    β:       1.000
α:       0.000,      0.000,      0.000,      0.000,      0.000,      0.000,    β:       1.000
α:       0.000,      0.000,      0.000,      0.000,      0.000,      0.000,    β:       1.000
α:       0.000,      0.000,      0.000,      0.000,      0.000,      0.000,    β:       1.000
α:       0.000,      0.000,      0.000,      0.000,      0.000,      0.000,    β:       1.000
α:       0.000,      0.000,      0.000,      0.000,      0.000,      0.000,    β:       1.000
α:       0.000,      0.000,      0.000,      0.000,      0.000,      0.000,    β:       1.000
α:       0.000,      0.000,      0.000,      0.000,      0.000,      0.000,    β:       1.000
α:       0.000,      0.000,      0.000,      0.000,      0.000,      0.000,    β:       1.000
α:       0.000,      0.000,      0.000,      0.000,      0.000,      0.000,    β:       1.000
α:       0.000,      0.000,      0.000,      0.000,      0.000,      0.000,    β:       1.000
α:       0.000,      0.000,      0.000,      0.000,      0.000,      0.000,    β:       1.000
α:       0.000,      0.000,      0.000,      0.000,      0.000,      0.000,    β:       1.000
α:       0.000,      0.000,      0.000,      0.000,      0.000,      0.000,    β:       1.000
α:       0.000,      0.000,      0.000,      0.000,      0.000,      0.000,    β:       1.000
α:       0.000,      0.000,      0.000,      0.000,      0.000,      0.000,    β:       1.000
α:       0.000,      0.000,      0.000,      0.000,      0.000,      0.000,    β:       1.000
α:       0.000,      0.000,      0.000,      0.000,      0.000,      0.000,    β:       1.000
α:       0.000,      0.000,      0.000,      0.000,      0.000,      0.000,    β:       1.000
α:       0.000,      0.000,      0.000,      0.000,      0.000,      0.000,    β:       1.000
α:       0.000,      0.000,      0.000,      0.000,      0.000,      0.000,    β:       1.000
α:       0.000,      0.000,      0.000,      0.000,      0.000,      0.000,    β:       1.000
α:       0.000,      0.000,      0.000,      0.000,      0.000,      0.000,    β:       1.000
α:       0.000,      0.000,      0.000,      0.000,      0.000,      0.000,    β:       1.000
α:       0.000,      0.000,      0.000,      0.000,      0.000,      0.000,    β:       1.000
α:       0.000,      0.000,      0.000,      0.000,      0.000,      0.000,    β:       1.000
α:       0.000,      0.000,      0.000,      0.000,      0.000,      0.000,    β:       1.000
α:       0.000,      0.000,      0.000,      0.000,      0.000,      0.000,    β:       1.000
α:       0.000,      0.000,      0.000,      0.000,      0.000,      0.000,    β:       1.000
α:       0.000,      0.000,      0.000,      0.000,      0.000,      0.000,    β:       1.000
α:       0.000,      0.000,      0.000,      0.000,      0.000,      0.000,    β:       1.000
α:       0.000,      0.000,      0.000,      0.000,      0.000,      0.000,    β:       1.000
α:       0.000,      0.000,      0.000,      0.000,      0.000,      0.000,    β:       1.000
α:       0.000,      0.000,      0.000,      0.000,      0.000,      0.000,    β:       1.000
α:       0.000,      0.000,      0.000,      0.000,      0.000,      0.000,    β:       1.000
α:       0.000,      0.000,      0.000,      0.000,      0.000,      0.000,    β:       1.000
α:       0.000,      0.000,      0.000,      0.000,      0.000,      0.000,    β:       1.000
α:       0.000,      0.000,      0.000,      0.000,      0.000,      0.000,    β:       1.000
α:       0.000,      0.000,      0.000,      0.000,      0.000,      0.000,    β:       1.000
α:      -0.019,     -0.020,     -0.019,     -0.018,     -0.009,      0.013,    β:       1.000
α:      -0.028,     -0.036,     -0.031,     -0.029,     -0.016,      0.020,    β:       1.000
α:      -0.043,     -0.043,     -0.038,     -0.040,     -0.022,      0.027,    β:       1.000
α:      -0.051,     -0.053,     -0.051,     -0.051,     -0.032,      0.035,    β:       1.000
α:      -0.061,     -0.061,     -0.063,     -0.061,     -0.039,      0.045,    β:       1.000
α:      -0.069,     -0.072,     -0.071,     -0.070,     -0.044,      0.053,    β:       1.000
α:      -0.075,     -0.083,     -0.081,     -0.082,     -0.054,      0.061,    β:       1.000
α:      -0.089,     -0.090,     -0.087,     -0.093,     -0.061,      0.064,    β:       1.000
α:      -0.097,     -0.104,     -0.097,     -0.104,     -0.066,      0.075,    β:       1.000
α:      -0.103,     -0.113,     -0.107,     -0.111,     -0.072,      0.084,    β:       1.000
α:      -0.110,     -0.120,     -0.119,     -0.120,     -0.080,      0.090,    β:       1.000
α:      -0.119,     -0.128,     -0.126,     -0.128,     -0.088,      0.098,    β:       1.000
α:      -0.127,     -0.134,     -0.131,     -0.134,     -0.095,      0.107,    β:       1.000
α:      -0.136,     -0.138,     -0.139,     -0.142,     -0.101,      0.113,    β:       1.000
α:      -0.141,     -0.142,     -0.144,     -0.148,     -0.104,      0.119,    β:       1.000
α:      -0.145,     -0.151,     -0.152,     -0.154,     -0.110,      0.125,    β:       1.000
α:      -0.151,     -0.155,     -0.159,     -0.160,     -0.115,      0.130,    β:       1.000
α:      -0.159,     -0.162,     -0.164,     -0.166,     -0.121,      0.136,    β:       1.000
α:      -0.163,     -0.169,     -0.173,     -0.172,     -0.126,      0.143,    β:       1.000
α:      -0.168,     -0.174,     -0.179,     -0.179,     -0.131,      0.148,    β:       1.000
α:      -0.176,     -0.175,     -0.187,     -0.185,     -0.138,      0.154,    β:       1.000
α:      -0.183,     -0.180,     -0.190,     -0.190,     -0.142,      0.159,    β:       1.000
α:      -0.188,     -0.184,     -0.197,     -0.196,     -0.148,      0.166,    β:       1.000
α:      -0.191,     -0.187,     -0.204,     -0.202,     -0.152,      0.172,    β:       1.000
α:      -0.191,     -0.191,     -0.207,     -0.207,     -0.156,      0.176,    β:       1.000
α:      -0.200,     -0.196,     -0.213,     -0.215,     -0.161,      0.181,    β:       1.000
α:      -0.203,     -0.197,     -0.221,     -0.220,     -0.166,      0.185,    β:       1.000
α:      -0.206,     -0.202,     -0.221,     -0.225,     -0.171,      0.190,    β:       1.000
α:      -0.206,     -0.205,     -0.225,     -0.230,     -0.172,      0.192,    β:       1.000
α:      -0.212,     -0.210,     -0.230,     -0.235,     -0.178,      0.197,    β:       1.000
α:      -0.216,     -0.213,     -0.232,     -0.239,     -0.183,      0.200,    β:       1.000
α:      -0.218,     -0.215,     -0.234,     -0.244,     -0.187,      0.203,    β:       1.000
α:      -0.222,     -0.218,     -0.238,     -0.251,     -0.191,      0.207,    β:       1.000
α:      -0.225,     -0.223,     -0.241,     -0.254,     -0.194,      0.212,    β:       1.000
α:      -0.231,     -0.225,     -0.244,     -0.259,     -0.200,      0.215,    β:       1.000
α:      -0.235,     -0.226,     -0.250,     -0.265,     -0.204,      0.220,    β:       1.000
α:      -0.236,     -0.232,     -0.255,     -0.270,     -0.209,      0.225,    β:       1.000
α:      -0.239,     -0.235,     -0.258,     -0.275,     -0.213,      0.227,    β:       1.000
α:      -0.245,     -0.241,     -0.264,     -0.280,     -0.217,      0.232,    β:       1.000
α:      -0.245,     -0.246,     -0.267,     -0.284,     -0.219,      0.238,    β:       1.000
α:      -0.248,     -0.246,     -0.270,     -0.288,     -0.223,      0.241,    β:       1.000
α:      -0.254,     -0.250,     -0.274,     -0.292,     -0.228,      0.245,    β:       1.000
α:      -0.256,     -0.253,     -0.276,     -0.296,     -0.232,      0.249,    β:       1.000
α:      -0.254,     -0.257,     -0.280,     -0.300,     -0.236,      0.254,    β:       1.000
α:      -0.260,     -0.258,     -0.282,     -0.304,     -0.240,      0.257,    β:       1.000
α:      -0.261,     -0.261,     -0.285,     -0.309,     -0.243,      0.261,    β:       1.000
α:      -0.263,     -0.265,     -0.289,     -0.313,     -0.247,      0.264,    β:       1.000
α:      -0.268,     -0.263,     -0.293,     -0.317,     -0.250,      0.267,    β:       1.000
α:      -0.270,     -0.267,     -0.296,     -0.323,     -0.253,      0.271,    β:       1.000
α:      -0.272,     -0.270,     -0.299,     -0.326,     -0.256,      0.275,    β:       1.000
α:      -0.273,     -0.274,     -0.303,     -0.330,     -0.259,      0.279,    β:       1.000
α:      -0.277,     -0.276,     -0.306,     -0.334,     -0.264,      0.282,    β:       1.000
α:      -0.279,     -0.281,     -0.309,     -0.339,     -0.266,      0.284,    β:       1.000
α:      -0.284,     -0.283,     -0.310,     -0.343,     -0.270,      0.287,    β:       1.000
α:      -0.285,     -0.285,     -0.315,     -0.347,     -0.272,      0.290,    β:       1.000
α:      -0.286,     -0.287,     -0.318,     -0.350,     -0.276,      0.293,    β:       1.000
α:      -0.292,     -0.289,     -0.321,     -0.353,     -0.279,      0.296,    β:       1.000
α:      -0.296,     -0.292,     -0.322,     -0.357,     -0.282,      0.298,    β:       1.000
α:      -0.298,     -0.295,     -0.324,     -0.361,     -0.284,      0.301,    β:       1.000
α:      -0.302,     -0.299,     -0.325,     -0.366,     -0.288,      0.304,    β:       1.000
α:      -0.303,     -0.299,     -0.329,     -0.368,     -0.291,      0.307,    β:       1.000
α:      -0.307,     -0.303,     -0.331,     -0.372,     -0.293,      0.310,    β:       1.000
α:      -0.309,     -0.306,     -0.335,     -0.376,     -0.296,      0.313,    β:       1.000
α:      -0.311,     -0.306,     -0.338,     -0.379,     -0.300,      0.316,    β:       1.000
α:      -0.315,     -0.309,     -0.341,     -0.384,     -0.303,      0.319,    β:       1.000
α:      -0.317,     -0.311,     -0.342,     -0.387,     -0.306,      0.322,    β:       1.000
α:      -0.319,     -0.314,     -0.345,     -0.389,     -0.309,      0.326,    β:       1.000
α:      -0.320,     -0.317,     -0.349,     -0.392,     -0.311,      0.328,    β:       1.000
α:      -0.322,     -0.318,     -0.350,     -0.397,     -0.314,      0.331,    β:       1.000
α:      -0.326,     -0.320,     -0.353,     -0.400,     -0.318,      0.333,    β:       1.000
α:      -0.326,     -0.323,     -0.357,     -0.404,     -0.320,      0.336,    β:       1.000
α:      -0.325,     -0.324,     -0.358,     -0.407,     -0.324,      0.340,    β:       1.000
α:      -0.329,     -0.325,     -0.362,     -0.409,     -0.326,      0.343,    β:       1.000
α:      -0.331,     -0.328,     -0.363,     -0.413,     -0.329,      0.345,    β:       1.000
α:      -0.334,     -0.330,     -0.365,     -0.415,     -0.331,      0.348,    β:       1.000
α:      -0.336,     -0.334,     -0.367,     -0.420,     -0.334,      0.352,    β:       1.000
α:      -0.340,     -0.336,     -0.369,     -0.423,     -0.337,      0.355,    β:       1.000
α:      -0.341,     -0.338,     -0.370,     -0.426,     -0.340,      0.358,    β:       1.000
α:      -0.341,     -0.342,     -0.375,     -0.429,     -0.342,      0.361,    β:       1.000
α:      -0.344,     -0.344,     -0.377,     -0.432,     -0.344,      0.364,    β:       1.000
α:      -0.345,     -0.344,     -0.379,     -0.435,     -0.347,      0.366,    β:       1.000
α:      -0.346,     -0.348,     -0.380,     -0.439,     -0.349,      0.368,    β:       1.000
α:      -0.348,     -0.350,     -0.384,     -0.442,     -0.352,      0.371,    β:       1.000
α:      -0.353,     -0.349,     -0.387,     -0.445,     -0.354,      0.373,    β:       1.000
α:      -0.355,     -0.352,     -0.387,     -0.449,     -0.355,      0.375,    β:       1.000
α:      -0.355,     -0.355,     -0.390,     -0.452,     -0.358,      0.378,    β:       1.000
α:      -0.357,     -0.357,     -0.393,     -0.454,     -0.362,      0.381,    β:       1.000
α:      -0.358,     -0.358,     -0.395,     -0.458,     -0.365,      0.383,    β:       1.000
α:      -0.361,     -0.361,     -0.397,     -0.462,     -0.367,      0.386,    β:       1.000
α:      -0.362,     -0.363,     -0.401,     -0.464,     -0.369,      0.388,    β:       1.000
α:      -0.364,     -0.366,     -0.401,     -0.467,     -0.371,      0.389,    β:       1.000
α:      -0.365,     -0.365,     -0.402,     -0.470,     -0.373,      0.391,    β:       1.000
α:      -0.367,     -0.367,     -0.403,     -0.473,     -0.375,      0.393,    β:       1.000
α:      -0.367,     -0.370,     -0.405,     -0.475,     -0.376,      0.395,    β:       1.000
α:      -0.369,     -0.371,     -0.406,     -0.479,     -0.379,      0.397,    β:       1.000
α:      -0.372,     -0.373,     -0.405,     -0.481,     -0.380,      0.398,    β:       1.000
α:      -0.373,     -0.376,     -0.409,     -0.483,     -0.383,      0.401,    β:       1.000
α:      -0.375,     -0.379,     -0.410,     -0.486,     -0.385,      0.403,    β:       1.000
α:      -0.375,     -0.379,     -0.413,     -0.488,     -0.386,      0.405,    β:       1.000
α:      -0.378,     -0.383,     -0.415,     -0.491,     -0.389,      0.406,    β:       1.000
α:      -0.379,     -0.382,     -0.417,     -0.493,     -0.392,      0.408,    β:       1.000
α:      -0.380,     -0.385,     -0.418,     -0.496,     -0.394,      0.411,    β:       1.000
α:      -0.383,     -0.387,     -0.421,     -0.498,     -0.397,      0.413,    β:       1.000
α:      -0.385,     -0.388,     -0.422,     -0.500,     -0.398,      0.414,    β:       1.000
α:      -0.386,     -0.389,     -0.424,     -0.503,     -0.400,      0.417,    β:       1.000
α:      -0.390,     -0.390,     -0.426,     -0.505,     -0.402,      0.418,    β:       1.000
α:      -0.392,     -0.391,     -0.425,     -0.508,     -0.404,      0.419,    β:       1.000
α:      -0.391,     -0.392,     -0.430,     -0.510,     -0.406,      0.422,    β:       1.000
α:      -0.393,     -0.393,     -0.430,     -0.513,     -0.409,      0.423,    β:       1.000
α:      -0.397,     -0.393,     -0.433,     -0.515,     -0.410,      0.425,    β:       1.000
α:      -0.397,     -0.394,     -0.435,     -0.517,     -0.412,      0.427,    β:       1.000
α:      -0.397,     -0.397,     -0.437,     -0.520,     -0.414,      0.429,    β:       1.000
α:      -0.400,     -0.397,     -0.438,     -0.523,     -0.416,      0.432,    β:       1.000
α:      -0.400,     -0.400,     -0.439,     -0.525,     -0.417,      0.434,    β:       1.000
α:      -0.401,     -0.401,     -0.441,     -0.528,     -0.419,      0.435,    β:       1.000
α:      -0.403,     -0.401,     -0.444,     -0.531,     -0.422,      0.437,    β:       1.000
α:      -0.404,     -0.403,     -0.444,     -0.533,     -0.424,      0.439,    β:       1.000
α:      -0.406,     -0.407,     -0.445,     -0.536,     -0.426,      0.440,    β:       1.000
α:      -0.408,     -0.407,     -0.448,     -0.538,     -0.428,      0.442,    β:       1.000
α:      -0.410,     -0.409,     -0.450,     -0.540,     -0.430,      0.444,    β:       1.000
α:      -0.411,     -0.410,     -0.451,     -0.542,     -0.431,      0.445,    β:       1.000
α:      -0.414,     -0.412,     -0.454,     -0.544,     -0.434,      0.448,    β:       1.000
α:      -0.414,     -0.412,     -0.456,     -0.546,     -0.436,      0.450,    β:       1.000
α:      -0.417,     -0.416,     -0.458,     -0.549,     -0.438,      0.451,    β:       1.000
α:      -0.418,     -0.418,     -0.459,     -0.551,     -0.439,      0.453,    β:       1.000
α:      -0.420,     -0.418,     -0.459,     -0.553,     -0.441,      0.456,    β:       1.000
α:      -0.421,     -0.420,     -0.460,     -0.555,     -0.442,      0.458,    β:       1.000
α:      -0.421,     -0.423,     -0.462,     -0.557,     -0.444,      0.461,    β:       1.000
α:      -0.424,     -0.424,     -0.463,     -0.560,     -0.447,      0.464,    β:       1.000
α:      -0.426,     -0.426,     -0.463,     -0.562,     -0.448,      0.466,    β:       1.000
α:      -0.428,     -0.427,     -0.464,     -0.564,     -0.449,      0.468,    β:       1.000
α:      -0.427,     -0.427,     -0.467,     -0.566,     -0.451,      0.469,    β:       1.000
α:      -0.429,     -0.429,     -0.468,     -0.568,     -0.453,      0.471,    β:       1.000
α:      -0.430,     -0.430,     -0.472,     -0.571,     -0.455,      0.472,    β:       1.000
α:      -0.432,     -0.431,     -0.475,     -0.573,     -0.457,      0.474,    β:       1.000
α:      -0.436,     -0.433,     -0.477,     -0.576,     -0.459,      0.476,    β:       1.000
α:      -0.436,     -0.435,     -0.477,     -0.578,     -0.460,      0.477,    β:       1.000
α:      -0.437,     -0.437,     -0.479,     -0.580,     -0.462,      0.479,    β:       1.000
α:      -0.436,     -0.439,     -0.479,     -0.582,     -0.463,      0.480,    β:       1.000
α:      -0.436,     -0.439,     -0.482,     -0.583,     -0.464,      0.482,    β:       1.000
α:      -0.439,     -0.441,     -0.486,     -0.585,     -0.467,      0.484,    β:       1.000
α:      -0.440,     -0.443,     -0.486,     -0.587,     -0.468,      0.485,    β:       1.000
α:      -0.442,     -0.442,     -0.486,     -0.589,     -0.469,      0.487,    β:       1.000
α:      -0.442,     -0.445,     -0.487,     -0.591,     -0.471,      0.489,    β:       1.000
α:      -0.444,     -0.444,     -0.490,     -0.593,     -0.473,      0.490,    β:       1.000
α:      -0.445,     -0.445,     -0.491,     -0.595,     -0.475,      0.491,    β:       1.000
α:      -0.446,     -0.448,     -0.492,     -0.598,     -0.477,      0.493,    β:       1.000
α:      -0.448,     -0.449,     -0.492,     -0.599,     -0.478,      0.495,    β:       1.000
α:      -0.448,     -0.450,     -0.493,     -0.601,     -0.479,      0.496,    β:       1.000
α:      -0.449,     -0.452,     -0.495,     -0.602,     -0.481,      0.498,    β:       1.000
α:      -0.448,     -0.453,     -0.495,     -0.605,     -0.481,      0.499,    β:       1.000
α:      -0.452,     -0.454,     -0.497,     -0.608,     -0.484,      0.501,    β:       1.000
α:      -0.451,     -0.455,     -0.497,     -0.609,     -0.485,      0.502,    β:       1.000
α:      -0.452,     -0.457,     -0.501,     -0.611,     -0.487,      0.505,    β:       1.000
α:      -0.455,     -0.457,     -0.502,     -0.614,     -0.489,      0.506,    β:       1.000
α:      -0.454,     -0.457,     -0.502,     -0.615,     -0.490,      0.507,    β:       1.000
α:      -0.455,     -0.461,     -0.505,     -0.617,     -0.492,      0.510,    β:       1.000
α:      -0.459,     -0.463,     -0.505,     -0.620,     -0.494,      0.512,    β:       1.000
α:      -0.459,     -0.464,     -0.505,     -0.622,     -0.495,      0.512,    β:       1.000
α:      -0.460,     -0.465,     -0.508,     -0.623,     -0.498,      0.515,    β:       1.000
α:      -0.462,     -0.465,     -0.511,     -0.625,     -0.500,      0.516,    β:       1.000
α:      -0.464,     -0.467,     -0.512,     -0.629,     -0.501,      0.518,    β:       1.000
α:      -0.463,     -0.469,     -0.515,     -0.630,     -0.502,      0.520,    β:       1.000
α:      -0.464,     -0.470,     -0.516,     -0.630,     -0.503,      0.521,    β:       1.000
α:      -0.466,     -0.469,     -0.518,     -0.632,     -0.504,      0.521,    β:       1.000
α:      -0.466,     -0.471,     -0.518,     -0.634,     -0.505,      0.523,    β:       1.000
α:      -0.467,     -0.473,     -0.520,     -0.635,     -0.506,      0.524,    β:       1.000
α:      -0.470,     -0.473,     -0.520,     -0.638,     -0.508,      0.525,    β:       1.000
α:      -0.470,     -0.475,     -0.522,     -0.640,     -0.510,      0.527,    β:       1.000
α:      -0.471,     -0.476,     -0.525,     -0.642,     -0.511,      0.528,    β:       1.000
α:      -0.472,     -0.478,     -0.527,     -0.644,     -0.513,      0.531,    β:       1.000
α:      -0.473,     -0.478,     -0.529,     -0.645,     -0.514,      0.533,    β:       1.000
α:      -0.475,     -0.481,     -0.531,     -0.647,     -0.516,      0.534,    β:       1.000
α:      -0.478,     -0.482,     -0.532,     -0.649,     -0.518,      0.535,    β:       1.000
α:      -0.479,     -0.482,     -0.533,     -0.650,     -0.519,      0.537,    β:       1.000
α:      -0.480,     -0.483,     -0.533,     -0.652,     -0.521,      0.538,    β:       1.000
α:      -0.482,     -0.484,     -0.535,     -0.655,     -0.524,      0.540,    β:       1.000
α:      -0.483,     -0.484,     -0.537,     -0.657,     -0.525,      0.542,    β:       1.000
α:      -0.484,     -0.486,     -0.537,     -0.659,     -0.526,      0.543,    β:       1.000
α:      -0.486,     -0.489,     -0.538,     -0.661,     -0.528,      0.545,    β:       1.000
α:      -0.485,     -0.488,     -0.538,     -0.662,     -0.529,      0.546,    β:       1.000
α:      -0.485,     -0.489,     -0.540,     -0.663,     -0.530,      0.548,    β:       1.000
α:      -0.487,     -0.489,     -0.542,     -0.665,     -0.531,      0.549,    β:       1.000
α:      -0.488,     -0.491,     -0.543,     -0.667,     -0.533,      0.551,    β:       1.000
α:      -0.489,     -0.490,     -0.545,     -0.669,     -0.535,      0.552,    β:       1.000
α:      -0.491,     -0.492,     -0.548,     -0.671,     -0.536,      0.554,    β:       1.000
α:      -0.492,     -0.494,     -0.547,     -0.673,     -0.537,      0.555,    β:       1.000
α:      -0.493,     -0.496,     -0.550,     -0.674,     -0.538,      0.557,    β:       1.000
α:      -0.496,     -0.498,     -0.552,     -0.677,     -0.540,      0.558,    β:       1.000
α:      -0.496,     -0.498,     -0.552,     -0.678,     -0.541,      0.559,    β:       1.000
α:      -0.497,     -0.498,     -0.553,     -0.680,     -0.542,      0.560,    β:       1.000
α:      -0.497,     -0.498,     -0.556,     -0.681,     -0.544,      0.562,    β:       1.000
α:      -0.499,     -0.499,     -0.556,     -0.682,     -0.544,      0.563,    β:       1.000
α:      -0.501,     -0.501,     -0.557,     -0.684,     -0.546,      0.564,    β:       1.000
α:      -0.502,     -0.502,     -0.558,     -0.686,     -0.548,      0.566,    β:       1.000
α:      -0.503,     -0.502,     -0.559,     -0.688,     -0.549,      0.568,    β:       1.000
α:      -0.503,     -0.504,     -0.561,     -0.689,     -0.550,      0.568,    β:       1.000
α:      -0.505,     -0.505,     -0.562,     -0.691,     -0.552,      0.569,    β:       1.000
α:      -0.505,     -0.506,     -0.562,     -0.692,     -0.552,      0.570,    β:       1.000
α:      -0.505,     -0.507,     -0.565,     -0.694,     -0.554,      0.572,    β:       1.000
α:      -0.507,     -0.509,     -0.566,     -0.696,     -0.555,      0.575,    β:       1.000
α:      -0.507,     -0.509,     -0.566,     -0.697,     -0.556,      0.575,    β:       1.000
α:      -0.507,     -0.510,     -0.568,     -0.699,     -0.557,      0.578,    β:       1.000
α:      -0.511,     -0.509,     -0.569,     -0.701,     -0.559,      0.578,    β:       1.000
α:      -0.510,     -0.511,     -0.571,     -0.702,     -0.559,      0.579,    β:       1.000
α:      -0.511,     -0.513,     -0.572,     -0.705,     -0.560,      0.581,    β:       1.000
α:      -0.512,     -0.512,     -0.574,     -0.705,     -0.561,      0.582,    β:       1.000
α:      -0.512,     -0.513,     -0.576,     -0.707,     -0.562,      0.583,    β:       1.000
α:      -0.512,     -0.515,     -0.578,     -0.708,     -0.563,      0.585,    β:       1.000
α:      -0.514,     -0.516,     -0.578,     -0.709,     -0.564,      0.585,    β:       1.000
α:      -0.515,     -0.515,     -0.581,     -0.710,     -0.565,      0.587,    β:       1.000
α:      -0.516,     -0.517,     -0.581,     -0.711,     -0.567,      0.588,    β:       1.000
α:      -0.518,     -0.518,     -0.581,     -0.713,     -0.568,      0.589,    β:       1.000
α:      -0.519,     -0.519,     -0.583,     -0.714,     -0.569,      0.591,    β:       1.000
α:      -0.520,     -0.520,     -0.583,     -0.715,     -0.570,      0.592,    β:       1.000
α:      -0.521,     -0.522,     -0.583,     -0.717,     -0.570,      0.593,    β:       1.000
α:      -0.521,     -0.522,     -0.585,     -0.718,     -0.572,      0.594,    β:       1.000
α:      -0.521,     -0.523,     -0.585,     -0.720,     -0.572,      0.595,    β:       1.000
α:      -0.522,     -0.524,     -0.586,     -0.721,     -0.573,      0.597,    β:       1.000
α:      -0.523,     -0.524,     -0.588,     -0.723,     -0.575,      0.598,    β:       1.000
α:      -0.524,     -0.526,     -0.589,     -0.725,     -0.576,      0.599,    β:       1.000
α:      -0.524,     -0.528,     -0.590,     -0.726,     -0.577,      0.600,    β:       1.000
α:      -0.527,     -0.528,     -0.593,     -0.728,     -0.579,      0.601,    β:       1.000
α:      -0.527,     -0.530,     -0.593,     -0.729,     -0.580,      0.603,    β:       1.000
α:      -0.529,     -0.530,     -0.595,     -0.731,     -0.581,      0.603,    β:       1.000
α:      -0.529,     -0.532,     -0.595,     -0.732,     -0.582,      0.605,    β:       1.000
α:      -0.530,     -0.533,     -0.597,     -0.734,     -0.583,      0.606,    β:       1.000
α:      -0.530,     -0.534,     -0.598,     -0.735,     -0.584,      0.608,    β:       1.000
α:      -0.531,     -0.535,     -0.601,     -0.736,     -0.586,      0.610,    β:       1.000
α:      -0.531,     -0.536,     -0.600,     -0.737,     -0.587,      0.611,    β:       1.000
α:      -0.531,     -0.537,     -0.602,     -0.738,     -0.588,      0.612,    β:       1.000
α:      -0.531,     -0.538,     -0.604,     -0.739,     -0.589,      0.614,    β:       1.000
α:      -0.533,     -0.538,     -0.606,     -0.741,     -0.591,      0.615,    β:       1.000
α:      -0.533,     -0.541,     -0.606,     -0.742,     -0.592,      0.615,    β:       1.000
α:      -0.535,     -0.543,     -0.609,     -0.744,     -0.593,      0.616,    β:       1.000
α:      -0.535,     -0.544,     -0.610,     -0.745,     -0.594,      0.618,    β:       1.000
α:      -0.536,     -0.545,     -0.611,     -0.746,     -0.595,      0.618,    β:       1.000
α:      -0.537,     -0.545,     -0.613,     -0.748,     -0.596,      0.620,    β:       1.000
α:      -0.539,     -0.545,     -0.614,     -0.750,     -0.598,      0.621,    β:       1.000
α:      -0.539,     -0.546,     -0.615,     -0.751,     -0.599,      0.622,    β:       1.000
α:      -0.542,     -0.548,     -0.616,     -0.752,     -0.600,      0.623,    β:       1.000
α:      -0.542,     -0.548,     -0.617,     -0.753,     -0.601,      0.624,    β:       1.000
α:      -0.542,     -0.549,     -0.617,     -0.755,     -0.603,      0.626,    β:       1.000
α:      -0.543,     -0.551,     -0.617,     -0.756,     -0.604,      0.627,    β:       1.000
α:      -0.544,     -0.552,     -0.617,     -0.758,     -0.605,      0.628,    β:       1.000
α:      -0.546,     -0.554,     -0.618,     -0.760,     -0.606,      0.630,    β:       1.000
α:      -0.548,     -0.554,     -0.619,     -0.761,     -0.607,      0.631,    β:       1.000
α:      -0.548,     -0.556,     -0.621,     -0.763,     -0.608,      0.633,    β:       1.000
α:      -0.548,     -0.557,     -0.622,     -0.764,     -0.609,      0.634,    β:       1.000
α:      -0.550,     -0.558,     -0.623,     -0.766,     -0.610,      0.635,    β:       1.000
α:      -0.550,     -0.558,     -0.624,     -0.767,     -0.612,      0.637,    β:       1.000
α:      -0.550,     -0.560,     -0.624,     -0.769,     -0.613,      0.637,    β:       1.000
α:      -0.552,     -0.560,     -0.624,     -0.771,     -0.614,      0.638,    β:       1.000
α:      -0.552,     -0.561,     -0.625,     -0.772,     -0.615,      0.639,    β:       1.000
α:      -0.553,     -0.560,     -0.626,     -0.773,     -0.616,      0.641,    β:       1.000
α:      -0.553,     -0.562,     -0.627,     -0.774,     -0.617,      0.642,    β:       1.000
α:      -0.554,     -0.564,     -0.627,     -0.776,     -0.618,      0.643,    β:       1.000
α:      -0.556,     -0.566,     -0.629,     -0.779,     -0.619,      0.645,    β:       1.000
α:      -0.555,     -0.566,     -0.629,     -0.779,     -0.620,      0.645,    β:       1.000
α:      -0.556,     -0.568,     -0.631,     -0.780,     -0.621,      0.647,    β:       1.000
α:      -0.556,     -0.570,     -0.631,     -0.781,     -0.623,      0.647,    β:       1.000
α:      -0.557,     -0.571,     -0.632,     -0.783,     -0.623,      0.649,    β:       1.000
α:      -0.559,     -0.571,     -0.633,     -0.784,     -0.624,      0.650,    β:       1.000
α:      -0.561,     -0.572,     -0.633,     -0.785,     -0.625,      0.650,    β:       1.000
α:      -0.561,     -0.573,     -0.634,     -0.786,     -0.626,      0.651,    β:       1.000
α:      -0.561,     -0.574,     -0.636,     -0.787,     -0.627,      0.652,    β:       1.000
α:      -0.563,     -0.576,     -0.636,     -0.788,     -0.629,      0.653,    β:       1.000
α:      -0.563,     -0.577,     -0.638,     -0.789,     -0.629,      0.654,    β:       1.000
α:      -0.563,     -0.578,     -0.640,     -0.790,     -0.630,      0.656,    β:       1.000
α:      -0.565,     -0.580,     -0.641,     -0.792,     -0.631,      0.657,    β:       1.000
α:      -0.565,     -0.580,     -0.641,     -0.793,     -0.632,      0.657,    β:       1.000
α:      -0.568,     -0.583,     -0.642,     -0.794,     -0.633,      0.658,    β:       1.000
α:      -0.568,     -0.584,     -0.643,     -0.795,     -0.634,      0.659,    β:       1.000
α:      -0.570,     -0.585,     -0.643,     -0.797,     -0.636,      0.660,    β:       1.000
α:      -0.571,     -0.587,     -0.644,     -0.798,     -0.637,      0.661,    β:       1.000
α:      -0.571,     -0.588,     -0.644,     -0.800,     -0.638,      0.663,    β:       1.000
α:      -0.573,     -0.588,     -0.645,     -0.801,     -0.638,      0.663,    β:       1.000
α:      -0.575,     -0.590,     -0.645,     -0.803,     -0.639,      0.664,    β:       1.000
α:      -0.576,     -0.591,     -0.647,     -0.804,     -0.641,      0.666,    β:       1.000
α:      -0.577,     -0.592,     -0.648,     -0.805,     -0.642,      0.667,    β:       1.000
α:      -0.579,     -0.594,     -0.649,     -0.807,     -0.644,      0.668,    β:       1.000
α:      -0.580,     -0.595,     -0.650,     -0.809,     -0.645,      0.670,    β:       1.000
α:      -0.580,     -0.596,     -0.653,     -0.810,     -0.647,      0.671,    β:       1.000
α:      -0.582,     -0.597,     -0.655,     -0.812,     -0.647,      0.672,    β:       1.000
α:      -0.584,     -0.598,     -0.656,     -0.813,     -0.649,      0.672,    β:       1.000
α:      -0.584,     -0.599,     -0.656,     -0.815,     -0.649,      0.673,    β:       1.000
α:      -0.584,     -0.600,     -0.658,     -0.816,     -0.650,      0.674,    β:       1.000
α:      -0.586,     -0.601,     -0.659,     -0.818,     -0.651,      0.675,    β:       1.000
α:      -0.586,     -0.602,     -0.660,     -0.819,     -0.652,      0.677,    β:       1.000
α:      -0.587,     -0.601,     -0.662,     -0.820,     -0.653,      0.677,    β:       1.000
α:      -0.588,     -0.602,     -0.663,     -0.822,     -0.655,      0.679,    β:       1.000
α:      -0.589,     -0.602,     -0.664,     -0.823,     -0.655,      0.679,    β:       1.000
α:      -0.591,     -0.605,     -0.664,     -0.825,     -0.656,      0.680,    β:       1.000
α:      -0.593,     -0.604,     -0.666,     -0.827,     -0.658,      0.681,    β:       1.000
α:      -0.593,     -0.603,     -0.667,     -0.828,     -0.659,      0.682,    β:       1.000
α:      -0.594,     -0.604,     -0.668,     -0.829,     -0.660,      0.684,    β:       1.000
α:      -0.596,     -0.605,     -0.668,     -0.830,     -0.661,      0.684,    β:       1.000
α:      -0.596,     -0.606,     -0.669,     -0.831,     -0.662,      0.686,    β:       1.000
α:      -0.598,     -0.606,     -0.670,     -0.832,     -0.664,      0.687,    β:       1.000
α:      -0.599,     -0.607,     -0.670,     -0.834,     -0.665,      0.688,    β:       1.000
α:      -0.599,     -0.608,     -0.671,     -0.836,     -0.666,      0.689,    β:       1.000
α:      -0.601,     -0.609,     -0.672,     -0.837,     -0.668,      0.690,    β:       1.000
α:      -0.602,     -0.610,     -0.672,     -0.839,     -0.669,      0.691,    β:       1.000
α:      -0.604,     -0.611,     -0.672,     -0.840,     -0.670,      0.692,    β:       1.000
α:      -0.605,     -0.611,     -0.672,     -0.841,     -0.670,      0.692,    β:       1.000
α:      -0.606,     -0.612,     -0.672,     -0.843,     -0.671,      0.694,    β:       1.000
α:      -0.606,     -0.613,     -0.673,     -0.844,     -0.672,      0.695,    β:       1.000
α:      -0.608,     -0.613,     -0.674,     -0.845,     -0.674,      0.696,    β:       1.000
α:      -0.607,     -0.613,     -0.674,     -0.846,     -0.674,      0.696,    β:       1.000
α:      -0.609,     -0.614,     -0.676,     -0.848,     -0.676,      0.697,    β:       1.000
α:      -0.609,     -0.615,     -0.677,     -0.848,     -0.677,      0.699,    β:       1.000
α:      -0.610,     -0.616,     -0.678,     -0.849,     -0.678,      0.700,    β:       1.000
α:      -0.610,     -0.617,     -0.677,     -0.851,     -0.678,      0.700,    β:       1.000
α:      -0.610,     -0.617,     -0.678,     -0.852,     -0.679,      0.701,    β:       1.000
α:      -0.612,     -0.618,     -0.678,     -0.853,     -0.680,      0.703,    β:       1.000
α:      -0.614,     -0.620,     -0.679,     -0.854,     -0.681,      0.704,    β:       1.000
α:      -0.615,     -0.620,     -0.681,     -0.855,     -0.683,      0.705,    β:       1.000
α:      -0.617,     -0.620,     -0.682,     -0.856,     -0.684,      0.706,    β:       1.000
α:      -0.616,     -0.621,     -0.682,     -0.857,     -0.685,      0.706,    β:       1.000
α:      -0.616,     -0.623,     -0.684,     -0.858,     -0.686,      0.707,    β:       1.000
α:      -0.618,     -0.624,     -0.683,     -0.859,     -0.686,      0.708,    β:       1.000
α:      -0.618,     -0.626,     -0.684,     -0.859,     -0.687,      0.709,    β:       1.000
α:      -0.620,     -0.627,     -0.685,     -0.861,     -0.689,      0.711,    β:       1.000
α:      -0.620,     -0.627,     -0.688,     -0.862,     -0.690,      0.712,    β:       1.000
α:      -0.621,     -0.628,     -0.688,     -0.863,     -0.691,      0.713,    β:       1.000
α:      -0.621,     -0.628,     -0.689,     -0.864,     -0.692,      0.713,    β:       1.000
α:      -0.623,     -0.630,     -0.690,     -0.865,     -0.693,      0.714,    β:       1.000
α:      -0.623,     -0.630,     -0.690,     -0.866,     -0.694,      0.715,    β:       1.000
α:      -0.622,     -0.631,     -0.692,     -0.867,     -0.695,      0.716,    β:       1.000
α:      -0.623,     -0.631,     -0.691,     -0.868,     -0.696,      0.717,    β:       1.000
α:      -0.624,     -0.632,     -0.692,     -0.869,     -0.696,      0.718,    β:       1.000
α:      -0.624,     -0.632,     -0.693,     -0.871,     -0.697,      0.718,    β:       1.000
α:      -0.626,     -0.633,     -0.693,     -0.873,     -0.697,      0.719,    β:       1.000
α:      -0.627,     -0.634,     -0.694,     -0.873,     -0.698,      0.720,    β:       1.000
α:      -0.629,     -0.634,     -0.694,     -0.874,     -0.699,      0.721,    β:       1.000
α:      -0.630,     -0.636,     -0.694,     -0.876,     -0.700,      0.723,    β:       1.000
α:      -0.629,     -0.636,     -0.696,     -0.877,     -0.701,      0.724,    β:       1.000
α:      -0.630,     -0.638,     -0.697,     -0.879,     -0.702,      0.725,    β:       1.000
α:      -0.628,     -0.638,     -0.699,     -0.880,     -0.703,      0.726,    β:       1.000
α:      -0.630,     -0.639,     -0.699,     -0.882,     -0.703,      0.727,    β:       1.000
α:      -0.630,     -0.640,     -0.701,     -0.882,     -0.705,      0.728,    β:       1.000
α:      -0.632,     -0.641,     -0.701,     -0.883,     -0.706,      0.729,    β:       1.000
α:      -0.632,     -0.642,     -0.703,     -0.884,     -0.707,      0.730,    β:       1.000
α:      -0.633,     -0.642,     -0.704,     -0.885,     -0.707,      0.730,    β:       1.000
α:      -0.633,     -0.641,     -0.705,     -0.886,     -0.709,      0.731,    β:       1.000
α:      -0.634,     -0.642,     -0.705,     -0.887,     -0.710,      0.733,    β:       1.000
α:      -0.635,     -0.643,     -0.706,     -0.888,     -0.711,      0.733,    β:       1.000
α:      -0.635,     -0.644,     -0.706,     -0.890,     -0.711,      0.734,    β:       1.000
α:      -0.637,     -0.645,     -0.707,     -0.890,     -0.712,      0.735,    β:       1.000
α:      -0.637,     -0.645,     -0.707,     -0.891,     -0.713,      0.736,    β:       1.000
