α0:     -0.857,      0.903,      1.403,     -0.028,      0.628,     -0.154,    β0:      1.000
α:       0.000,      0.000,      0.000,      0.000,      0.000,      0.000,    β:       1.000
α:       0.000,      0.000,      0.000,      0.000,      0.000,      0.000,    β:       1.000
α:       0.000,      0.000,      0.000,      0.000,      0.000,      0.000,    β:       1.000
α:       0.000,      0.000,      0.000,      0.000,      0.000,      0.000,    β:       1.000
α:       0.000,      0.000,      0.000,      0.000,      0.000,      0.000,    β:       1.000
α:       0.000,      0.000,      0.000,      0.000,      0.000,      0.000,    β:       1.000
α:       0.000,      0.000,      0.000,      0.000,      0.000,      0.000,    β:       1.000
α:       0.000,      0.000,      0.000,      0.000,      0.000,      0.000,    β:       1.000
α:       0.000,      0.000,      0.000,      0.000,      0.000,      0.000,    β:       1.000
α:       0.000,      0.000,      0.000,      0.000,      0.000,      0.000,    β:       1.000
α:       0.000,      0.000,      0.000,      0.000,      0.000,      0.000,    β:       1.000
α:       0.000,      0.000,      0.000,      0.000,      0.000,      0.000,    β:       1.000
α:       0.000,      0.000,      0.000,      0.000,      0.000,      0.000,    β:       1.000
α:       0.000,      0.000,      0.000,      0.000,      0.000,      0.000,    β:       1.000
α:       0.000,      0.000,      0.000,      0.000,      0.000,      0.000,    β:       1.000
α:       0.000,      0.000,      0.000,      0.000,      0.000,      0.000,    β:       1.000
α:       0.000,      0.000,      0.000,      0.000,      0.000,      0.000,    β:       1.000
α:       0.000,      0.000,      0.000,      0.000,      0.000,      0.000,    β:       1.000
α:       0.000,      0.000,      0.000,      0.000,      0.000,      0.000,    β:       1.000
α:       0.000,      0.000,      0.000,      0.000,      0.000,      0.000,    β:       1.000
α:       0.000,      0.000,      0.000,      0.000,      0.000,      0.000,    β:       1.000
α:       0.000,      0.000,      0.000,      0.000,      0.000,      0.000,    β:       1.000
α:       0.000,      0.000,      0.000,      0.000,      0.000,      0.000,    β:       1.000
α:       0.000,      0.000,      0.000,      0.000,      0.000,      0.000,    β:       1.000
α:       0.000,      0.000,      0.000,      0.000,      0.000,      0.000,    β:       1.000
α:       0.000,      0.000,      0.000,      0.000,      0.000,      0.000,    β:       1.000
α:       0.000,      0.000,      0.000,      0.000,      0.000,      0.000,    β:       1.000
α:       0.000,      0.000,      0.000,      0.000,      0.000,      0.000,    β:       1.000
α:       0.000,      0.000,      0.000,      0.000,      0.000,      0.000,    β:       1.000
α:       0.000,      0.000,      0.000,      0.000,      0.000,      0.000,    β:       1.000
α:       0.000,      0.000,      0.000,      0.000,      0.000,      0.000,    β:       1.000
α:       0.000,      0.000,      0.000,      0.000,      0.000,      0.000,    β:       1.000
α:       0.000,      0.000,      0.000,      0.000,      0.000,      0.000,    β:       1.000
α:       0.000,      0.000,      0.000,      0.000,      0.000,      0.000,    β:       1.000
α:       0.000,      0.000,      0.000,      0.000,      0.000,      0.000,    β:       1.000
α:       0.000,      0.000,      0.000,      0.000,      0.000,      0.000,    β:       1.000
α:       0.000,      0.000,      0.000,      0.000,      0.000,      0.000,    β:       1.000
α:       0.000,      0.000,      0.000,      0.000,      0.000,      0.000,    β:       1.000
α:       0.000,      0.000,      0.000,      0.000,      0.000,      0.000,    β:       1.000
α:       0.000,      0.000,      0.000,      0.000,      0.000,      0.000,    β:       1.000
α:       0.000,      0.000,      0.000,      0.000,      0.000,      0.000,    β:       1.000
α:       0.000,      0.000,      0.000,      0.000,      0.000,      0.000,    β:       1.000
α:       0.000,      0.000,      0.000,      0.000,      0.000,      0.000,    β:       1.000
α:       0.000,      0.000,      0.000,      0.000,      0.000,      0.000,    β:       1.000
α:       0.000,      0.000,      0.000,      0.000,      0.000,      0.000,    β:       1.000
α:       0.000,      0.000,      0.000,      0.000,      0.000,      0.000,    β:       1.000
α:       0.000,      0.000,      0.000,      0.000,      0.000,      0.000,    β:       1.000
α:       0.000,      0.000,      0.000,      0.000,      0.000,      0.000,    β:       1.000
α:       0.000,      0.000,      0.000,      0.000,      0.000,      0.000,    β:       1.000
α:       0.000,      0.000,      0.000,      0.000,      0.000,      0.000,    β:       1.000
α:       0.000,      0.000,      0.000,      0.000,      0.000,      0.000,    β:       1.000
α:       0.000,      0.000,      0.000,      0.000,      0.000,      0.000,    β:       1.000
α:       0.000,      0.000,      0.000,      0.000,      0.000,      0.000,    β:       1.000
α:       0.000,      0.000,      0.000,      0.000,      0.000,      0.000,    β:       1.000
α:       0.000,      0.000,      0.000,      0.000,      0.000,      0.000,    β:       1.000
α:       0.000,      0.000,      0.000,      0.000,      0.000,      0.000,    β:       1.000
α:       0.000,      0.000,      0.000,      0.000,      0.000,      0.000,    β:       1.000
α:       0.000,      0.000,      0.000,      0.000,      0.000,      0.000,    β:       1.000
α:       0.000,      0.000,      0.000,      0.000,      0.000,      0.000,    β:       1.000
α:       0.000,      0.000,      0.000,      0.000,      0.000,      0.000,    β:       1.000
α:       0.000,      0.000,      0.000,      0.000,      0.000,      0.000,    β:       1.000
α:       0.000,      0.000,      0.000,      0.000,      0.000,      0.000,    β:       1.000
α:       0.000,      0.000,      0.000,      0.000,      0.000,      0.000,    β:       1.000
α:       0.000,      0.000,      0.000,      0.000,      0.000,      0.000,    β:       1.000
α:       0.000,      0.000,      0.000,      0.000,      0.000,      0.000,    β:       1.000
α:       0.000,      0.000,      0.000,      0.000,      0.000,      0.000,    β:       1.000
α:       0.000,      0.000,      0.000,      0.000,      0.000,      0.000,    β:       1.000
α:       0.000,      0.000,      0.000,      0.000,      0.000,      0.000,    β:       1.000
α:       0.000,      0.000,      0.000,      0.000,      0.000,      0.000,    β:       1.000
α:       0.000,      0.000,      0.000,      0.000,      0.000,      0.000,    β:       1.000
α:       0.000,      0.000,      0.000,      0.000,      0.000,      0.000,    β:       1.000
α:       0.000,      0.000,      0.000,      0.000,      0.000,      0.000,    β:       1.000
α:       0.000,      0.000,      0.000,      0.000,      0.000,      0.000,    β:       1.000
α:       0.000,      0.000,      0.000,      0.000,      0.000,      0.000,    β:       1.000
α:       0.000,      0.000,      0.000,      0.000,      0.000,      0.000,    β:       1.000
α:       0.000,      0.000,      0.000,      0.000,      0.000,      0.000,    β:       1.000
α:       0.000,      0.000,      0.000,      0.000,      0.000,      0.000,    β:       1.000
α:       0.000,      0.000,      0.000,      0.000,      0.000,      0.000,    β:       1.000
α:       0.000,      0.000,      0.000,      0.000,      0.000,      0.000,    β:       1.000
α:       0.000,      0.000,      0.000,      0.000,      0.000,      0.000,    β:       1.000
α:       0.000,      0.000,      0.000,      0.000,      0.000,      0.000,    β:       1.000
α:       0.000,      0.000,      0.000,      0.000,      0.000,      0.000,    β:       1.000
α:       0.000,      0.000,      0.000,      0.000,      0.000,      0.000,    β:       1.000
α:       0.000,      0.000,      0.000,      0.000,      0.000,      0.000,    β:       1.000
α:       0.000,      0.000,      0.000,      0.000,      0.000,      0.000,    β:       1.000
α:       0.000,      0.000,      0.000,      0.000,      0.000,      0.000,    β:       1.000
α:       0.000,      0.000,      0.000,      0.000,      0.000,      0.000,    β:       1.000
α:       0.000,      0.000,      0.000,      0.000,      0.000,      0.000,    β:       1.000
α:       0.000,      0.000,      0.000,      0.000,      0.000,      0.000,    β:       1.000
α:       0.000,      0.000,      0.000,      0.000,      0.000,      0.000,    β:       1.000
α:       0.000,      0.000,      0.000,      0.000,      0.000,      0.000,    β:       1.000
α:       0.000,      0.000,      0.000,      0.000,      0.000,      0.000,    β:       1.000
α:       0.000,      0.000,      0.000,      0.000,      0.000,      0.000,    β:       1.000
α:       0.000,      0.000,      0.000,      0.000,      0.000,      0.000,    β:       1.000
α:       0.000,      0.000,      0.000,      0.000,      0.000,      0.000,    β:       1.000
α:       0.000,      0.000,      0.000,      0.000,      0.000,      0.000,    β:       1.000
α:       0.000,      0.000,      0.000,      0.000,      0.000,      0.000,    β:       1.000
α:       0.000,      0.000,      0.000,      0.000,      0.000,      0.000,    β:       1.000
α:       0.000,      0.000,      0.000,      0.000,      0.000,      0.000,    β:       1.000
α:       0.000,      0.000,      0.000,      0.000,      0.000,      0.000,    β:       1.000
α:       0.000,      0.000,      0.000,      0.000,      0.000,      0.000,    β:       1.000
α:       0.000,      0.000,      0.000,      0.000,      0.000,      0.000,    β:       1.000
α:       0.000,      0.000,      0.000,      0.000,      0.000,      0.000,    β:       1.000
α:       0.000,      0.000,      0.000,      0.000,      0.000,      0.000,    β:       1.000
α:       0.000,      0.000,      0.000,      0.000,      0.000,      0.000,    β:       1.000
α:       0.000,      0.000,      0.000,      0.000,      0.000,      0.000,    β:       1.000
α:       0.000,      0.000,      0.000,      0.000,      0.000,      0.000,    β:       1.000
α:       0.000,      0.000,      0.000,      0.000,      0.000,      0.000,    β:       1.000
α:       0.000,      0.000,      0.000,      0.000,      0.000,      0.000,    β:       1.000
α:       0.000,      0.000,      0.000,      0.000,      0.000,      0.000,    β:       1.000
α:       0.000,      0.000,      0.000,      0.000,      0.000,      0.000,    β:       1.000
α:       0.000,      0.000,      0.000,      0.000,      0.000,      0.000,    β:       1.000
α:       0.000,      0.000,      0.000,      0.000,      0.000,      0.000,    β:       1.000
α:       0.000,      0.000,      0.000,      0.000,      0.000,      0.000,    β:       1.000
α:       0.000,      0.000,      0.000,      0.000,      0.000,      0.000,    β:       1.000
α:       0.000,      0.000,      0.000,      0.000,      0.000,      0.000,    β:       1.000
α:       0.000,      0.000,      0.000,      0.000,      0.000,      0.000,    β:       1.000
α:       0.000,      0.000,      0.000,      0.000,      0.000,      0.000,    β:       1.000
α:       0.000,      0.000,      0.000,      0.000,      0.000,      0.000,    β:       1.000
α:       0.000,      0.000,      0.000,      0.000,      0.000,      0.000,    β:       1.000
α:       0.000,      0.000,      0.000,      0.000,      0.000,      0.000,    β:       1.000
α:       0.000,      0.000,      0.000,      0.000,      0.000,      0.000,    β:       1.000
α:       0.000,      0.000,      0.000,      0.000,      0.000,      0.000,    β:       1.000
α:       0.000,      0.000,      0.000,      0.000,      0.000,      0.000,    β:       1.000
α:       0.000,      0.000,      0.000,      0.000,      0.000,      0.000,    β:       1.000
α:       0.000,      0.000,      0.000,      0.000,      0.000,      0.000,    β:       1.000
α:       0.000,      0.000,      0.000,      0.000,      0.000,      0.000,    β:       1.000
α:       0.000,      0.000,      0.000,      0.000,      0.000,      0.000,    β:       1.000
α:       0.000,      0.000,      0.000,      0.000,      0.000,      0.000,    β:       1.000
α:       0.000,      0.000,      0.000,      0.000,      0.000,      0.000,    β:       1.000
α:       0.000,      0.000,      0.000,      0.000,      0.000,      0.000,    β:       1.000
α:       0.000,      0.000,      0.000,      0.000,      0.000,      0.000,    β:       1.000
α:       0.000,      0.000,      0.000,      0.000,      0.000,      0.000,    β:       1.000
α:       0.000,      0.000,      0.000,      0.000,      0.000,      0.000,    β:       1.000
α:       0.000,      0.000,      0.000,      0.000,      0.000,      0.000,    β:       1.000
α:       0.000,      0.000,      0.000,      0.000,      0.000,      0.000,    β:       1.000
α:       0.000,      0.000,      0.000,      0.000,      0.000,      0.000,    β:       1.000
α:       0.000,      0.000,      0.000,      0.000,      0.000,      0.000,    β:       1.000
α:       0.000,      0.000,      0.000,      0.000,      0.000,      0.000,    β:       1.000
α:       0.000,      0.000,      0.000,      0.000,      0.000,      0.000,    β:       1.000
α:       0.000,      0.000,      0.000,      0.000,      0.000,      0.000,    β:       1.000
α:       0.000,      0.000,      0.000,      0.000,      0.000,      0.000,    β:       1.000
α:       0.000,      0.000,      0.000,      0.000,      0.000,      0.000,    β:       1.000
α:       0.000,      0.000,      0.000,      0.000,      0.000,      0.000,    β:       1.000
α:       0.000,      0.000,      0.000,      0.000,      0.000,      0.000,    β:       1.000
α:       0.000,      0.000,      0.000,      0.000,      0.000,      0.000,    β:       1.000
α:       0.000,      0.000,      0.000,      0.000,      0.000,      0.000,    β:       1.000
α:       0.000,      0.000,      0.000,      0.000,      0.000,      0.000,    β:       1.000
α:       0.000,      0.000,      0.000,      0.000,      0.000,      0.000,    β:       1.000
α:       0.000,      0.000,      0.000,      0.000,      0.000,      0.000,    β:       1.000
α:      -0.023,      0.039,      0.028,      0.007,      0.006,      0.002,    β:       1.000
α:      -0.037,      0.063,      0.054,      0.009,      0.016,      0.002,    β:       1.000
α:      -0.052,      0.085,      0.078,      0.014,      0.025,      0.002,    β:       1.000
α:      -0.062,      0.107,      0.099,      0.019,      0.031,      0.004,    β:       1.000
α:      -0.077,      0.125,      0.115,      0.026,      0.038,      0.006,    β:       1.000
α:      -0.083,      0.136,      0.135,      0.028,      0.046,      0.009,    β:       1.000
α:      -0.097,      0.153,      0.146,      0.034,      0.049,      0.010,    β:       1.000
α:      -0.109,      0.166,      0.162,      0.036,      0.060,      0.013,    β:       1.000
α:      -0.118,      0.178,      0.173,      0.038,      0.062,      0.015,    β:       1.000
α:      -0.130,      0.190,      0.187,      0.040,      0.067,      0.017,    β:       1.000
α:      -0.138,      0.204,      0.195,      0.042,      0.072,      0.016,    β:       1.000
α:      -0.146,      0.215,      0.205,      0.044,      0.076,      0.017,    β:       1.000
α:      -0.153,      0.227,      0.214,      0.048,      0.079,      0.020,    β:       1.000
α:      -0.161,      0.237,      0.224,      0.052,      0.084,      0.022,    β:       1.000
α:      -0.170,      0.249,      0.230,      0.055,      0.087,      0.022,    β:       1.000
α:      -0.172,      0.258,      0.238,      0.056,      0.092,      0.024,    β:       1.000
α:      -0.181,      0.262,      0.247,      0.060,      0.099,      0.027,    β:       1.000
α:      -0.183,      0.270,      0.258,      0.060,      0.103,      0.027,    β:       1.000
α:      -0.195,      0.276,      0.265,      0.063,      0.109,      0.028,    β:       1.000
α:      -0.202,      0.281,      0.269,      0.063,      0.111,      0.027,    β:       1.000
α:      -0.210,      0.289,      0.276,      0.064,      0.113,      0.028,    β:       1.000
α:      -0.220,      0.296,      0.285,      0.069,      0.117,      0.030,    β:       1.000
α:      -0.226,      0.306,      0.292,      0.071,      0.122,      0.032,    β:       1.000
α:      -0.233,      0.314,      0.301,      0.075,      0.126,      0.031,    β:       1.000
α:      -0.238,      0.323,      0.306,      0.077,      0.130,      0.032,    β:       1.000
α:      -0.245,      0.330,      0.307,      0.079,      0.133,      0.032,    β:       1.000
α:      -0.249,      0.333,      0.315,      0.080,      0.136,      0.033,    β:       1.000
α:      -0.256,      0.344,      0.322,      0.084,      0.140,      0.035,    β:       1.000
α:      -0.262,      0.347,      0.330,      0.086,      0.144,      0.035,    β:       1.000
α:      -0.263,      0.357,      0.335,      0.088,      0.146,      0.036,    β:       1.000
α:      -0.268,      0.367,      0.341,      0.090,      0.151,      0.038,    β:       1.000
α:      -0.273,      0.372,      0.349,      0.093,      0.154,      0.039,    β:       1.000
α:      -0.279,      0.378,      0.353,      0.095,      0.159,      0.038,    β:       1.000
α:      -0.284,      0.383,      0.359,      0.098,      0.163,      0.040,    β:       1.000
α:      -0.290,      0.387,      0.366,      0.101,      0.167,      0.039,    β:       1.000
α:      -0.295,      0.393,      0.369,      0.103,      0.170,      0.042,    β:       1.000
α:      -0.301,      0.399,      0.374,      0.106,      0.174,      0.043,    β:       1.000
α:      -0.305,      0.404,      0.380,      0.107,      0.177,      0.045,    β:       1.000
α:      -0.308,      0.409,      0.386,      0.110,      0.179,      0.046,    β:       1.000
α:      -0.313,      0.413,      0.389,      0.112,      0.183,      0.047,    β:       1.000
α:      -0.319,      0.421,      0.394,      0.115,      0.187,      0.050,    β:       1.000
α:      -0.323,      0.428,      0.401,      0.118,      0.190,      0.050,    β:       1.000
α:      -0.326,      0.431,      0.407,      0.119,      0.195,      0.050,    β:       1.000
α:      -0.330,      0.437,      0.410,      0.122,      0.198,      0.052,    β:       1.000
α:      -0.335,      0.442,      0.415,      0.123,      0.202,      0.051,    β:       1.000
α:      -0.340,      0.446,      0.417,      0.126,      0.204,      0.052,    β:       1.000
α:      -0.345,      0.450,      0.423,      0.127,      0.208,      0.051,    β:       1.000
α:      -0.348,      0.455,      0.429,      0.131,      0.212,      0.052,    β:       1.000
α:      -0.350,      0.458,      0.433,      0.131,      0.215,      0.055,    β:       1.000
α:      -0.353,      0.465,      0.436,      0.133,      0.217,      0.055,    β:       1.000
α:      -0.358,      0.469,      0.444,      0.135,      0.220,      0.056,    β:       1.000
α:      -0.362,      0.472,      0.448,      0.136,      0.223,      0.057,    β:       1.000
α:      -0.366,      0.476,      0.452,      0.138,      0.224,      0.057,    β:       1.000
α:      -0.369,      0.480,      0.457,      0.140,      0.227,      0.060,    β:       1.000
α:      -0.377,      0.482,      0.461,      0.143,      0.231,      0.061,    β:       1.000
α:      -0.380,      0.485,      0.468,      0.147,      0.233,      0.062,    β:       1.000
α:      -0.381,      0.489,      0.471,      0.148,      0.235,      0.063,    β:       1.000
α:      -0.383,      0.491,      0.475,      0.149,      0.238,      0.065,    β:       1.000
α:      -0.385,      0.495,      0.478,      0.151,      0.240,      0.065,    β:       1.000
α:      -0.389,      0.499,      0.481,      0.153,      0.243,      0.065,    β:       1.000
α:      -0.394,      0.502,      0.484,      0.154,      0.246,      0.065,    β:       1.000
α:      -0.398,      0.505,      0.489,      0.155,      0.249,      0.065,    β:       1.000
α:      -0.400,      0.509,      0.491,      0.157,      0.250,      0.066,    β:       1.000
α:      -0.400,      0.511,      0.495,      0.158,      0.252,      0.068,    β:       1.000
α:      -0.404,      0.514,      0.499,      0.160,      0.255,      0.070,    β:       1.000
α:      -0.407,      0.520,      0.502,      0.162,      0.257,      0.071,    β:       1.000
α:      -0.410,      0.527,      0.506,      0.163,      0.259,      0.071,    β:       1.000
α:      -0.415,      0.529,      0.507,      0.163,      0.261,      0.071,    β:       1.000
α:      -0.419,      0.533,      0.513,      0.165,      0.263,      0.072,    β:       1.000
α:      -0.423,      0.536,      0.516,      0.167,      0.266,      0.073,    β:       1.000
α:      -0.426,      0.542,      0.520,      0.170,      0.268,      0.075,    β:       1.000
α:      -0.429,      0.545,      0.523,      0.171,      0.271,      0.075,    β:       1.000
α:      -0.430,      0.549,      0.527,      0.173,      0.272,      0.077,    β:       1.000
α:      -0.435,      0.551,      0.529,      0.175,      0.275,      0.078,    β:       1.000
α:      -0.437,      0.555,      0.532,      0.177,      0.277,      0.078,    β:       1.000
α:      -0.442,      0.558,      0.534,      0.179,      0.280,      0.079,    β:       1.000
α:      -0.445,      0.562,      0.537,      0.181,      0.284,      0.080,    β:       1.000
α:      -0.447,      0.564,      0.541,      0.183,      0.284,      0.081,    β:       1.000
α:      -0.451,      0.569,      0.544,      0.185,      0.286,      0.082,    β:       1.000
α:      -0.457,      0.572,      0.547,      0.187,      0.288,      0.083,    β:       1.000
α:      -0.458,      0.577,      0.551,      0.189,      0.290,      0.084,    β:       1.000
α:      -0.463,      0.582,      0.554,      0.193,      0.292,      0.086,    β:       1.000
α:      -0.464,      0.584,      0.558,      0.194,      0.294,      0.088,    β:       1.000
α:      -0.467,      0.586,      0.561,      0.196,      0.296,      0.088,    β:       1.000
α:      -0.469,      0.590,      0.565,      0.197,      0.298,      0.091,    β:       1.000
α:      -0.473,      0.593,      0.568,      0.199,      0.301,      0.091,    β:       1.000
α:      -0.476,      0.598,      0.573,      0.201,      0.303,      0.093,    β:       1.000
α:      -0.480,      0.603,      0.576,      0.203,      0.306,      0.095,    β:       1.000
α:      -0.482,      0.607,      0.580,      0.203,      0.308,      0.094,    β:       1.000
α:      -0.486,      0.610,      0.583,      0.205,      0.311,      0.096,    β:       1.000
α:      -0.488,      0.612,      0.584,      0.206,      0.312,      0.096,    β:       1.000
α:      -0.491,      0.615,      0.587,      0.207,      0.314,      0.097,    β:       1.000
α:      -0.493,      0.618,      0.590,      0.207,      0.316,      0.097,    β:       1.000
α:      -0.496,      0.623,      0.592,      0.208,      0.318,      0.096,    β:       1.000
α:      -0.498,      0.626,      0.596,      0.209,      0.319,      0.095,    β:       1.000
α:      -0.499,      0.627,      0.599,      0.209,      0.320,      0.095,    β:       1.000
α:      -0.501,      0.629,      0.599,      0.211,      0.322,      0.096,    β:       1.000
α:      -0.501,      0.633,      0.602,      0.212,      0.323,      0.096,    β:       1.000
α:      -0.503,      0.637,      0.606,      0.214,      0.326,      0.098,    β:       1.000
α:      -0.506,      0.638,      0.607,      0.216,      0.328,      0.098,    β:       1.000
α:      -0.509,      0.641,      0.610,      0.218,      0.331,      0.100,    β:       1.000
α:      -0.512,      0.643,      0.613,      0.219,      0.333,      0.099,    β:       1.000
α:      -0.516,      0.645,      0.615,      0.221,      0.335,      0.101,    β:       1.000
α:      -0.518,      0.647,      0.619,      0.222,      0.337,      0.101,    β:       1.000
α:      -0.522,      0.650,      0.621,      0.224,      0.338,      0.101,    β:       1.000
α:      -0.524,      0.652,      0.623,      0.225,      0.340,      0.100,    β:       1.000
α:      -0.526,      0.655,      0.626,      0.227,      0.341,      0.102,    β:       1.000
α:      -0.530,      0.656,      0.628,      0.229,      0.343,      0.103,    β:       1.000
α:      -0.531,      0.657,      0.632,      0.230,      0.346,      0.103,    β:       1.000
α:      -0.534,      0.660,      0.636,      0.232,      0.348,      0.105,    β:       1.000
α:      -0.537,      0.662,      0.638,      0.233,      0.350,      0.106,    β:       1.000
α:      -0.538,      0.664,      0.639,      0.235,      0.351,      0.106,    β:       1.000
α:      -0.541,      0.665,      0.640,      0.235,      0.353,      0.107,    β:       1.000
α:      -0.542,      0.666,      0.643,      0.236,      0.355,      0.108,    β:       1.000
α:      -0.545,      0.670,      0.647,      0.238,      0.357,      0.110,    β:       1.000
α:      -0.545,      0.673,      0.648,      0.239,      0.358,      0.111,    β:       1.000
α:      -0.548,      0.675,      0.651,      0.241,      0.360,      0.110,    β:       1.000
α:      -0.550,      0.676,      0.654,      0.242,      0.362,      0.111,    β:       1.000
α:      -0.551,      0.679,      0.657,      0.242,      0.364,      0.112,    β:       1.000
α:      -0.555,      0.683,      0.660,      0.245,      0.366,      0.114,    β:       1.000
α:      -0.557,      0.686,      0.663,      0.246,      0.368,      0.115,    β:       1.000
α:      -0.559,      0.687,      0.665,      0.247,      0.370,      0.116,    β:       1.000
α:      -0.560,      0.689,      0.668,      0.248,      0.371,      0.118,    β:       1.000
α:      -0.562,      0.690,      0.671,      0.249,      0.373,      0.118,    β:       1.000
α:      -0.564,      0.692,      0.674,      0.250,      0.375,      0.118,    β:       1.000
α:      -0.565,      0.695,      0.676,      0.252,      0.377,      0.117,    β:       1.000
α:      -0.567,      0.697,      0.679,      0.254,      0.379,      0.118,    β:       1.000
α:      -0.570,      0.701,      0.681,      0.254,      0.381,      0.119,    β:       1.000
α:      -0.574,      0.703,      0.683,      0.256,      0.383,      0.119,    β:       1.000
α:      -0.576,      0.704,      0.687,      0.257,      0.384,      0.120,    β:       1.000
α:      -0.579,      0.706,      0.689,      0.259,      0.386,      0.120,    β:       1.000
α:      -0.581,      0.708,      0.692,      0.261,      0.388,      0.120,    β:       1.000
α:      -0.584,      0.709,      0.693,      0.261,      0.390,      0.120,    β:       1.000
α:      -0.585,      0.712,      0.696,      0.262,      0.391,      0.121,    β:       1.000
α:      -0.588,      0.715,      0.699,      0.263,      0.393,      0.121,    β:       1.000
α:      -0.590,      0.718,      0.701,      0.265,      0.395,      0.122,    β:       1.000
α:      -0.593,      0.720,      0.703,      0.266,      0.396,      0.123,    β:       1.000
α:      -0.594,      0.723,      0.707,      0.267,      0.398,      0.124,    β:       1.000
α:      -0.596,      0.723,      0.708,      0.268,      0.399,      0.124,    β:       1.000
α:      -0.597,      0.725,      0.712,      0.269,      0.401,      0.124,    β:       1.000
α:      -0.600,      0.728,      0.713,      0.272,      0.403,      0.124,    β:       1.000
α:      -0.601,      0.728,      0.713,      0.273,      0.405,      0.124,    β:       1.000
α:      -0.602,      0.732,      0.715,      0.273,      0.406,      0.125,    β:       1.000
α:      -0.603,      0.733,      0.718,      0.274,      0.407,      0.125,    β:       1.000
α:      -0.605,      0.737,      0.720,      0.275,      0.408,      0.125,    β:       1.000
α:      -0.605,      0.739,      0.722,      0.277,      0.410,      0.127,    β:       1.000
α:      -0.608,      0.741,      0.724,      0.279,      0.411,      0.128,    β:       1.000
α:      -0.610,      0.741,      0.727,      0.280,      0.413,      0.128,    β:       1.000
α:      -0.611,      0.745,      0.728,      0.281,      0.414,      0.129,    β:       1.000
α:      -0.613,      0.747,      0.730,      0.282,      0.416,      0.129,    β:       1.000
α:      -0.614,      0.748,      0.732,      0.283,      0.418,      0.130,    β:       1.000
α:      -0.615,      0.750,      0.734,      0.284,      0.420,      0.130,    β:       1.000
α:      -0.618,      0.752,      0.736,      0.285,      0.422,      0.131,    β:       1.000
α:      -0.618,      0.755,      0.737,      0.287,      0.423,      0.131,    β:       1.000
α:      -0.620,      0.756,      0.739,      0.288,      0.425,      0.132,    β:       1.000
α:      -0.622,      0.758,      0.741,      0.289,      0.427,      0.133,    β:       1.000
α:      -0.625,      0.761,      0.742,      0.290,      0.427,      0.132,    β:       1.000
α:      -0.627,      0.763,      0.744,      0.291,      0.429,      0.133,    β:       1.000
α:      -0.629,      0.766,      0.745,      0.292,      0.430,      0.133,    β:       1.000
α:      -0.630,      0.766,      0.746,      0.293,      0.431,      0.134,    β:       1.000
α:      -0.632,      0.770,      0.747,      0.295,      0.431,      0.134,    β:       1.000
α:      -0.633,      0.772,      0.748,      0.296,      0.433,      0.135,    β:       1.000
α:      -0.637,      0.774,      0.749,      0.298,      0.435,      0.134,    β:       1.000
α:      -0.638,      0.777,      0.751,      0.299,      0.436,      0.135,    β:       1.000
α:      -0.641,      0.777,      0.752,      0.299,      0.438,      0.135,    β:       1.000
α:      -0.644,      0.780,      0.754,      0.301,      0.439,      0.136,    β:       1.000
α:      -0.646,      0.782,      0.757,      0.302,      0.441,      0.137,    β:       1.000
α:      -0.648,      0.784,      0.758,      0.303,      0.443,      0.137,    β:       1.000
α:      -0.650,      0.786,      0.761,      0.304,      0.444,      0.138,    β:       1.000
α:      -0.652,      0.789,      0.763,      0.306,      0.445,      0.139,    β:       1.000
α:      -0.655,      0.790,      0.764,      0.307,      0.447,      0.139,    β:       1.000
α:      -0.657,      0.792,      0.765,      0.308,      0.449,      0.141,    β:       1.000
α:      -0.659,      0.793,      0.767,      0.310,      0.451,      0.142,    β:       1.000
α:      -0.660,      0.795,      0.768,      0.310,      0.451,      0.142,    β:       1.000
α:      -0.661,      0.797,      0.770,      0.311,      0.453,      0.143,    β:       1.000
α:      -0.662,      0.799,      0.774,      0.312,      0.456,      0.145,    β:       1.000
α:      -0.664,      0.801,      0.775,      0.313,      0.456,      0.145,    β:       1.000
α:      -0.667,      0.802,      0.775,      0.314,      0.458,      0.145,    β:       1.000
α:      -0.668,      0.804,      0.777,      0.316,      0.460,      0.146,    β:       1.000
α:      -0.671,      0.806,      0.780,      0.317,      0.462,      0.145,    β:       1.000
α:      -0.673,      0.807,      0.782,      0.318,      0.463,      0.146,    β:       1.000
α:      -0.675,      0.810,      0.784,      0.320,      0.464,      0.147,    β:       1.000
α:      -0.676,      0.811,      0.785,      0.321,      0.466,      0.146,    β:       1.000
α:      -0.678,      0.813,      0.787,      0.322,      0.467,      0.146,    β:       1.000
α:      -0.680,      0.815,      0.789,      0.324,      0.467,      0.147,    β:       1.000
α:      -0.682,      0.816,      0.791,      0.325,      0.469,      0.148,    β:       1.000
α:      -0.683,      0.819,      0.793,      0.326,      0.471,      0.148,    β:       1.000
α:      -0.685,      0.820,      0.795,      0.327,      0.473,      0.149,    β:       1.000
α:      -0.687,      0.822,      0.796,      0.329,      0.474,      0.150,    β:       1.000
α:      -0.688,      0.823,      0.797,      0.329,      0.476,      0.149,    β:       1.000
α:      -0.689,      0.827,      0.799,      0.330,      0.477,      0.150,    β:       1.000
α:      -0.692,      0.827,      0.801,      0.332,      0.478,      0.149,    β:       1.000
α:      -0.693,      0.829,      0.803,      0.333,      0.480,      0.149,    β:       1.000
α:      -0.696,      0.831,      0.804,      0.333,      0.482,      0.149,    β:       1.000
α:      -0.698,      0.832,      0.805,      0.333,      0.484,      0.148,    β:       1.000
α:      -0.700,      0.835,      0.807,      0.335,      0.486,      0.150,    β:       1.000
α:      -0.701,      0.837,      0.808,      0.335,      0.487,      0.151,    β:       1.000
α:      -0.704,      0.838,      0.811,      0.335,      0.488,      0.150,    β:       1.000
α:      -0.705,      0.840,      0.812,      0.335,      0.490,      0.151,    β:       1.000
α:      -0.706,      0.842,      0.813,      0.336,      0.491,      0.151,    β:       1.000
α:      -0.708,      0.844,      0.814,      0.336,      0.493,      0.151,    β:       1.000
α:      -0.710,      0.847,      0.816,      0.337,      0.495,      0.153,    β:       1.000
α:      -0.713,      0.849,      0.818,      0.338,      0.495,      0.154,    β:       1.000
α:      -0.714,      0.850,      0.819,      0.339,      0.497,      0.154,    β:       1.000
α:      -0.715,      0.852,      0.821,      0.340,      0.498,      0.155,    β:       1.000
α:      -0.717,      0.854,      0.823,      0.341,      0.499,      0.155,    β:       1.000
α:      -0.719,      0.856,      0.824,      0.342,      0.500,      0.155,    β:       1.000
α:      -0.720,      0.857,      0.825,      0.343,      0.501,      0.157,    β:       1.000
α:      -0.723,      0.859,      0.827,      0.345,      0.503,      0.158,    β:       1.000
α:      -0.724,      0.860,      0.828,      0.346,      0.505,      0.157,    β:       1.000
α:      -0.725,      0.862,      0.829,      0.346,      0.506,      0.157,    β:       1.000
α:      -0.728,      0.864,      0.831,      0.348,      0.507,      0.157,    β:       1.000
α:      -0.730,      0.866,      0.832,      0.349,      0.508,      0.158,    β:       1.000
α:      -0.731,      0.866,      0.834,      0.350,      0.509,      0.159,    β:       1.000
α:      -0.732,      0.868,      0.836,      0.350,      0.510,      0.158,    β:       1.000
α:      -0.734,      0.869,      0.837,      0.352,      0.511,      0.158,    β:       1.000
α:      -0.735,      0.871,      0.838,      0.354,      0.512,      0.159,    β:       1.000
α:      -0.736,      0.871,      0.840,      0.354,      0.515,      0.159,    β:       1.000
α:      -0.738,      0.873,      0.842,      0.355,      0.516,      0.159,    β:       1.000
α:      -0.738,      0.875,      0.843,      0.355,      0.517,      0.160,    β:       1.000
α:      -0.740,      0.878,      0.844,      0.356,      0.518,      0.159,    β:       1.000
α:      -0.742,      0.880,      0.846,      0.357,      0.520,      0.160,    β:       1.000
α:      -0.744,      0.882,      0.848,      0.358,      0.521,      0.160,    β:       1.000
α:      -0.744,      0.883,      0.849,      0.359,      0.522,      0.160,    β:       1.000
α:      -0.747,      0.885,      0.851,      0.360,      0.523,      0.160,    β:       1.000
α:      -0.747,      0.888,      0.852,      0.361,      0.524,      0.161,    β:       1.000
α:      -0.749,      0.889,      0.853,      0.362,      0.525,      0.162,    β:       1.000
α:      -0.751,      0.889,      0.854,      0.362,      0.526,      0.161,    β:       1.000
α:      -0.752,      0.891,      0.856,      0.363,      0.528,      0.162,    β:       1.000
α:      -0.753,      0.891,      0.856,      0.364,      0.528,      0.161,    β:       1.000
α:      -0.754,      0.893,      0.858,      0.365,      0.529,      0.162,    β:       1.000
α:      -0.756,      0.895,      0.861,      0.366,      0.530,      0.163,    β:       1.000
α:      -0.757,      0.896,      0.862,      0.367,      0.531,      0.163,    β:       1.000
α:      -0.759,      0.898,      0.864,      0.369,      0.532,      0.165,    β:       1.000
α:      -0.762,      0.898,      0.865,      0.370,      0.534,      0.163,    β:       1.000
α:      -0.762,      0.900,      0.866,      0.371,      0.535,      0.164,    β:       1.000
α:      -0.764,      0.902,      0.867,      0.371,      0.536,      0.164,    β:       1.000
α:      -0.765,      0.903,      0.869,      0.372,      0.537,      0.164,    β:       1.000
α:      -0.767,      0.904,      0.870,      0.373,      0.537,      0.165,    β:       1.000
α:      -0.768,      0.906,      0.872,      0.373,      0.539,      0.166,    β:       1.000
α:      -0.771,      0.908,      0.873,      0.374,      0.540,      0.166,    β:       1.000
α:      -0.771,      0.910,      0.875,      0.376,      0.541,      0.168,    β:       1.000
α:      -0.774,      0.911,      0.876,      0.377,      0.543,      0.167,    β:       1.000
α:      -0.774,      0.911,      0.877,      0.377,      0.543,      0.167,    β:       1.000
α:      -0.777,      0.914,      0.879,      0.379,      0.544,      0.167,    β:       1.000
α:      -0.778,      0.916,      0.880,      0.379,      0.546,      0.168,    β:       1.000
α:      -0.779,      0.917,      0.881,      0.380,      0.547,      0.168,    β:       1.000
α:      -0.781,      0.920,      0.882,      0.380,      0.547,      0.168,    β:       1.000
α:      -0.782,      0.921,      0.884,      0.381,      0.548,      0.169,    β:       1.000
α:      -0.783,      0.921,      0.886,      0.381,      0.550,      0.169,    β:       1.000
α:      -0.784,      0.923,      0.888,      0.382,      0.551,      0.169,    β:       1.000
α:      -0.786,      0.923,      0.890,      0.383,      0.552,      0.168,    β:       1.000
α:      -0.787,      0.925,      0.892,      0.383,      0.554,      0.168,    β:       1.000
α:      -0.789,      0.926,      0.893,      0.385,      0.555,      0.170,    β:       1.000
α:      -0.789,      0.927,      0.894,      0.385,      0.556,      0.170,    β:       1.000
α:      -0.791,      0.928,      0.895,      0.386,      0.557,      0.170,    β:       1.000
α:      -0.793,      0.930,      0.896,      0.388,      0.559,      0.170,    β:       1.000
α:      -0.794,      0.931,      0.898,      0.388,      0.560,      0.171,    β:       1.000
α:      -0.797,      0.932,      0.899,      0.389,      0.561,      0.171,    β:       1.000
α:      -0.798,      0.932,      0.899,      0.390,      0.562,      0.171,    β:       1.000
α:      -0.799,      0.933,      0.901,      0.390,      0.564,      0.172,    β:       1.000
α:      -0.800,      0.935,      0.902,      0.392,      0.565,      0.173,    β:       1.000
α:      -0.802,      0.937,      0.903,      0.392,      0.567,      0.173,    β:       1.000
α:      -0.802,      0.939,      0.905,      0.393,      0.568,      0.174,    β:       1.000
α:      -0.805,      0.940,      0.906,      0.395,      0.569,      0.175,    β:       1.000
α:      -0.804,      0.942,      0.908,      0.395,      0.570,      0.175,    β:       1.000
α:      -0.806,      0.943,      0.909,      0.396,      0.571,      0.175,    β:       1.000
α:      -0.807,      0.946,      0.909,      0.396,      0.571,      0.175,    β:       1.000
α:      -0.809,      0.947,      0.911,      0.397,      0.572,      0.174,    β:       1.000
α:      -0.810,      0.948,      0.911,      0.397,      0.573,      0.174,    β:       1.000
α:      -0.811,      0.949,      0.913,      0.398,      0.574,      0.175,    β:       1.000
α:      -0.813,      0.950,      0.915,      0.399,      0.575,      0.174,    β:       1.000
α:      -0.814,      0.950,      0.916,      0.399,      0.576,      0.174,    β:       1.000
α:      -0.816,      0.953,      0.918,      0.400,      0.577,      0.176,    β:       1.000
α:      -0.818,      0.953,      0.920,      0.401,      0.578,      0.177,    β:       1.000
α:      -0.820,      0.954,      0.921,      0.402,      0.578,      0.178,    β:       1.000
α:      -0.821,      0.953,      0.922,      0.403,      0.580,      0.178,    β:       1.000
α:      -0.822,      0.956,      0.924,      0.404,      0.581,      0.178,    β:       1.000
α:      -0.824,      0.957,      0.925,      0.405,      0.582,      0.179,    β:       1.000
α:      -0.826,      0.959,      0.926,      0.406,      0.583,      0.179,    β:       1.000
α:      -0.827,      0.960,      0.928,      0.406,      0.584,      0.179,    β:       1.000
α:      -0.828,      0.961,      0.928,      0.408,      0.585,      0.179,    β:       1.000
α:      -0.828,      0.961,      0.929,      0.408,      0.586,      0.180,    β:       1.000
α:      -0.830,      0.963,      0.931,      0.408,      0.587,      0.181,    β:       1.000
α:      -0.831,      0.964,      0.932,      0.409,      0.588,      0.180,    β:       1.000
α:      -0.831,      0.965,      0.933,      0.409,      0.588,      0.181,    β:       1.000
α:      -0.833,      0.967,      0.935,      0.409,      0.590,      0.181,    β:       1.000
α:      -0.834,      0.968,      0.937,      0.410,      0.591,      0.182,    β:       1.000
α:      -0.836,      0.968,      0.938,      0.410,      0.592,      0.182,    β:       1.000
α:      -0.837,      0.970,      0.939,      0.410,      0.593,      0.182,    β:       1.000
α:      -0.838,      0.972,      0.941,      0.411,      0.594,      0.183,    β:       1.000
α:      -0.840,      0.972,      0.942,      0.412,      0.595,      0.182,    β:       1.000
α:      -0.842,      0.974,      0.944,      0.413,      0.597,      0.183,    β:       1.000
α:      -0.842,      0.975,      0.944,      0.414,      0.597,      0.183,    β:       1.000
α:      -0.845,      0.977,      0.945,      0.415,      0.598,      0.183,    β:       1.000
α:      -0.847,      0.977,      0.947,      0.417,      0.600,      0.182,    β:       1.000
α:      -0.847,      0.979,      0.948,      0.417,      0.601,      0.183,    β:       1.000
α:      -0.849,      0.980,      0.948,      0.418,      0.602,      0.182,    β:       1.000
α:      -0.850,      0.981,      0.950,      0.419,      0.603,      0.183,    β:       1.000
α:      -0.852,      0.982,      0.950,      0.420,      0.604,      0.183,    β:       1.000
α:      -0.853,      0.982,      0.952,      0.419,      0.604,      0.182,    β:       1.000
α:      -0.855,      0.984,      0.954,      0.421,      0.606,      0.182,    β:       1.000
α:      -0.857,      0.986,      0.954,      0.421,      0.608,      0.183,    β:       1.000
α:      -0.858,      0.988,      0.955,      0.422,      0.609,      0.183,    β:       1.000
α:      -0.860,      0.989,      0.957,      0.422,      0.610,      0.183,    β:       1.000
α:      -0.862,      0.992,      0.958,      0.423,      0.611,      0.182,    β:       1.000
α:      -0.863,      0.993,      0.959,      0.423,      0.612,      0.183,    β:       1.000
α:      -0.864,      0.994,      0.959,      0.424,      0.613,      0.182,    β:       1.000
α:      -0.865,      0.996,      0.962,      0.424,      0.615,      0.182,    β:       1.000
α:      -0.867,      0.997,      0.964,      0.426,      0.616,      0.182,    β:       1.000
α:      -0.868,      0.998,      0.965,      0.426,      0.617,      0.182,    β:       1.000
α:      -0.869,      1.000,      0.966,      0.427,      0.617,      0.183,    β:       1.000
α:      -0.869,      1.000,      0.966,      0.428,      0.618,      0.182,    β:       1.000
α:      -0.871,      1.001,      0.967,      0.429,      0.619,      0.183,    β:       1.000
α:      -0.872,      1.002,      0.968,      0.429,      0.619,      0.183,    β:       1.000
α:      -0.872,      1.003,      0.969,      0.431,      0.621,      0.184,    β:       1.000
α:      -0.873,      1.004,      0.970,      0.432,      0.621,      0.184,    β:       1.000
α:      -0.875,      1.004,      0.970,      0.433,      0.622,      0.184,    β:       1.000
α:      -0.874,      1.007,      0.972,      0.433,      0.623,      0.185,    β:       1.000
α:      -0.876,      1.008,      0.973,      0.434,      0.624,      0.185,    β:       1.000
α:      -0.876,      1.009,      0.974,      0.435,      0.625,      0.186,    β:       1.000
α:      -0.878,      1.009,      0.976,      0.435,      0.626,      0.186,    β:       1.000
α:      -0.880,      1.009,      0.977,      0.437,      0.627,      0.186,    β:       1.000
α:      -0.880,      1.011,      0.978,      0.437,      0.628,      0.186,    β:       1.000
α:      -0.881,      1.013,      0.979,      0.438,      0.629,      0.186,    β:       1.000
α:      -0.882,      1.013,      0.980,      0.439,      0.630,      0.186,    β:       1.000
α:      -0.884,      1.015,      0.982,      0.440,      0.631,      0.187,    β:       1.000
α:      -0.885,      1.016,      0.982,      0.440,      0.632,      0.187,    β:       1.000
α:      -0.887,      1.018,      0.983,      0.441,      0.633,      0.187,    β:       1.000
α:      -0.888,      1.018,      0.984,      0.441,      0.633,      0.186,    β:       1.000
α:      -0.888,      1.020,      0.984,      0.442,      0.633,      0.186,    β:       1.000
α:      -0.889,      1.022,      0.986,      0.442,      0.635,      0.187,    β:       1.000
α:      -0.892,      1.023,      0.987,      0.443,      0.636,      0.187,    β:       1.000
α:      -0.892,      1.025,      0.988,      0.443,      0.636,      0.187,    β:       1.000
α:      -0.895,      1.026,      0.988,      0.444,      0.637,      0.187,    β:       1.000
α:      -0.895,      1.028,      0.989,      0.445,      0.637,      0.188,    β:       1.000
α:      -0.897,      1.029,      0.990,      0.446,      0.638,      0.188,    β:       1.000
α:      -0.897,      1.031,      0.991,      0.447,      0.639,      0.189,    β:       1.000
α:      -0.898,      1.032,      0.993,      0.448,      0.640,      0.189,    β:       1.000
α:      -0.899,      1.033,      0.994,      0.449,      0.641,      0.190,    β:       1.000
α:      -0.901,      1.034,      0.995,      0.449,      0.641,      0.189,    β:       1.000
α:      -0.903,      1.035,      0.997,      0.450,      0.643,      0.189,    β:       1.000
α:      -0.904,      1.036,      0.997,      0.451,      0.643,      0.189,    β:       1.000
α:      -0.906,      1.037,      0.998,      0.452,      0.644,      0.189,    β:       1.000
α:      -0.907,      1.037,      0.999,      0.453,      0.645,      0.190,    β:       1.000
α:      -0.908,      1.039,      0.999,      0.453,      0.646,      0.190,    β:       1.000
α:      -0.910,      1.040,      1.001,      0.454,      0.647,      0.190,    β:       1.000
α:      -0.912,      1.041,      1.001,      0.455,      0.648,      0.190,    β:       1.000
α:      -0.913,      1.042,      1.002,      0.455,      0.648,      0.189,    β:       1.000
α:      -0.913,      1.043,      1.004,      0.454,      0.648,      0.189,    β:       1.000
