α0:     -0.322,      0.246,     -0.179,     -1.478,     -0.185,      1.270,    β0:      1.000
α:       0.000,      0.000,      0.000,      0.000,      0.000,      0.000,    β:       1.000
α:       0.000,      0.000,      0.000,      0.000,      0.000,      0.000,    β:       1.000
α:       0.000,      0.000,      0.000,      0.000,      0.000,      0.000,    β:       1.000
α:       0.000,      0.000,      0.000,      0.000,      0.000,      0.000,    β:       1.000
α:       0.000,      0.000,      0.000,      0.000,      0.000,      0.000,    β:       1.000
α:       0.000,      0.000,      0.000,      0.000,      0.000,      0.000,    β:       1.000
α:       0.000,      0.000,      0.000,      0.000,      0.000,      0.000,    β:       1.000
α:       0.000,      0.000,      0.000,      0.000,      0.000,      0.000,    β:       1.000
α:       0.000,      0.000,      0.000,      0.000,      0.000,      0.000,    β:       1.000
α:       0.000,      0.000,      0.000,      0.000,      0.000,      0.000,    β:       1.000
α:       0.000,      0.000,      0.000,      0.000,      0.000,      0.000,    β:       1.000
α:       0.000,      0.000,      0.000,      0.000,      0.000,      0.000,    β:       1.000
α:       0.000,      0.000,      0.000,      0.000,      0.000,      0.000,    β:       1.000
α:       0.000,      0.000,      0.000,      0.000,      0.000,      0.000,    β:       1.000
α:       0.000,      0.000,      0.000,      0.000,      0.000,      0.000,    β:       1.000
α:       0.000,      0.000,      0.000,      0.000,      0.000,      0.000,    β:       1.000
α:       0.000,      0.000,      0.000,      0.000,      0.000,      0.000,    β:       1.000
α:       0.000,      0.000,      0.000,      0.000,      0.000,      0.000,    β:       1.000
α:       0.000,      0.000,      0.000,      0.000,      0.000,      0.000,    β:       1.000
α:       0.000,      0.000,      0.000,      0.000,      0.000,      0.000,    β:       1.000
α:       0.000,      0.000,      0.000,      0.000,      0.000,      0.000,    β:       1.000
α:       0.000,      0.000,      0.000,      0.000,      0.000,      0.000,    β:       1.000
α:       0.000,      0.000,      0.000,      0.000,      0.000,      0.000,    β:       1.000
α:       0.000,      0.000,      0.000,      0.000,      0.000,      0.000,    β:       1.000
α:       0.000,      0.000,      0.000,      0.000,      0.000,      0.000,    β:       1.000
α:       0.000,      0.000,      0.000,      0.000,      0.000,      0.000,    β:       1.000
α:       0.000,      0.000,      0.000,      0.000,      0.000,      0.000,    β:       1.000
α:       0.000,      0.000,      0.000,      0.000,      0.000,      0.000,    β:       1.000
α:       0.000,      0.000,      0.000,      0.000,      0.000,      0.000,    β:       1.000
α:       0.000,      0.000,      0.000,      0.000,      0.000,      0.000,    β:       1.000
α:       0.000,      0.000,      0.000,      0.000,      0.000,      0.000,    β:       1.000
α:       0.000,      0.000,      0.000,      0.000,      0.000,      0.000,    β:       1.000
α:       0.000,      0.000,      0.000,      0.000,      0.000,      0.000,    β:       1.000
α:       0.000,      0.000,      0.000,      0.000,      0.000,      0.000,    β:       1.000
α:       0.000,      0.000,      0.000,      0.000,      0.000,      0.000,    β:       1.000
α:       0.000,      0.000,      0.000,      0.000,      0.000,      0.000,    β:       1.000
α:       0.000,      0.000,      0.000,      0.000,      0.000,      0.000,    β:       1.000
α:       0.000,      0.000,      0.000,      0.000,      0.000,      0.000,    β:       1.000
α:       0.000,      0.000,      0.000,      0.000,      0.000,      0.000,    β:       1.000
α:       0.000,      0.000,      0.000,      0.000,      0.000,      0.000,    β:       1.000
α:       0.000,      0.000,      0.000,      0.000,      0.000,      0.000,    β:       1.000
α:       0.000,      0.000,      0.000,      0.000,      0.000,      0.000,    β:       1.000
α:       0.000,      0.000,      0.000,      0.000,      0.000,      0.000,    β:       1.000
α:       0.000,      0.000,      0.000,      0.000,      0.000,      0.000,    β:       1.000
α:       0.000,      0.000,      0.000,      0.000,      0.000,      0.000,    β:       1.000
α:       0.000,      0.000,      0.000,      0.000,      0.000,      0.000,    β:       1.000
α:       0.000,      0.000,      0.000,      0.000,      0.000,      0.000,    β:       1.000
α:       0.000,      0.000,      0.000,      0.000,      0.000,      0.000,    β:       1.000
α:       0.000,      0.000,      0.000,      0.000,      0.000,      0.000,    β:       1.000
α:       0.000,      0.000,      0.000,      0.000,      0.000,      0.000,    β:       1.000
α:       0.000,      0.000,      0.000,      0.000,      0.000,      0.000,    β:       1.000
α:       0.000,      0.000,      0.000,      0.000,      0.000,      0.000,    β:       1.000
α:       0.000,      0.000,      0.000,      0.000,      0.000,      0.000,    β:       1.000
α:       0.000,      0.000,      0.000,      0.000,      0.000,      0.000,    β:       1.000
α:       0.000,      0.000,      0.000,      0.000,      0.000,      0.000,    β:       1.000
α:       0.000,      0.000,      0.000,      0.000,      0.000,      0.000,    β:       1.000
α:       0.000,      0.000,      0.000,      0.000,      0.000,      0.000,    β:       1.000
α:       0.000,      0.000,      0.000,      0.000,      0.000,      0.000,    β:       1.000
α:       0.000,      0.000,      0.000,      0.000,      0.000,      0.000,    β:       1.000
α:       0.000,      0.000,      0.000,      0.000,      0.000,      0.000,    β:       1.000
α:       0.000,      0.000,      0.000,      0.000,      0.000,      0.000,    β:       1.000
α:       0.000,      0.000,      0.000,      0.000,      0.000,      0.000,    β:       1.000
α:       0.000,      0.000,      0.000,      0.000,      0.000,      0.000,    β:       1.000
α:       0.000,      0.000,      0.000,      0.000,      0.000,      0.000,    β:       1.000
α:       0.000,      0.000,      0.000,      0.000,      0.000,      0.000,    β:       1.000
α:       0.000,      0.000,      0.000,      0.000,      0.000,      0.000,    β:       1.000
α:       0.000,      0.000,      0.000,      0.000,      0.000,      0.000,    β:       1.000
α:       0.000,      0.000,      0.000,      0.000,      0.000,      0.000,    β:       1.000
α:       0.000,      0.000,      0.000,      0.000,      0.000,      0.000,    β:       1.000
α:       0.000,      0.000,      0.000,      0.000,      0.000,      0.000,    β:       1.000
α:       0.000,      0.000,      0.000,      0.000,      0.000,      0.000,    β:       1.000
α:       0.000,      0.000,      0.000,      0.000,      0.000,      0.000,    β:       1.000
α:       0.000,      0.000,      0.000,      0.000,      0.000,      0.000,    β:       1.000
α:       0.000,      0.000,      0.000,      0.000,      0.000,      0.000,    β:       1.000
α:       0.000,      0.000,      0.000,      0.000,      0.000,      0.000,    β:       1.000
α:       0.000,      0.000,      0.000,      0.000,      0.000,      0.000,    β:       1.000
α:       0.000,      0.000,      0.000,      0.000,      0.000,      0.000,    β:       1.000
α:       0.000,      0.000,      0.000,      0.000,      0.000,      0.000,    β:       1.000
α:       0.000,      0.000,      0.000,      0.000,      0.000,      0.000,    β:       1.000
α:       0.000,      0.000,      0.000,      0.000,      0.000,      0.000,    β:       1.000
α:       0.000,      0.000,      0.000,      0.000,      0.000,      0.000,    β:       1.000
α:       0.000,      0.000,      0.000,      0.000,      0.000,      0.000,    β:       1.000
α:       0.000,      0.000,      0.000,      0.000,      0.000,      0.000,    β:       1.000
α:       0.000,      0.000,      0.000,      0.000,      0.000,      0.000,    β:       1.000
α:       0.000,      0.000,      0.000,      0.000,      0.000,      0.000,    β:       1.000
α:       0.000,      0.000,      0.000,      0.000,      0.000,      0.000,    β:       1.000
α:       0.000,      0.000,      0.000,      0.000,      0.000,      0.000,    β:       1.000
α:       0.000,      0.000,      0.000,      0.000,      0.000,      0.000,    β:       1.000
α:       0.000,      0.000,      0.000,      0.000,      0.000,      0.000,    β:       1.000
α:       0.000,      0.000,      0.000,      0.000,      0.000,      0.000,    β:       1.000
α:       0.000,      0.000,      0.000,      0.000,      0.000,      0.000,    β:       1.000
α:       0.000,      0.000,      0.000,      0.000,      0.000,      0.000,    β:       1.000
α:       0.000,      0.000,      0.000,      0.000,      0.000,      0.000,    β:       1.000
α:       0.000,      0.000,      0.000,      0.000,      0.000,      0.000,    β:       1.000
α:       0.000,      0.000,      0.000,      0.000,      0.000,      0.000,    β:       1.000
α:       0.000,      0.000,      0.000,      0.000,      0.000,      0.000,    β:       1.000
α:       0.000,      0.000,      0.000,      0.000,      0.000,      0.000,    β:       1.000
α:       0.000,      0.000,      0.000,      0.000,      0.000,      0.000,    β:       1.000
α:       0.000,      0.000,      0.000,      0.000,      0.000,      0.000,    β:       1.000
α:       0.000,      0.000,      0.000,      0.000,      0.000,      0.000,    β:       1.000
α:       0.000,      0.000,      0.000,      0.000,      0.000,      0.000,    β:       1.000
α:       0.000,      0.000,      0.000,      0.000,      0.000,      0.000,    β:       1.000
α:       0.000,      0.000,      0.000,      0.000,      0.000,      0.000,    β:       1.000
α:       0.000,      0.000,      0.000,      0.000,      0.000,      0.000,    β:       1.000
α:       0.000,      0.000,      0.000,      0.000,      0.000,      0.000,    β:       1.000
α:       0.000,      0.000,      0.000,      0.000,      0.000,      0.000,    β:       1.000
α:       0.000,      0.000,      0.000,      0.000,      0.000,      0.000,    β:       1.000
α:       0.000,      0.000,      0.000,      0.000,      0.000,      0.000,    β:       1.000
α:       0.000,      0.000,      0.000,      0.000,      0.000,      0.000,    β:       1.000
α:       0.000,      0.000,      0.000,      0.000,      0.000,      0.000,    β:       1.000
α:       0.000,      0.000,      0.000,      0.000,      0.000,      0.000,    β:       1.000
α:       0.000,      0.000,      0.000,      0.000,      0.000,      0.000,    β:       1.000
α:       0.000,      0.000,      0.000,      0.000,      0.000,      0.000,    β:       1.000
α:       0.000,      0.000,      0.000,      0.000,      0.000,      0.000,    β:       1.000
α:       0.000,      0.000,      0.000,      0.000,      0.000,      0.000,    β:       1.000
α:       0.000,      0.000,      0.000,      0.000,      0.000,      0.000,    β:       1.000
α:       0.000,      0.000,      0.000,      0.000,      0.000,      0.000,    β:       1.000
α:       0.000,      0.000,      0.000,      0.000,      0.000,      0.000,    β:       1.000
α:       0.000,      0.000,      0.000,      0.000,      0.000,      0.000,    β:       1.000
α:       0.000,      0.000,      0.000,      0.000,      0.000,      0.000,    β:       1.000
α:       0.000,      0.000,      0.000,      0.000,      0.000,      0.000,    β:       1.000
α:       0.000,      0.000,      0.000,      0.000,      0.000,      0.000,    β:       1.000
α:       0.000,      0.000,      0.000,      0.000,      0.000,      0.000,    β:       1.000
α:       0.000,      0.000,      0.000,      0.000,      0.000,      0.000,    β:       1.000
α:       0.000,      0.000,      0.000,      0.000,      0.000,      0.000,    β:       1.000
α:       0.000,      0.000,      0.000,      0.000,      0.000,      0.000,    β:       1.000
α:       0.000,      0.000,      0.000,      0.000,      0.000,      0.000,    β:       1.000
α:       0.000,      0.000,      0.000,      0.000,      0.000,      0.000,    β:       1.000
α:       0.000,      0.000,      0.000,      0.000,      0.000,      0.000,    β:       1.000
α:       0.000,      0.000,      0.000,      0.000,      0.000,      0.000,    β:       1.000
α:       0.000,      0.000,      0.000,      0.000,      0.000,      0.000,    β:       1.000
α:       0.000,      0.000,      0.000,      0.000,      0.000,      0.000,    β:       1.000
α:       0.000,      0.000,      0.000,      0.000,      0.000,      0.000,    β:       1.000
α:       0.000,      0.000,      0.000,      0.000,      0.000,      0.000,    β:       1.000
α:       0.000,      0.000,      0.000,      0.000,      0.000,      0.000,    β:       1.000
α:       0.000,      0.000,      0.000,      0.000,      0.000,      0.000,    β:       1.000
α:       0.000,      0.000,      0.000,      0.000,      0.000,      0.000,    β:       1.000
α:       0.000,      0.000,      0.000,      0.000,      0.000,      0.000,    β:       1.000
α:       0.000,      0.000,      0.000,      0.000,      0.000,      0.000,    β:       1.000
α:       0.000,      0.000,      0.000,      0.000,      0.000,      0.000,    β:       1.000
α:       0.000,      0.000,      0.000,      0.000,      0.000,      0.000,    β:       1.000
α:       0.000,      0.000,      0.000,      0.000,      0.000,      0.000,    β:       1.000
α:       0.000,      0.000,      0.000,      0.000,      0.000,      0.000,    β:       1.000
α:       0.000,      0.000,      0.000,      0.000,      0.000,      0.000,    β:       1.000
α:       0.000,      0.000,      0.000,      0.000,      0.000,      0.000,    β:       1.000
α:       0.000,      0.000,      0.000,      0.000,      0.000,      0.000,    β:       1.000
α:       0.000,      0.000,      0.000,      0.000,      0.000,      0.000,    β:       1.000
α:       0.000,      0.000,      0.000,      0.000,      0.000,      0.000,    β:       1.000
α:       0.000,      0.000,      0.000,      0.000,      0.000,      0.000,    β:       1.000
α:       0.000,      0.000,      0.000,      0.000,      0.000,      0.000,    β:       1.000
α:      -0.017,      0.016,     -0.010,     -0.020,     -0.011,      0.019,    β:       1.000
α:      -0.023,      0.035,     -0.022,     -0.037,     -0.021,      0.034,    β:       1.000
α:      -0.034,      0.043,     -0.036,     -0.050,     -0.030,      0.051,    β:       1.000
α:      -0.046,      0.057,     -0.045,     -0.065,     -0.040,      0.067,    β:       1.000
α:      -0.061,      0.064,     -0.053,     -0.078,     -0.048,      0.079,    β:       1.000
α:      -0.070,      0.072,     -0.065,     -0.093,     -0.057,      0.089,    β:       1.000
α:      -0.083,      0.080,     -0.070,     -0.108,     -0.064,      0.100,    β:       1.000
α:      -0.094,      0.086,     -0.079,     -0.119,     -0.071,      0.112,    β:       1.000
α:      -0.103,      0.094,     -0.083,     -0.128,     -0.076,      0.123,    β:       1.000
α:      -0.111,      0.102,     -0.090,     -0.139,     -0.084,      0.134,    β:       1.000
α:      -0.117,      0.111,     -0.094,     -0.149,     -0.089,      0.145,    β:       1.000
α:      -0.123,      0.116,     -0.104,     -0.156,     -0.096,      0.155,    β:       1.000
α:      -0.129,      0.121,     -0.110,     -0.164,     -0.101,      0.163,    β:       1.000
α:      -0.135,      0.123,     -0.117,     -0.172,     -0.107,      0.170,    β:       1.000
α:      -0.140,      0.135,     -0.122,     -0.182,     -0.112,      0.179,    β:       1.000
α:      -0.148,      0.138,     -0.128,     -0.189,     -0.119,      0.188,    β:       1.000
α:      -0.153,      0.143,     -0.133,     -0.197,     -0.124,      0.197,    β:       1.000
α:      -0.157,      0.147,     -0.137,     -0.206,     -0.128,      0.205,    β:       1.000
α:      -0.162,      0.153,     -0.145,     -0.213,     -0.135,      0.213,    β:       1.000
α:      -0.165,      0.159,     -0.148,     -0.221,     -0.140,      0.221,    β:       1.000
α:      -0.169,      0.162,     -0.148,     -0.229,     -0.144,      0.229,    β:       1.000
α:      -0.176,      0.167,     -0.154,     -0.236,     -0.150,      0.235,    β:       1.000
α:      -0.185,      0.171,     -0.157,     -0.244,     -0.155,      0.241,    β:       1.000
α:      -0.191,      0.175,     -0.162,     -0.251,     -0.161,      0.248,    β:       1.000
α:      -0.198,      0.180,     -0.166,     -0.258,     -0.167,      0.254,    β:       1.000
α:      -0.202,      0.187,     -0.172,     -0.264,     -0.170,      0.261,    β:       1.000
α:      -0.206,      0.190,     -0.177,     -0.270,     -0.174,      0.266,    β:       1.000
α:      -0.211,      0.194,     -0.183,     -0.277,     -0.178,      0.273,    β:       1.000
α:      -0.212,      0.199,     -0.189,     -0.284,     -0.181,      0.279,    β:       1.000
α:      -0.216,      0.201,     -0.193,     -0.288,     -0.185,      0.284,    β:       1.000
α:      -0.219,      0.205,     -0.198,     -0.295,     -0.190,      0.290,    β:       1.000
α:      -0.223,      0.211,     -0.204,     -0.302,     -0.195,      0.295,    β:       1.000
α:      -0.226,      0.209,     -0.206,     -0.307,     -0.199,      0.300,    β:       1.000
α:      -0.230,      0.213,     -0.209,     -0.312,     -0.202,      0.306,    β:       1.000
α:      -0.232,      0.216,     -0.213,     -0.318,     -0.205,      0.312,    β:       1.000
α:      -0.237,      0.218,     -0.213,     -0.325,     -0.209,      0.317,    β:       1.000
α:      -0.240,      0.219,     -0.218,     -0.329,     -0.212,      0.323,    β:       1.000
α:      -0.243,      0.220,     -0.220,     -0.335,     -0.216,      0.328,    β:       1.000
α:      -0.243,      0.223,     -0.226,     -0.339,     -0.219,      0.333,    β:       1.000
α:      -0.249,      0.223,     -0.224,     -0.344,     -0.223,      0.339,    β:       1.000
α:      -0.252,      0.226,     -0.230,     -0.350,     -0.227,      0.344,    β:       1.000
α:      -0.254,      0.226,     -0.234,     -0.354,     -0.231,      0.349,    β:       1.000
α:      -0.257,      0.230,     -0.237,     -0.358,     -0.233,      0.355,    β:       1.000
α:      -0.262,      0.231,     -0.240,     -0.363,     -0.237,      0.361,    β:       1.000
α:      -0.264,      0.235,     -0.243,     -0.367,     -0.240,      0.365,    β:       1.000
α:      -0.266,      0.236,     -0.243,     -0.372,     -0.242,      0.370,    β:       1.000
α:      -0.270,      0.237,     -0.246,     -0.377,     -0.246,      0.374,    β:       1.000
α:      -0.271,      0.242,     -0.249,     -0.383,     -0.250,      0.379,    β:       1.000
α:      -0.275,      0.241,     -0.252,     -0.388,     -0.253,      0.384,    β:       1.000
α:      -0.279,      0.247,     -0.254,     -0.393,     -0.256,      0.389,    β:       1.000
α:      -0.282,      0.246,     -0.255,     -0.397,     -0.260,      0.394,    β:       1.000
α:      -0.283,      0.250,     -0.256,     -0.401,     -0.262,      0.397,    β:       1.000
α:      -0.287,      0.250,     -0.263,     -0.405,     -0.266,      0.402,    β:       1.000
α:      -0.291,      0.252,     -0.267,     -0.410,     -0.269,      0.406,    β:       1.000
α:      -0.295,      0.253,     -0.271,     -0.413,     -0.272,      0.410,    β:       1.000
α:      -0.297,      0.254,     -0.272,     -0.418,     -0.273,      0.415,    β:       1.000
α:      -0.302,      0.252,     -0.276,     -0.421,     -0.277,      0.418,    β:       1.000
α:      -0.305,      0.255,     -0.276,     -0.425,     -0.280,      0.423,    β:       1.000
α:      -0.306,      0.257,     -0.276,     -0.429,     -0.283,      0.427,    β:       1.000
α:      -0.308,      0.256,     -0.278,     -0.433,     -0.286,      0.431,    β:       1.000
α:      -0.310,      0.260,     -0.281,     -0.437,     -0.288,      0.436,    β:       1.000
α:      -0.312,      0.262,     -0.281,     -0.443,     -0.292,      0.439,    β:       1.000
α:      -0.314,      0.266,     -0.282,     -0.447,     -0.293,      0.443,    β:       1.000
α:      -0.317,      0.266,     -0.284,     -0.451,     -0.296,      0.446,    β:       1.000
α:      -0.319,      0.268,     -0.286,     -0.454,     -0.298,      0.451,    β:       1.000
α:      -0.322,      0.269,     -0.288,     -0.458,     -0.301,      0.455,    β:       1.000
α:      -0.327,      0.274,     -0.294,     -0.462,     -0.304,      0.459,    β:       1.000
α:      -0.332,      0.274,     -0.296,     -0.467,     -0.306,      0.462,    β:       1.000
α:      -0.333,      0.275,     -0.301,     -0.470,     -0.309,      0.467,    β:       1.000
α:      -0.335,      0.276,     -0.301,     -0.475,     -0.311,      0.469,    β:       1.000
α:      -0.338,      0.277,     -0.303,     -0.479,     -0.313,      0.473,    β:       1.000
α:      -0.339,      0.279,     -0.305,     -0.482,     -0.315,      0.476,    β:       1.000
α:      -0.343,      0.282,     -0.307,     -0.486,     -0.318,      0.482,    β:       1.000
α:      -0.344,      0.284,     -0.311,     -0.489,     -0.321,      0.485,    β:       1.000
α:      -0.347,      0.283,     -0.312,     -0.493,     -0.323,      0.488,    β:       1.000
α:      -0.349,      0.287,     -0.314,     -0.495,     -0.326,      0.492,    β:       1.000
α:      -0.352,      0.288,     -0.315,     -0.498,     -0.327,      0.495,    β:       1.000
α:      -0.354,      0.290,     -0.319,     -0.501,     -0.328,      0.498,    β:       1.000
α:      -0.357,      0.289,     -0.323,     -0.504,     -0.331,      0.502,    β:       1.000
α:      -0.358,      0.291,     -0.324,     -0.508,     -0.332,      0.505,    β:       1.000
α:      -0.361,      0.295,     -0.324,     -0.511,     -0.334,      0.508,    β:       1.000
α:      -0.361,      0.295,     -0.326,     -0.515,     -0.337,      0.512,    β:       1.000
α:      -0.362,      0.298,     -0.329,     -0.518,     -0.338,      0.516,    β:       1.000
α:      -0.363,      0.301,     -0.330,     -0.520,     -0.341,      0.518,    β:       1.000
α:      -0.364,      0.301,     -0.331,     -0.523,     -0.343,      0.521,    β:       1.000
α:      -0.368,      0.304,     -0.334,     -0.527,     -0.346,      0.524,    β:       1.000
α:      -0.372,      0.303,     -0.333,     -0.530,     -0.348,      0.527,    β:       1.000
α:      -0.372,      0.306,     -0.337,     -0.533,     -0.350,      0.530,    β:       1.000
α:      -0.374,      0.307,     -0.339,     -0.537,     -0.352,      0.534,    β:       1.000
α:      -0.377,      0.308,     -0.339,     -0.541,     -0.354,      0.537,    β:       1.000
α:      -0.379,      0.311,     -0.342,     -0.543,     -0.356,      0.541,    β:       1.000
α:      -0.381,      0.312,     -0.345,     -0.545,     -0.358,      0.544,    β:       1.000
α:      -0.382,      0.312,     -0.347,     -0.548,     -0.360,      0.548,    β:       1.000
α:      -0.382,      0.316,     -0.349,     -0.551,     -0.361,      0.552,    β:       1.000
α:      -0.384,      0.318,     -0.349,     -0.553,     -0.363,      0.556,    β:       1.000
α:      -0.386,      0.318,     -0.351,     -0.557,     -0.365,      0.559,    β:       1.000
α:      -0.389,      0.319,     -0.354,     -0.560,     -0.367,      0.560,    β:       1.000
α:      -0.391,      0.321,     -0.357,     -0.563,     -0.369,      0.563,    β:       1.000
α:      -0.393,      0.322,     -0.359,     -0.566,     -0.371,      0.567,    β:       1.000
α:      -0.393,      0.325,     -0.361,     -0.569,     -0.374,      0.571,    β:       1.000
α:      -0.395,      0.326,     -0.360,     -0.571,     -0.375,      0.575,    β:       1.000
α:      -0.397,      0.324,     -0.363,     -0.574,     -0.378,      0.578,    β:       1.000
α:      -0.398,      0.328,     -0.362,     -0.578,     -0.380,      0.581,    β:       1.000
α:      -0.402,      0.328,     -0.364,     -0.581,     -0.381,      0.583,    β:       1.000
α:      -0.404,      0.333,     -0.368,     -0.585,     -0.383,      0.586,    β:       1.000
α:      -0.405,      0.333,     -0.370,     -0.586,     -0.385,      0.588,    β:       1.000
α:      -0.407,      0.334,     -0.372,     -0.588,     -0.387,      0.591,    β:       1.000
α:      -0.408,      0.335,     -0.373,     -0.592,     -0.389,      0.594,    β:       1.000
α:      -0.410,      0.334,     -0.375,     -0.594,     -0.391,      0.596,    β:       1.000
α:      -0.413,      0.336,     -0.376,     -0.597,     -0.393,      0.599,    β:       1.000
α:      -0.415,      0.336,     -0.379,     -0.600,     -0.395,      0.602,    β:       1.000
α:      -0.417,      0.337,     -0.383,     -0.603,     -0.397,      0.606,    β:       1.000
α:      -0.418,      0.337,     -0.385,     -0.606,     -0.399,      0.609,    β:       1.000
α:      -0.420,      0.338,     -0.388,     -0.609,     -0.401,      0.611,    β:       1.000
α:      -0.423,      0.338,     -0.390,     -0.612,     -0.403,      0.613,    β:       1.000
α:      -0.424,      0.340,     -0.392,     -0.614,     -0.405,      0.616,    β:       1.000
α:      -0.424,      0.341,     -0.396,     -0.616,     -0.406,      0.617,    β:       1.000
α:      -0.426,      0.345,     -0.398,     -0.620,     -0.408,      0.620,    β:       1.000
α:      -0.429,      0.345,     -0.400,     -0.624,     -0.411,      0.623,    β:       1.000
α:      -0.429,      0.347,     -0.403,     -0.627,     -0.413,      0.627,    β:       1.000
α:      -0.429,      0.344,     -0.404,     -0.629,     -0.415,      0.629,    β:       1.000
α:      -0.431,      0.347,     -0.405,     -0.632,     -0.416,      0.632,    β:       1.000
α:      -0.433,      0.347,     -0.406,     -0.634,     -0.417,      0.635,    β:       1.000
α:      -0.435,      0.348,     -0.408,     -0.636,     -0.418,      0.638,    β:       1.000
α:      -0.436,      0.352,     -0.410,     -0.640,     -0.420,      0.641,    β:       1.000
α:      -0.436,      0.353,     -0.413,     -0.643,     -0.422,      0.643,    β:       1.000
α:      -0.439,      0.354,     -0.412,     -0.646,     -0.424,      0.646,    β:       1.000
α:      -0.440,      0.354,     -0.414,     -0.649,     -0.425,      0.649,    β:       1.000
α:      -0.441,      0.355,     -0.415,     -0.651,     -0.426,      0.651,    β:       1.000
α:      -0.442,      0.358,     -0.415,     -0.654,     -0.428,      0.654,    β:       1.000
α:      -0.446,      0.359,     -0.417,     -0.658,     -0.431,      0.657,    β:       1.000
α:      -0.448,      0.360,     -0.419,     -0.660,     -0.433,      0.660,    β:       1.000
α:      -0.449,      0.359,     -0.421,     -0.663,     -0.435,      0.662,    β:       1.000
α:      -0.450,      0.362,     -0.421,     -0.665,     -0.436,      0.664,    β:       1.000
α:      -0.452,      0.362,     -0.423,     -0.668,     -0.439,      0.666,    β:       1.000
α:      -0.453,      0.363,     -0.424,     -0.670,     -0.439,      0.669,    β:       1.000
α:      -0.456,      0.362,     -0.423,     -0.673,     -0.440,      0.670,    β:       1.000
α:      -0.457,      0.367,     -0.426,     -0.674,     -0.442,      0.673,    β:       1.000
α:      -0.459,      0.364,     -0.427,     -0.676,     -0.444,      0.675,    β:       1.000
α:      -0.460,      0.366,     -0.429,     -0.679,     -0.446,      0.678,    β:       1.000
α:      -0.462,      0.366,     -0.430,     -0.682,     -0.447,      0.679,    β:       1.000
α:      -0.462,      0.367,     -0.433,     -0.684,     -0.448,      0.682,    β:       1.000
α:      -0.466,      0.369,     -0.434,     -0.687,     -0.450,      0.685,    β:       1.000
α:      -0.467,      0.370,     -0.435,     -0.690,     -0.451,      0.687,    β:       1.000
α:      -0.467,      0.371,     -0.436,     -0.693,     -0.453,      0.689,    β:       1.000
α:      -0.469,      0.372,     -0.438,     -0.695,     -0.455,      0.691,    β:       1.000
α:      -0.470,      0.374,     -0.439,     -0.698,     -0.456,      0.694,    β:       1.000
α:      -0.472,      0.374,     -0.440,     -0.700,     -0.458,      0.696,    β:       1.000
α:      -0.473,      0.376,     -0.441,     -0.703,     -0.459,      0.698,    β:       1.000
α:      -0.474,      0.374,     -0.445,     -0.705,     -0.461,      0.701,    β:       1.000
α:      -0.476,      0.373,     -0.446,     -0.707,     -0.462,      0.703,    β:       1.000
α:      -0.478,      0.375,     -0.448,     -0.710,     -0.464,      0.705,    β:       1.000
α:      -0.481,      0.375,     -0.448,     -0.712,     -0.465,      0.707,    β:       1.000
α:      -0.482,      0.376,     -0.449,     -0.714,     -0.466,      0.709,    β:       1.000
α:      -0.482,      0.378,     -0.451,     -0.716,     -0.468,      0.711,    β:       1.000
α:      -0.483,      0.378,     -0.452,     -0.718,     -0.469,      0.715,    β:       1.000
α:      -0.485,      0.378,     -0.454,     -0.721,     -0.470,      0.717,    β:       1.000
α:      -0.489,      0.379,     -0.455,     -0.723,     -0.471,      0.718,    β:       1.000
α:      -0.490,      0.381,     -0.455,     -0.726,     -0.473,      0.720,    β:       1.000
α:      -0.490,      0.381,     -0.458,     -0.728,     -0.474,      0.722,    β:       1.000
α:      -0.493,      0.383,     -0.458,     -0.731,     -0.476,      0.725,    β:       1.000
α:      -0.493,      0.384,     -0.461,     -0.733,     -0.478,      0.727,    β:       1.000
α:      -0.493,      0.385,     -0.462,     -0.735,     -0.479,      0.730,    β:       1.000
α:      -0.495,      0.388,     -0.463,     -0.738,     -0.480,      0.732,    β:       1.000
α:      -0.497,      0.387,     -0.464,     -0.740,     -0.482,      0.734,    β:       1.000
α:      -0.499,      0.390,     -0.466,     -0.742,     -0.483,      0.737,    β:       1.000
α:      -0.499,      0.389,     -0.467,     -0.744,     -0.484,      0.739,    β:       1.000
α:      -0.500,      0.391,     -0.467,     -0.746,     -0.486,      0.741,    β:       1.000
α:      -0.503,      0.390,     -0.467,     -0.748,     -0.487,      0.743,    β:       1.000
α:      -0.505,      0.392,     -0.469,     -0.751,     -0.489,      0.745,    β:       1.000
α:      -0.507,      0.393,     -0.469,     -0.753,     -0.490,      0.747,    β:       1.000
α:      -0.508,      0.393,     -0.470,     -0.755,     -0.492,      0.750,    β:       1.000
α:      -0.509,      0.394,     -0.472,     -0.758,     -0.492,      0.752,    β:       1.000
α:      -0.511,      0.394,     -0.472,     -0.760,     -0.494,      0.754,    β:       1.000
α:      -0.511,      0.394,     -0.474,     -0.762,     -0.496,      0.756,    β:       1.000
α:      -0.514,      0.395,     -0.475,     -0.765,     -0.498,      0.758,    β:       1.000
α:      -0.516,      0.398,     -0.476,     -0.768,     -0.500,      0.761,    β:       1.000
α:      -0.518,      0.397,     -0.477,     -0.769,     -0.501,      0.762,    β:       1.000
α:      -0.519,      0.399,     -0.479,     -0.771,     -0.502,      0.766,    β:       1.000
α:      -0.521,      0.401,     -0.478,     -0.773,     -0.503,      0.767,    β:       1.000
α:      -0.521,      0.402,     -0.479,     -0.775,     -0.504,      0.768,    β:       1.000
α:      -0.523,      0.402,     -0.481,     -0.778,     -0.505,      0.770,    β:       1.000
α:      -0.522,      0.403,     -0.482,     -0.780,     -0.505,      0.772,    β:       1.000
α:      -0.524,      0.404,     -0.484,     -0.783,     -0.507,      0.773,    β:       1.000
α:      -0.524,      0.405,     -0.484,     -0.784,     -0.508,      0.776,    β:       1.000
α:      -0.525,      0.406,     -0.487,     -0.786,     -0.509,      0.778,    β:       1.000
α:      -0.527,      0.406,     -0.487,     -0.788,     -0.510,      0.781,    β:       1.000
α:      -0.529,      0.407,     -0.487,     -0.790,     -0.511,      0.782,    β:       1.000
α:      -0.531,      0.407,     -0.488,     -0.793,     -0.513,      0.784,    β:       1.000
α:      -0.532,      0.408,     -0.489,     -0.795,     -0.514,      0.786,    β:       1.000
α:      -0.534,      0.409,     -0.490,     -0.797,     -0.515,      0.788,    β:       1.000
α:      -0.536,      0.411,     -0.492,     -0.799,     -0.516,      0.790,    β:       1.000
α:      -0.536,      0.413,     -0.493,     -0.801,     -0.517,      0.792,    β:       1.000
α:      -0.538,      0.412,     -0.494,     -0.804,     -0.519,      0.793,    β:       1.000
α:      -0.539,      0.414,     -0.495,     -0.806,     -0.520,      0.795,    β:       1.000
α:      -0.538,      0.416,     -0.496,     -0.808,     -0.521,      0.797,    β:       1.000
α:      -0.540,      0.416,     -0.496,     -0.809,     -0.523,      0.798,    β:       1.000
α:      -0.542,      0.417,     -0.498,     -0.811,     -0.524,      0.801,    β:       1.000
α:      -0.544,      0.418,     -0.500,     -0.813,     -0.525,      0.803,    β:       1.000
α:      -0.545,      0.416,     -0.500,     -0.815,     -0.527,      0.805,    β:       1.000
α:      -0.546,      0.415,     -0.502,     -0.816,     -0.527,      0.807,    β:       1.000
α:      -0.547,      0.416,     -0.502,     -0.819,     -0.528,      0.809,    β:       1.000
α:      -0.548,      0.416,     -0.504,     -0.821,     -0.529,      0.812,    β:       1.000
α:      -0.549,      0.415,     -0.504,     -0.822,     -0.531,      0.814,    β:       1.000
α:      -0.551,      0.417,     -0.503,     -0.825,     -0.531,      0.816,    β:       1.000
α:      -0.551,      0.417,     -0.503,     -0.827,     -0.532,      0.818,    β:       1.000
α:      -0.552,      0.417,     -0.505,     -0.828,     -0.534,      0.820,    β:       1.000
α:      -0.553,      0.418,     -0.505,     -0.829,     -0.535,      0.821,    β:       1.000
α:      -0.553,      0.419,     -0.507,     -0.831,     -0.536,      0.823,    β:       1.000
α:      -0.554,      0.419,     -0.507,     -0.834,     -0.536,      0.825,    β:       1.000
α:      -0.555,      0.420,     -0.509,     -0.836,     -0.538,      0.828,    β:       1.000
α:      -0.556,      0.422,     -0.511,     -0.838,     -0.539,      0.830,    β:       1.000
α:      -0.557,      0.423,     -0.511,     -0.840,     -0.542,      0.831,    β:       1.000
α:      -0.558,      0.422,     -0.513,     -0.841,     -0.542,      0.833,    β:       1.000
α:      -0.558,      0.424,     -0.513,     -0.844,     -0.543,      0.835,    β:       1.000
α:      -0.558,      0.424,     -0.514,     -0.846,     -0.545,      0.837,    β:       1.000
α:      -0.559,      0.425,     -0.515,     -0.847,     -0.546,      0.838,    β:       1.000
α:      -0.559,      0.425,     -0.515,     -0.849,     -0.546,      0.840,    β:       1.000
α:      -0.559,      0.427,     -0.517,     -0.851,     -0.548,      0.842,    β:       1.000
α:      -0.560,      0.427,     -0.518,     -0.852,     -0.549,      0.843,    β:       1.000
α:      -0.561,      0.428,     -0.518,     -0.854,     -0.550,      0.845,    β:       1.000
α:      -0.561,      0.429,     -0.520,     -0.856,     -0.552,      0.847,    β:       1.000
α:      -0.562,      0.430,     -0.520,     -0.859,     -0.552,      0.848,    β:       1.000
α:      -0.564,      0.432,     -0.521,     -0.861,     -0.553,      0.850,    β:       1.000
α:      -0.564,      0.432,     -0.522,     -0.863,     -0.554,      0.851,    β:       1.000
α:      -0.565,      0.433,     -0.523,     -0.865,     -0.555,      0.853,    β:       1.000
α:      -0.567,      0.436,     -0.525,     -0.867,     -0.556,      0.855,    β:       1.000
α:      -0.569,      0.435,     -0.525,     -0.868,     -0.557,      0.855,    β:       1.000
α:      -0.569,      0.438,     -0.526,     -0.870,     -0.558,      0.858,    β:       1.000
α:      -0.571,      0.437,     -0.528,     -0.872,     -0.559,      0.860,    β:       1.000
α:      -0.573,      0.438,     -0.528,     -0.873,     -0.560,      0.862,    β:       1.000
α:      -0.575,      0.440,     -0.530,     -0.876,     -0.561,      0.864,    β:       1.000
α:      -0.576,      0.441,     -0.532,     -0.878,     -0.562,      0.865,    β:       1.000
α:      -0.577,      0.443,     -0.535,     -0.881,     -0.563,      0.867,    β:       1.000
α:      -0.578,      0.444,     -0.536,     -0.882,     -0.565,      0.869,    β:       1.000
α:      -0.580,      0.445,     -0.537,     -0.884,     -0.566,      0.870,    β:       1.000
α:      -0.581,      0.445,     -0.539,     -0.885,     -0.568,      0.873,    β:       1.000
α:      -0.582,      0.445,     -0.540,     -0.887,     -0.569,      0.875,    β:       1.000
α:      -0.582,      0.447,     -0.540,     -0.888,     -0.570,      0.876,    β:       1.000
α:      -0.584,      0.449,     -0.541,     -0.890,     -0.572,      0.878,    β:       1.000
α:      -0.585,      0.450,     -0.542,     -0.891,     -0.573,      0.880,    β:       1.000
α:      -0.588,      0.452,     -0.541,     -0.894,     -0.574,      0.882,    β:       1.000
α:      -0.588,      0.451,     -0.543,     -0.895,     -0.576,      0.882,    β:       1.000
α:      -0.589,      0.453,     -0.543,     -0.896,     -0.576,      0.884,    β:       1.000
α:      -0.589,      0.453,     -0.545,     -0.898,     -0.577,      0.886,    β:       1.000
α:      -0.589,      0.454,     -0.545,     -0.899,     -0.579,      0.888,    β:       1.000
α:      -0.590,      0.455,     -0.546,     -0.901,     -0.579,      0.889,    β:       1.000
α:      -0.592,      0.456,     -0.547,     -0.903,     -0.581,      0.891,    β:       1.000
α:      -0.594,      0.457,     -0.549,     -0.904,     -0.583,      0.894,    β:       1.000
α:      -0.595,      0.459,     -0.550,     -0.906,     -0.584,      0.896,    β:       1.000
α:      -0.596,      0.461,     -0.550,     -0.908,     -0.585,      0.898,    β:       1.000
α:      -0.598,      0.462,     -0.552,     -0.909,     -0.586,      0.899,    β:       1.000
α:      -0.599,      0.462,     -0.553,     -0.910,     -0.587,      0.901,    β:       1.000
α:      -0.600,      0.461,     -0.553,     -0.911,     -0.587,      0.903,    β:       1.000
α:      -0.601,      0.462,     -0.556,     -0.913,     -0.589,      0.905,    β:       1.000
α:      -0.603,      0.464,     -0.557,     -0.915,     -0.590,      0.906,    β:       1.000
α:      -0.604,      0.464,     -0.558,     -0.917,     -0.591,      0.907,    β:       1.000
α:      -0.605,      0.465,     -0.557,     -0.918,     -0.592,      0.909,    β:       1.000
α:      -0.606,      0.464,     -0.559,     -0.920,     -0.592,      0.909,    β:       1.000
α:      -0.606,      0.466,     -0.560,     -0.921,     -0.593,      0.911,    β:       1.000
α:      -0.608,      0.467,     -0.561,     -0.923,     -0.593,      0.912,    β:       1.000
α:      -0.608,      0.468,     -0.562,     -0.925,     -0.594,      0.913,    β:       1.000
α:      -0.610,      0.468,     -0.562,     -0.926,     -0.595,      0.914,    β:       1.000
α:      -0.610,      0.470,     -0.563,     -0.927,     -0.597,      0.917,    β:       1.000
α:      -0.611,      0.471,     -0.565,     -0.928,     -0.597,      0.917,    β:       1.000
α:      -0.613,      0.472,     -0.565,     -0.930,     -0.598,      0.919,    β:       1.000
α:      -0.613,      0.473,     -0.567,     -0.932,     -0.599,      0.921,    β:       1.000
α:      -0.615,      0.474,     -0.568,     -0.933,     -0.600,      0.923,    β:       1.000
α:      -0.616,      0.475,     -0.568,     -0.934,     -0.601,      0.924,    β:       1.000
α:      -0.616,      0.477,     -0.570,     -0.936,     -0.601,      0.926,    β:       1.000
α:      -0.618,      0.478,     -0.571,     -0.937,     -0.602,      0.927,    β:       1.000
α:      -0.620,      0.479,     -0.571,     -0.939,     -0.603,      0.929,    β:       1.000
α:      -0.621,      0.481,     -0.571,     -0.941,     -0.604,      0.931,    β:       1.000
α:      -0.622,      0.480,     -0.571,     -0.942,     -0.605,      0.932,    β:       1.000
α:      -0.624,      0.482,     -0.573,     -0.943,     -0.606,      0.934,    β:       1.000
α:      -0.626,      0.481,     -0.575,     -0.944,     -0.606,      0.936,    β:       1.000
α:      -0.626,      0.483,     -0.575,     -0.947,     -0.607,      0.937,    β:       1.000
α:      -0.627,      0.484,     -0.578,     -0.948,     -0.609,      0.939,    β:       1.000
α:      -0.629,      0.482,     -0.579,     -0.950,     -0.610,      0.941,    β:       1.000
α:      -0.630,      0.484,     -0.581,     -0.951,     -0.611,      0.942,    β:       1.000
α:      -0.630,      0.485,     -0.581,     -0.954,     -0.613,      0.944,    β:       1.000
α:      -0.632,      0.486,     -0.583,     -0.956,     -0.613,      0.945,    β:       1.000
α:      -0.633,      0.489,     -0.584,     -0.957,     -0.614,      0.947,    β:       1.000
α:      -0.634,      0.489,     -0.585,     -0.958,     -0.616,      0.949,    β:       1.000
α:      -0.635,      0.490,     -0.586,     -0.960,     -0.617,      0.951,    β:       1.000
α:      -0.635,      0.490,     -0.586,     -0.961,     -0.618,      0.952,    β:       1.000
α:      -0.637,      0.490,     -0.587,     -0.962,     -0.618,      0.953,    β:       1.000
α:      -0.639,      0.491,     -0.589,     -0.964,     -0.619,      0.955,    β:       1.000
α:      -0.640,      0.494,     -0.590,     -0.966,     -0.620,      0.957,    β:       1.000
α:      -0.642,      0.494,     -0.591,     -0.968,     -0.621,      0.958,    β:       1.000
α:      -0.643,      0.495,     -0.592,     -0.969,     -0.622,      0.959,    β:       1.000
α:      -0.644,      0.495,     -0.592,     -0.970,     -0.623,      0.960,    β:       1.000
α:      -0.645,      0.494,     -0.594,     -0.971,     -0.624,      0.962,    β:       1.000
α:      -0.645,      0.495,     -0.595,     -0.973,     -0.625,      0.962,    β:       1.000
α:      -0.647,      0.497,     -0.596,     -0.975,     -0.626,      0.964,    β:       1.000
α:      -0.648,      0.497,     -0.597,     -0.976,     -0.627,      0.965,    β:       1.000
α:      -0.648,      0.496,     -0.600,     -0.978,     -0.628,      0.967,    β:       1.000
α:      -0.648,      0.497,     -0.601,     -0.980,     -0.629,      0.969,    β:       1.000
α:      -0.650,      0.498,     -0.601,     -0.981,     -0.630,      0.970,    β:       1.000
α:      -0.650,      0.497,     -0.602,     -0.983,     -0.631,      0.971,    β:       1.000
α:      -0.651,      0.498,     -0.602,     -0.984,     -0.632,      0.973,    β:       1.000
α:      -0.652,      0.498,     -0.605,     -0.986,     -0.633,      0.974,    β:       1.000
α:      -0.654,      0.499,     -0.605,     -0.987,     -0.635,      0.976,    β:       1.000
α:      -0.655,      0.499,     -0.607,     -0.989,     -0.635,      0.978,    β:       1.000
α:      -0.655,      0.499,     -0.606,     -0.990,     -0.636,      0.979,    β:       1.000
α:      -0.656,      0.499,     -0.607,     -0.991,     -0.637,      0.980,    β:       1.000
α:      -0.657,      0.502,     -0.608,     -0.993,     -0.639,      0.981,    β:       1.000
α:      -0.658,      0.503,     -0.609,     -0.995,     -0.639,      0.982,    β:       1.000
α:      -0.658,      0.503,     -0.609,     -0.996,     -0.640,      0.984,    β:       1.000
α:      -0.660,      0.503,     -0.609,     -0.997,     -0.640,      0.986,    β:       1.000
α:      -0.661,      0.506,     -0.610,     -0.999,     -0.641,      0.987,    β:       1.000
α:      -0.661,      0.507,     -0.609,     -1.001,     -0.641,      0.989,    β:       1.000
α:      -0.661,      0.509,     -0.610,     -1.002,     -0.642,      0.990,    β:       1.000
α:      -0.663,      0.508,     -0.612,     -1.003,     -0.643,      0.991,    β:       1.000
α:      -0.664,      0.508,     -0.614,     -1.005,     -0.645,      0.992,    β:       1.000
α:      -0.665,      0.509,     -0.616,     -1.006,     -0.645,      0.994,    β:       1.000
α:      -0.665,      0.510,     -0.616,     -1.007,     -0.646,      0.995,    β:       1.000
α:      -0.665,      0.512,     -0.617,     -1.009,     -0.646,      0.996,    β:       1.000
α:      -0.665,      0.513,     -0.617,     -1.010,     -0.647,      0.997,    β:       1.000
α:      -0.667,      0.514,     -0.620,     -1.011,     -0.648,      0.998,    β:       1.000
α:      -0.668,      0.515,     -0.620,     -1.013,     -0.649,      1.000,    β:       1.000
α:      -0.669,      0.516,     -0.620,     -1.014,     -0.650,      1.001,    β:       1.000
α:      -0.670,      0.516,     -0.620,     -1.016,     -0.650,      1.003,    β:       1.000
α:      -0.671,      0.517,     -0.621,     -1.017,     -0.651,      1.005,    β:       1.000
α:      -0.672,      0.518,     -0.622,     -1.018,     -0.652,      1.006,    β:       1.000
α:      -0.672,      0.519,     -0.623,     -1.019,     -0.653,      1.007,    β:       1.000
α:      -0.673,      0.519,     -0.625,     -1.021,     -0.654,      1.008,    β:       1.000
α:      -0.674,      0.520,     -0.625,     -1.023,     -0.655,      1.009,    β:       1.000
α:      -0.675,      0.520,     -0.627,     -1.024,     -0.656,      1.010,    β:       1.000
α:      -0.677,      0.522,     -0.627,     -1.025,     -0.657,      1.011,    β:       1.000
α:      -0.677,      0.521,     -0.629,     -1.027,     -0.658,      1.013,    β:       1.000
α:      -0.677,      0.524,     -0.630,     -1.028,     -0.658,      1.014,    β:       1.000
α:      -0.678,      0.524,     -0.630,     -1.030,     -0.658,      1.015,    β:       1.000
α:      -0.679,      0.525,     -0.631,     -1.031,     -0.659,      1.017,    β:       1.000
α:      -0.679,      0.527,     -0.632,     -1.032,     -0.660,      1.018,    β:       1.000
α:      -0.681,      0.526,     -0.635,     -1.033,     -0.661,      1.020,    β:       1.000
α:      -0.680,      0.528,     -0.635,     -1.035,     -0.662,      1.022,    β:       1.000
α:      -0.681,      0.526,     -0.636,     -1.035,     -0.663,      1.023,    β:       1.000
α:      -0.681,      0.528,     -0.636,     -1.036,     -0.663,      1.024,    β:       1.000
α:      -0.682,      0.527,     -0.636,     -1.038,     -0.664,      1.025,    β:       1.000
α:      -0.683,      0.528,     -0.637,     -1.038,     -0.665,      1.027,    β:       1.000
α:      -0.684,      0.530,     -0.639,     -1.040,     -0.666,      1.028,    β:       1.000
α:      -0.684,      0.531,     -0.640,     -1.041,     -0.667,      1.030,    β:       1.000
α:      -0.686,      0.532,     -0.642,     -1.043,     -0.668,      1.032,    β:       1.000
α:      -0.687,      0.533,     -0.644,     -1.044,     -0.668,      1.033,    β:       1.000
α:      -0.687,      0.534,     -0.644,     -1.045,     -0.669,      1.034,    β:       1.000
α:      -0.688,      0.533,     -0.646,     -1.046,     -0.670,      1.035,    β:       1.000
α:      -0.688,      0.533,     -0.647,     -1.047,     -0.671,      1.037,    β:       1.000
α:      -0.688,      0.532,     -0.648,     -1.049,     -0.671,      1.038,    β:       1.000
α:      -0.688,      0.532,     -0.647,     -1.050,     -0.672,      1.039,    β:       1.000
