α0:      1.240,     -0.056,      0.759,     -0.030,     -0.361,     -2.007,    β0:      1.000
α:       0.000,      0.000,      0.000,      0.000,      0.000,      0.000,    β:       1.000
α:       0.000,      0.000,      0.000,      0.000,      0.000,      0.000,    β:       1.000
α:       0.000,      0.000,      0.000,      0.000,      0.000,      0.000,    β:       1.000
α:       0.000,      0.000,      0.000,      0.000,      0.000,      0.000,    β:       1.000
α:       0.000,      0.000,      0.000,      0.000,      0.000,      0.000,    β:       1.000
α:       0.000,      0.000,      0.000,      0.000,      0.000,      0.000,    β:       1.000
α:       0.000,      0.000,      0.000,      0.000,      0.000,      0.000,    β:       1.000
α:       0.000,      0.000,      0.000,      0.000,      0.000,      0.000,    β:       1.000
α:       0.000,      0.000,      0.000,      0.000,      0.000,      0.000,    β:       1.000
α:       0.000,      0.000,      0.000,      0.000,      0.000,      0.000,    β:       1.000
α:       0.000,      0.000,      0.000,      0.000,      0.000,      0.000,    β:       1.000
α:       0.000,      0.000,      0.000,      0.000,      0.000,      0.000,    β:       1.000
α:       0.000,      0.000,      0.000,      0.000,      0.000,      0.000,    β:       1.000
α:       0.000,      0.000,      0.000,      0.000,      0.000,      0.000,    β:       1.000
α:       0.000,      0.000,      0.000,      0.000,      0.000,      0.000,    β:       1.000
α:       0.000,      0.000,      0.000,      0.000,      0.000,      0.000,    β:       1.000
α:       0.000,      0.000,      0.000,      0.000,      0.000,      0.000,    β:       1.000
α:       0.000,      0.000,      0.000,      0.000,      0.000,      0.000,    β:       1.000
α:       0.000,      0.000,      0.000,      0.000,      0.000,      0.000,    β:       1.000
α:       0.000,      0.000,      0.000,      0.000,      0.000,      0.000,    β:       1.000
α:       0.000,      0.000,      0.000,      0.000,      0.000,      0.000,    β:       1.000
α:       0.000,      0.000,      0.000,      0.000,      0.000,      0.000,    β:       1.000
α:       0.000,      0.000,      0.000,      0.000,      0.000,      0.000,    β:       1.000
α:       0.000,      0.000,      0.000,      0.000,      0.000,      0.000,    β:       1.000
α:       0.000,      0.000,      0.000,      0.000,      0.000,      0.000,    β:       1.000
α:       0.000,      0.000,      0.000,      0.000,      0.000,      0.000,    β:       1.000
α:       0.000,      0.000,      0.000,      0.000,      0.000,      0.000,    β:       1.000
α:       0.000,      0.000,      0.000,      0.000,      0.000,      0.000,    β:       1.000
α:       0.000,      0.000,      0.000,      0.000,      0.000,      0.000,    β:       1.000
α:       0.000,      0.000,      0.000,      0.000,      0.000,      0.000,    β:       1.000
α:       0.000,      0.000,      0.000,      0.000,      0.000,      0.000,    β:       1.000
α:       0.000,      0.000,      0.000,      0.000,      0.000,      0.000,    β:       1.000
α:       0.000,      0.000,      0.000,      0.000,      0.000,      0.000,    β:       1.000
α:       0.000,      0.000,      0.000,      0.000,      0.000,      0.000,    β:       1.000
α:       0.000,      0.000,      0.000,      0.000,      0.000,      0.000,    β:       1.000
α:       0.000,      0.000,      0.000,      0.000,      0.000,      0.000,    β:       1.000
α:       0.000,      0.000,      0.000,      0.000,      0.000,      0.000,    β:       1.000
α:       0.000,      0.000,      0.000,      0.000,      0.000,      0.000,    β:       1.000
α:       0.000,      0.000,      0.000,      0.000,      0.000,      0.000,    β:       1.000
α:       0.000,      0.000,      0.000,      0.000,      0.000,      0.000,    β:       1.000
α:       0.000,      0.000,      0.000,      0.000,      0.000,      0.000,    β:       1.000
α:       0.000,      0.000,      0.000,      0.000,      0.000,      0.000,    β:       1.000
α:       0.000,      0.000,      0.000,      0.000,      0.000,      0.000,    β:       1.000
α:       0.000,      0.000,      0.000,      0.000,      0.000,      0.000,    β:       1.000
α:       0.000,      0.000,      0.000,      0.000,      0.000,      0.000,    β:       1.000
α:       0.000,      0.000,      0.000,      0.000,      0.000,      0.000,    β:       1.000
α:       0.000,      0.000,      0.000,      0.000,      0.000,      0.000,    β:       1.000
α:       0.000,      0.000,      0.000,      0.000,      0.000,      0.000,    β:       1.000
α:       0.000,      0.000,      0.000,      0.000,      0.000,      0.000,    β:       1.000
α:       0.000,      0.000,      0.000,      0.000,      0.000,      0.000,    β:       1.000
α:       0.000,      0.000,      0.000,      0.000,      0.000,      0.000,    β:       1.000
α:       0.000,      0.000,      0.000,      0.000,      0.000,      0.000,    β:       1.000
α:       0.000,      0.000,      0.000,      0.000,      0.000,      0.000,    β:       1.000
α:       0.000,      0.000,      0.000,      0.000,      0.000,      0.000,    β:       1.000
α:       0.000,      0.000,      0.000,      0.000,      0.000,      0.000,    β:       1.000
α:       0.000,      0.000,      0.000,      0.000,      0.000,      0.000,    β:       1.000
α:       0.000,      0.000,      0.000,      0.000,      0.000,      0.000,    β:       1.000
α:       0.000,      0.000,      0.000,      0.000,      0.000,      0.000,    β:       1.000
α:       0.000,      0.000,      0.000,      0.000,      0.000,      0.000,    β:       1.000
α:       0.000,      0.000,      0.000,      0.000,      0.000,      0.000,    β:       1.000
α:       0.000,      0.000,      0.000,      0.000,      0.000,      0.000,    β:       1.000
α:       0.000,      0.000,      0.000,      0.000,      0.000,      0.000,    β:       1.000
α:       0.000,      0.000,      0.000,      0.000,      0.000,      0.000,    β:       1.000
α:       0.000,      0.000,      0.000,      0.000,      0.000,      0.000,    β:       1.000
α:       0.000,      0.000,      0.000,      0.000,      0.000,      0.000,    β:       1.000
α:       0.000,      0.000,      0.000,      0.000,      0.000,      0.000,    β:       1.000
α:       0.000,      0.000,      0.000,      0.000,      0.000,      0.000,    β:       1.000
α:       0.000,      0.000,      0.000,      0.000,      0.000,      0.000,    β:       1.000
α:       0.000,      0.000,      0.000,      0.000,      0.000,      0.000,    β:       1.000
α:       0.000,      0.000,      0.000,      0.000,      0.000,      0.000,    β:       1.000
α:       0.000,      0.000,      0.000,      0.000,      0.000,      0.000,    β:       1.000
α:       0.000,      0.000,      0.000,      0.000,      0.000,      0.000,    β:       1.000
α:       0.000,      0.000,      0.000,      0.000,      0.000,      0.000,    β:       1.000
α:       0.000,      0.000,      0.000,      0.000,      0.000,      0.000,    β:       1.000
α:       0.000,      0.000,      0.000,      0.000,      0.000,      0.000,    β:       1.000
α:       0.000,      0.000,      0.000,      0.000,      0.000,      0.000,    β:       1.000
α:       0.000,      0.000,      0.000,      0.000,      0.000,      0.000,    β:       1.000
α:       0.000,      0.000,      0.000,      0.000,      0.000,      0.000,    β:       1.000
α:       0.000,      0.000,      0.000,      0.000,      0.000,      0.000,    β:       1.000
α:       0.000,      0.000,      0.000,      0.000,      0.000,      0.000,    β:       1.000
α:       0.000,      0.000,      0.000,      0.000,      0.000,      0.000,    β:       1.000
α:       0.000,      0.000,      0.000,      0.000,      0.000,      0.000,    β:       1.000
α:       0.000,      0.000,      0.000,      0.000,      0.000,      0.000,    β:       1.000
α:       0.000,      0.000,      0.000,      0.000,      0.000,      0.000,    β:       1.000
α:       0.000,      0.000,      0.000,      0.000,      0.000,      0.000,    β:       1.000
α:       0.000,      0.000,      0.000,      0.000,      0.000,      0.000,    β:       1.000
α:       0.000,      0.000,      0.000,      0.000,      0.000,      0.000,    β:       1.000
α:       0.000,      0.000,      0.000,      0.000,      0.000,      0.000,    β:       1.000
α:       0.000,      0.000,      0.000,      0.000,      0.000,      0.000,    β:       1.000
α:       0.000,      0.000,      0.000,      0.000,      0.000,      0.000,    β:       1.000
α:       0.000,      0.000,      0.000,      0.000,      0.000,      0.000,    β:       1.000
α:       0.000,      0.000,      0.000,      0.000,      0.000,      0.000,    β:       1.000
α:       0.000,      0.000,      0.000,      0.000,      0.000,      0.000,    β:       1.000
α:       0.000,      0.000,      0.000,      0.000,      0.000,      0.000,    β:       1.000
α:       0.000,      0.000,      0.000,      0.000,      0.000,      0.000,    β:       1.000
α:       0.000,      0.000,      0.000,      0.000,      0.000,      0.000,    β:       1.000
α:       0.000,      0.000,      0.000,      0.000,      0.000,      0.000,    β:       1.000
α:       0.000,      0.000,      0.000,      0.000,      0.000,      0.000,    β:       1.000
α:       0.000,      0.000,      0.000,      0.000,      0.000,      0.000,    β:       1.000
α:       0.000,      0.000,      0.000,      0.000,      0.000,      0.000,    β:       1.000
α:       0.000,      0.000,      0.000,      0.000,      0.000,      0.000,    β:       1.000
α:       0.000,      0.000,      0.000,      0.000,      0.000,      0.000,    β:       1.000
α:       0.000,      0.000,      0.000,      0.000,      0.000,      0.000,    β:       1.000
α:       0.000,      0.000,      0.000,      0.000,      0.000,      0.000,    β:       1.000
α:       0.000,      0.000,      0.000,      0.000,      0.000,      0.000,    β:       1.000
α:       0.000,      0.000,      0.000,      0.000,      0.000,      0.000,    β:       1.000
α:       0.000,      0.000,      0.000,      0.000,      0.000,      0.000,    β:       1.000
α:       0.000,      0.000,      0.000,      0.000,      0.000,      0.000,    β:       1.000
α:       0.000,      0.000,      0.000,      0.000,      0.000,      0.000,    β:       1.000
α:       0.000,      0.000,      0.000,      0.000,      0.000,      0.000,    β:       1.000
α:       0.000,      0.000,      0.000,      0.000,      0.000,      0.000,    β:       1.000
α:       0.000,      0.000,      0.000,      0.000,      0.000,      0.000,    β:       1.000
α:       0.000,      0.000,      0.000,      0.000,      0.000,      0.000,    β:       1.000
α:       0.000,      0.000,      0.000,      0.000,      0.000,      0.000,    β:       1.000
α:       0.000,      0.000,      0.000,      0.000,      0.000,      0.000,    β:       1.000
α:       0.000,      0.000,      0.000,      0.000,      0.000,      0.000,    β:       1.000
α:       0.000,      0.000,      0.000,      0.000,      0.000,      0.000,    β:       1.000
α:       0.000,      0.000,      0.000,      0.000,      0.000,      0.000,    β:       1.000
α:       0.000,      0.000,      0.000,      0.000,      0.000,      0.000,    β:       1.000
α:       0.000,      0.000,      0.000,      0.000,      0.000,      0.000,    β:       1.000
α:       0.000,      0.000,      0.000,      0.000,      0.000,      0.000,    β:       1.000
α:       0.000,      0.000,      0.000,      0.000,      0.000,      0.000,    β:       1.000
α:       0.000,      0.000,      0.000,      0.000,      0.000,      0.000,    β:       1.000
α:       0.000,      0.000,      0.000,      0.000,      0.000,      0.000,    β:       1.000
α:       0.000,      0.000,      0.000,      0.000,      0.000,      0.000,    β:       1.000
α:       0.000,      0.000,      0.000,      0.000,      0.000,      0.000,    β:       1.000
α:       0.000,      0.000,      0.000,      0.000,      0.000,      0.000,    β:       1.000
α:       0.000,      0.000,      0.000,      0.000,      0.000,      0.000,    β:       1.000
α:       0.000,      0.000,      0.000,      0.000,      0.000,      0.000,    β:       1.000
α:       0.000,      0.000,      0.000,      0.000,      0.000,      0.000,    β:       1.000
α:       0.000,      0.000,      0.000,      0.000,      0.000,      0.000,    β:       1.000
α:       0.000,      0.000,      0.000,      0.000,      0.000,      0.000,    β:       1.000
α:       0.000,      0.000,      0.000,      0.000,      0.000,      0.000,    β:       1.000
α:       0.000,      0.000,      0.000,      0.000,      0.000,      0.000,    β:       1.000
α:       0.000,      0.000,      0.000,      0.000,      0.000,      0.000,    β:       1.000
α:       0.000,      0.000,      0.000,      0.000,      0.000,      0.000,    β:       1.000
α:       0.000,      0.000,      0.000,      0.000,      0.000,      0.000,    β:       1.000
α:       0.000,      0.000,      0.000,      0.000,      0.000,      0.000,    β:       1.000
α:       0.000,      0.000,      0.000,      0.000,      0.000,      0.000,    β:       1.000
α:       0.000,      0.000,      0.000,      0.000,      0.000,      0.000,    β:       1.000
α:       0.000,      0.000,      0.000,      0.000,      0.000,      0.000,    β:       1.000
α:       0.000,      0.000,      0.000,      0.000,      0.000,      0.000,    β:       1.000
α:       0.000,      0.000,      0.000,      0.000,      0.000,      0.000,    β:       1.000
α:       0.000,      0.000,      0.000,      0.000,      0.000,      0.000,    β:       1.000
α:       0.000,      0.000,      0.000,      0.000,      0.000,      0.000,    β:       1.000
α:       0.000,      0.000,      0.000,      0.000,      0.000,      0.000,    β:       1.000
α:       0.000,      0.000,      0.000,      0.000,      0.000,      0.000,    β:       1.000
α:       0.000,      0.000,      0.000,      0.000,      0.000,      0.000,    β:       1.000
α:       0.000,      0.000,      0.000,      0.000,      0.000,      0.000,    β:       1.000
α:       0.000,      0.000,      0.000,      0.000,      0.000,      0.000,    β:       1.000
α:       0.035,     -0.010,      0.021,     -0.005,     -0.009,     -0.019,    β:       1.000
α:       0.056,     -0.018,      0.042,     -0.008,     -0.012,     -0.034,    β:       1.000
α:       0.078,     -0.032,      0.056,     -0.012,     -0.019,     -0.051,    β:       1.000
α:       0.094,     -0.044,      0.074,     -0.016,     -0.025,     -0.069,    β:       1.000
α:       0.111,     -0.048,      0.083,     -0.017,     -0.032,     -0.082,    β:       1.000
α:       0.126,     -0.059,      0.097,     -0.021,     -0.037,     -0.097,    β:       1.000
α:       0.139,     -0.063,      0.111,     -0.025,     -0.040,     -0.107,    β:       1.000
α:       0.157,     -0.069,      0.123,     -0.027,     -0.046,     -0.120,    β:       1.000
α:       0.171,     -0.076,      0.131,     -0.031,     -0.048,     -0.133,    β:       1.000
α:       0.182,     -0.080,      0.144,     -0.035,     -0.051,     -0.145,    β:       1.000
α:       0.191,     -0.084,      0.152,     -0.038,     -0.056,     -0.154,    β:       1.000
α:       0.197,     -0.094,      0.159,     -0.041,     -0.060,     -0.165,    β:       1.000
α:       0.209,     -0.096,      0.162,     -0.045,     -0.063,     -0.175,    β:       1.000
α:       0.218,     -0.106,      0.169,     -0.049,     -0.067,     -0.185,    β:       1.000
α:       0.224,     -0.110,      0.174,     -0.051,     -0.071,     -0.194,    β:       1.000
α:       0.232,     -0.120,      0.178,     -0.053,     -0.074,     -0.205,    β:       1.000
α:       0.244,     -0.124,      0.188,     -0.057,     -0.078,     -0.213,    β:       1.000
α:       0.249,     -0.129,      0.192,     -0.058,     -0.080,     -0.220,    β:       1.000
α:       0.255,     -0.132,      0.199,     -0.059,     -0.083,     -0.231,    β:       1.000
α:       0.264,     -0.136,      0.203,     -0.062,     -0.085,     -0.241,    β:       1.000
α:       0.274,     -0.136,      0.206,     -0.063,     -0.089,     -0.248,    β:       1.000
α:       0.279,     -0.140,      0.215,     -0.067,     -0.092,     -0.257,    β:       1.000
α:       0.286,     -0.144,      0.218,     -0.070,     -0.093,     -0.266,    β:       1.000
α:       0.296,     -0.148,      0.226,     -0.073,     -0.098,     -0.273,    β:       1.000
α:       0.302,     -0.150,      0.230,     -0.075,     -0.100,     -0.282,    β:       1.000
α:       0.310,     -0.158,      0.235,     -0.080,     -0.104,     -0.291,    β:       1.000
α:       0.317,     -0.157,      0.242,     -0.082,     -0.106,     -0.296,    β:       1.000
α:       0.322,     -0.159,      0.245,     -0.084,     -0.110,     -0.304,    β:       1.000
α:       0.329,     -0.159,      0.251,     -0.086,     -0.113,     -0.310,    β:       1.000
α:       0.334,     -0.165,      0.254,     -0.089,     -0.116,     -0.318,    β:       1.000
α:       0.342,     -0.170,      0.257,     -0.094,     -0.119,     -0.325,    β:       1.000
α:       0.346,     -0.170,      0.263,     -0.096,     -0.122,     -0.331,    β:       1.000
α:       0.353,     -0.173,      0.269,     -0.099,     -0.125,     -0.338,    β:       1.000
α:       0.360,     -0.176,      0.270,     -0.101,     -0.129,     -0.343,    β:       1.000
α:       0.366,     -0.175,      0.276,     -0.102,     -0.133,     -0.350,    β:       1.000
α:       0.371,     -0.180,      0.279,     -0.104,     -0.135,     -0.357,    β:       1.000
α:       0.377,     -0.185,      0.283,     -0.107,     -0.137,     -0.364,    β:       1.000
α:       0.381,     -0.187,      0.288,     -0.110,     -0.140,     -0.372,    β:       1.000
α:       0.386,     -0.192,      0.293,     -0.113,     -0.142,     -0.378,    β:       1.000
α:       0.392,     -0.193,      0.294,     -0.116,     -0.144,     -0.384,    β:       1.000
α:       0.398,     -0.197,      0.297,     -0.118,     -0.147,     -0.391,    β:       1.000
α:       0.404,     -0.198,      0.301,     -0.121,     -0.151,     -0.398,    β:       1.000
α:       0.407,     -0.202,      0.305,     -0.123,     -0.152,     -0.404,    β:       1.000
α:       0.412,     -0.201,      0.308,     -0.126,     -0.154,     -0.409,    β:       1.000
α:       0.419,     -0.205,      0.310,     -0.128,     -0.155,     -0.413,    β:       1.000
α:       0.421,     -0.209,      0.316,     -0.130,     -0.157,     -0.419,    β:       1.000
α:       0.427,     -0.210,      0.317,     -0.131,     -0.160,     -0.426,    β:       1.000
α:       0.430,     -0.216,      0.318,     -0.133,     -0.164,     -0.432,    β:       1.000
α:       0.434,     -0.216,      0.321,     -0.135,     -0.166,     -0.437,    β:       1.000
α:       0.439,     -0.214,      0.325,     -0.136,     -0.168,     -0.443,    β:       1.000
α:       0.442,     -0.217,      0.326,     -0.137,     -0.170,     -0.449,    β:       1.000
α:       0.449,     -0.222,      0.330,     -0.141,     -0.172,     -0.455,    β:       1.000
α:       0.453,     -0.221,      0.333,     -0.143,     -0.173,     -0.460,    β:       1.000
α:       0.456,     -0.225,      0.336,     -0.145,     -0.176,     -0.465,    β:       1.000
α:       0.461,     -0.226,      0.341,     -0.147,     -0.178,     -0.469,    β:       1.000
α:       0.466,     -0.228,      0.344,     -0.148,     -0.179,     -0.474,    β:       1.000
α:       0.471,     -0.232,      0.347,     -0.150,     -0.181,     -0.480,    β:       1.000
α:       0.473,     -0.235,      0.353,     -0.151,     -0.183,     -0.484,    β:       1.000
α:       0.477,     -0.235,      0.356,     -0.153,     -0.185,     -0.489,    β:       1.000
α:       0.482,     -0.241,      0.358,     -0.157,     -0.186,     -0.494,    β:       1.000
α:       0.485,     -0.243,      0.361,     -0.159,     -0.188,     -0.500,    β:       1.000
α:       0.490,     -0.242,      0.366,     -0.159,     -0.189,     -0.504,    β:       1.000
α:       0.492,     -0.245,      0.365,     -0.160,     -0.190,     -0.510,    β:       1.000
α:       0.495,     -0.246,      0.370,     -0.162,     -0.194,     -0.515,    β:       1.000
α:       0.498,     -0.247,      0.372,     -0.163,     -0.196,     -0.520,    β:       1.000
α:       0.504,     -0.247,      0.374,     -0.166,     -0.198,     -0.524,    β:       1.000
α:       0.507,     -0.248,      0.375,     -0.167,     -0.200,     -0.529,    β:       1.000
α:       0.513,     -0.252,      0.378,     -0.169,     -0.201,     -0.535,    β:       1.000
α:       0.517,     -0.253,      0.379,     -0.171,     -0.202,     -0.539,    β:       1.000
α:       0.521,     -0.253,      0.381,     -0.171,     -0.204,     -0.544,    β:       1.000
α:       0.525,     -0.255,      0.382,     -0.174,     -0.206,     -0.548,    β:       1.000
α:       0.528,     -0.257,      0.385,     -0.176,     -0.207,     -0.553,    β:       1.000
α:       0.530,     -0.260,      0.391,     -0.179,     -0.209,     -0.558,    β:       1.000
α:       0.534,     -0.261,      0.392,     -0.180,     -0.211,     -0.562,    β:       1.000
α:       0.538,     -0.263,      0.394,     -0.182,     -0.213,     -0.566,    β:       1.000
α:       0.542,     -0.265,      0.399,     -0.184,     -0.216,     -0.571,    β:       1.000
α:       0.545,     -0.266,      0.400,     -0.186,     -0.217,     -0.576,    β:       1.000
α:       0.550,     -0.268,      0.402,     -0.187,     -0.220,     -0.580,    β:       1.000
α:       0.550,     -0.271,      0.405,     -0.188,     -0.221,     -0.585,    β:       1.000
α:       0.555,     -0.272,      0.403,     -0.191,     -0.223,     -0.589,    β:       1.000
α:       0.559,     -0.272,      0.408,     -0.193,     -0.225,     -0.592,    β:       1.000
α:       0.561,     -0.274,      0.410,     -0.193,     -0.226,     -0.596,    β:       1.000
α:       0.564,     -0.276,      0.412,     -0.195,     -0.228,     -0.601,    β:       1.000
α:       0.569,     -0.274,      0.415,     -0.196,     -0.230,     -0.605,    β:       1.000
α:       0.570,     -0.276,      0.416,     -0.199,     -0.232,     -0.608,    β:       1.000
α:       0.573,     -0.277,      0.420,     -0.200,     -0.235,     -0.612,    β:       1.000
α:       0.576,     -0.278,      0.420,     -0.201,     -0.236,     -0.615,    β:       1.000
α:       0.577,     -0.279,      0.422,     -0.203,     -0.236,     -0.620,    β:       1.000
α:       0.581,     -0.278,      0.424,     -0.204,     -0.239,     -0.623,    β:       1.000
α:       0.583,     -0.280,      0.426,     -0.205,     -0.240,     -0.628,    β:       1.000
α:       0.584,     -0.283,      0.426,     -0.208,     -0.240,     -0.632,    β:       1.000
α:       0.586,     -0.283,      0.428,     -0.208,     -0.242,     -0.636,    β:       1.000
α:       0.590,     -0.285,      0.428,     -0.210,     -0.244,     -0.640,    β:       1.000
α:       0.592,     -0.286,      0.428,     -0.213,     -0.245,     -0.644,    β:       1.000
α:       0.594,     -0.286,      0.431,     -0.214,     -0.246,     -0.647,    β:       1.000
α:       0.599,     -0.285,      0.432,     -0.216,     -0.248,     -0.651,    β:       1.000
α:       0.602,     -0.286,      0.436,     -0.218,     -0.250,     -0.655,    β:       1.000
α:       0.604,     -0.288,      0.440,     -0.220,     -0.251,     -0.659,    β:       1.000
α:       0.608,     -0.286,      0.440,     -0.221,     -0.253,     -0.663,    β:       1.000
α:       0.610,     -0.285,      0.442,     -0.222,     -0.254,     -0.667,    β:       1.000
α:       0.613,     -0.288,      0.445,     -0.223,     -0.256,     -0.672,    β:       1.000
α:       0.617,     -0.289,      0.447,     -0.224,     -0.259,     -0.675,    β:       1.000
α:       0.620,     -0.289,      0.447,     -0.226,     -0.259,     -0.678,    β:       1.000
α:       0.621,     -0.290,      0.449,     -0.228,     -0.261,     -0.682,    β:       1.000
α:       0.624,     -0.293,      0.452,     -0.229,     -0.264,     -0.686,    β:       1.000
α:       0.627,     -0.294,      0.454,     -0.231,     -0.267,     -0.690,    β:       1.000
α:       0.628,     -0.296,      0.456,     -0.233,     -0.267,     -0.692,    β:       1.000
α:       0.631,     -0.296,      0.460,     -0.234,     -0.269,     -0.695,    β:       1.000
α:       0.635,     -0.298,      0.460,     -0.236,     -0.270,     -0.700,    β:       1.000
α:       0.637,     -0.301,      0.462,     -0.238,     -0.271,     -0.703,    β:       1.000
α:       0.642,     -0.299,      0.462,     -0.240,     -0.272,     -0.707,    β:       1.000
α:       0.644,     -0.300,      0.466,     -0.241,     -0.273,     -0.711,    β:       1.000
α:       0.646,     -0.302,      0.467,     -0.243,     -0.275,     -0.714,    β:       1.000
α:       0.649,     -0.300,      0.468,     -0.243,     -0.277,     -0.717,    β:       1.000
α:       0.651,     -0.298,      0.470,     -0.244,     -0.279,     -0.721,    β:       1.000
α:       0.653,     -0.303,      0.470,     -0.247,     -0.280,     -0.725,    β:       1.000
α:       0.658,     -0.303,      0.474,     -0.248,     -0.282,     -0.729,    β:       1.000
α:       0.660,     -0.304,      0.477,     -0.248,     -0.283,     -0.732,    β:       1.000
α:       0.665,     -0.303,      0.475,     -0.249,     -0.284,     -0.735,    β:       1.000
α:       0.669,     -0.304,      0.477,     -0.250,     -0.286,     -0.739,    β:       1.000
α:       0.671,     -0.305,      0.481,     -0.251,     -0.287,     -0.743,    β:       1.000
α:       0.675,     -0.306,      0.482,     -0.253,     -0.289,     -0.745,    β:       1.000
α:       0.678,     -0.306,      0.484,     -0.254,     -0.290,     -0.749,    β:       1.000
α:       0.680,     -0.308,      0.484,     -0.256,     -0.291,     -0.752,    β:       1.000
α:       0.682,     -0.309,      0.488,     -0.258,     -0.292,     -0.755,    β:       1.000
α:       0.683,     -0.310,      0.491,     -0.258,     -0.293,     -0.758,    β:       1.000
α:       0.687,     -0.311,      0.491,     -0.260,     -0.294,     -0.761,    β:       1.000
α:       0.689,     -0.311,      0.494,     -0.261,     -0.296,     -0.765,    β:       1.000
α:       0.691,     -0.313,      0.495,     -0.263,     -0.297,     -0.767,    β:       1.000
α:       0.693,     -0.314,      0.496,     -0.264,     -0.299,     -0.771,    β:       1.000
α:       0.696,     -0.314,      0.498,     -0.265,     -0.300,     -0.774,    β:       1.000
α:       0.698,     -0.315,      0.499,     -0.266,     -0.300,     -0.777,    β:       1.000
α:       0.701,     -0.316,      0.501,     -0.268,     -0.301,     -0.780,    β:       1.000
α:       0.704,     -0.316,      0.503,     -0.269,     -0.303,     -0.782,    β:       1.000
α:       0.706,     -0.317,      0.507,     -0.271,     -0.304,     -0.785,    β:       1.000
α:       0.709,     -0.318,      0.508,     -0.273,     -0.306,     -0.788,    β:       1.000
α:       0.710,     -0.320,      0.510,     -0.274,     -0.307,     -0.791,    β:       1.000
α:       0.713,     -0.318,      0.512,     -0.276,     -0.309,     -0.794,    β:       1.000
α:       0.714,     -0.321,      0.512,     -0.277,     -0.310,     -0.797,    β:       1.000
α:       0.716,     -0.323,      0.514,     -0.278,     -0.312,     -0.800,    β:       1.000
α:       0.718,     -0.323,      0.515,     -0.279,     -0.313,     -0.803,    β:       1.000
α:       0.721,     -0.325,      0.516,     -0.280,     -0.314,     -0.806,    β:       1.000
α:       0.725,     -0.324,      0.516,     -0.282,     -0.315,     -0.808,    β:       1.000
α:       0.726,     -0.326,      0.517,     -0.281,     -0.316,     -0.811,    β:       1.000
α:       0.730,     -0.328,      0.521,     -0.283,     -0.318,     -0.815,    β:       1.000
α:       0.731,     -0.329,      0.521,     -0.284,     -0.318,     -0.817,    β:       1.000
α:       0.734,     -0.329,      0.523,     -0.284,     -0.320,     -0.820,    β:       1.000
α:       0.736,     -0.331,      0.526,     -0.286,     -0.322,     -0.824,    β:       1.000
α:       0.739,     -0.330,      0.529,     -0.287,     -0.323,     -0.826,    β:       1.000
α:       0.740,     -0.328,      0.530,     -0.287,     -0.324,     -0.830,    β:       1.000
α:       0.743,     -0.333,      0.532,     -0.289,     -0.326,     -0.832,    β:       1.000
α:       0.743,     -0.334,      0.534,     -0.290,     -0.327,     -0.835,    β:       1.000
α:       0.746,     -0.335,      0.535,     -0.291,     -0.329,     -0.838,    β:       1.000
α:       0.747,     -0.336,      0.537,     -0.291,     -0.330,     -0.841,    β:       1.000
α:       0.749,     -0.336,      0.539,     -0.292,     -0.331,     -0.844,    β:       1.000
α:       0.750,     -0.336,      0.541,     -0.293,     -0.334,     -0.847,    β:       1.000
α:       0.753,     -0.339,      0.543,     -0.295,     -0.335,     -0.850,    β:       1.000
α:       0.756,     -0.338,      0.545,     -0.296,     -0.335,     -0.853,    β:       1.000
α:       0.758,     -0.340,      0.546,     -0.298,     -0.336,     -0.855,    β:       1.000
α:       0.760,     -0.340,      0.546,     -0.299,     -0.336,     -0.859,    β:       1.000
α:       0.762,     -0.342,      0.546,     -0.300,     -0.337,     -0.861,    β:       1.000
α:       0.765,     -0.343,      0.548,     -0.301,     -0.338,     -0.865,    β:       1.000
α:       0.766,     -0.342,      0.549,     -0.302,     -0.339,     -0.867,    β:       1.000
α:       0.767,     -0.344,      0.550,     -0.303,     -0.340,     -0.870,    β:       1.000
α:       0.768,     -0.343,      0.552,     -0.303,     -0.341,     -0.872,    β:       1.000
α:       0.771,     -0.346,      0.553,     -0.306,     -0.343,     -0.875,    β:       1.000
α:       0.772,     -0.348,      0.554,     -0.306,     -0.344,     -0.879,    β:       1.000
α:       0.773,     -0.349,      0.555,     -0.307,     -0.345,     -0.881,    β:       1.000
α:       0.777,     -0.348,      0.558,     -0.309,     -0.347,     -0.884,    β:       1.000
α:       0.779,     -0.348,      0.560,     -0.310,     -0.347,     -0.887,    β:       1.000
α:       0.781,     -0.349,      0.560,     -0.311,     -0.348,     -0.890,    β:       1.000
α:       0.783,     -0.348,      0.562,     -0.312,     -0.349,     -0.893,    β:       1.000
α:       0.784,     -0.351,      0.564,     -0.313,     -0.350,     -0.895,    β:       1.000
α:       0.788,     -0.352,      0.566,     -0.315,     -0.351,     -0.897,    β:       1.000
α:       0.789,     -0.353,      0.568,     -0.315,     -0.352,     -0.900,    β:       1.000
α:       0.791,     -0.352,      0.570,     -0.316,     -0.353,     -0.903,    β:       1.000
α:       0.793,     -0.354,      0.573,     -0.318,     -0.355,     -0.905,    β:       1.000
α:       0.794,     -0.354,      0.574,     -0.318,     -0.356,     -0.908,    β:       1.000
α:       0.797,     -0.355,      0.575,     -0.319,     -0.357,     -0.911,    β:       1.000
α:       0.797,     -0.357,      0.577,     -0.321,     -0.358,     -0.914,    β:       1.000
α:       0.800,     -0.359,      0.577,     -0.322,     -0.359,     -0.917,    β:       1.000
α:       0.804,     -0.359,      0.578,     -0.323,     -0.359,     -0.920,    β:       1.000
α:       0.805,     -0.359,      0.580,     -0.324,     -0.359,     -0.921,    β:       1.000
α:       0.805,     -0.359,      0.582,     -0.325,     -0.360,     -0.923,    β:       1.000
α:       0.807,     -0.358,      0.584,     -0.325,     -0.361,     -0.926,    β:       1.000
α:       0.811,     -0.360,      0.586,     -0.327,     -0.363,     -0.929,    β:       1.000
α:       0.812,     -0.359,      0.587,     -0.327,     -0.363,     -0.932,    β:       1.000
α:       0.815,     -0.360,      0.589,     -0.330,     -0.365,     -0.934,    β:       1.000
α:       0.816,     -0.361,      0.592,     -0.331,     -0.367,     -0.937,    β:       1.000
α:       0.818,     -0.362,      0.592,     -0.332,     -0.368,     -0.939,    β:       1.000
α:       0.820,     -0.361,      0.594,     -0.332,     -0.368,     -0.941,    β:       1.000
α:       0.820,     -0.363,      0.596,     -0.334,     -0.370,     -0.944,    β:       1.000
α:       0.823,     -0.362,      0.596,     -0.335,     -0.371,     -0.947,    β:       1.000
α:       0.825,     -0.362,      0.597,     -0.336,     -0.372,     -0.949,    β:       1.000
α:       0.827,     -0.362,      0.598,     -0.338,     -0.373,     -0.952,    β:       1.000
α:       0.828,     -0.362,      0.599,     -0.338,     -0.375,     -0.954,    β:       1.000
α:       0.830,     -0.363,      0.601,     -0.340,     -0.375,     -0.956,    β:       1.000
α:       0.831,     -0.363,      0.601,     -0.341,     -0.375,     -0.959,    β:       1.000
α:       0.833,     -0.364,      0.601,     -0.342,     -0.376,     -0.961,    β:       1.000
α:       0.834,     -0.364,      0.603,     -0.344,     -0.377,     -0.963,    β:       1.000
α:       0.836,     -0.364,      0.605,     -0.345,     -0.378,     -0.965,    β:       1.000
α:       0.836,     -0.365,      0.606,     -0.347,     -0.379,     -0.967,    β:       1.000
α:       0.838,     -0.366,      0.608,     -0.348,     -0.380,     -0.969,    β:       1.000
α:       0.840,     -0.367,      0.609,     -0.349,     -0.381,     -0.970,    β:       1.000
α:       0.842,     -0.369,      0.608,     -0.350,     -0.381,     -0.972,    β:       1.000
α:       0.844,     -0.368,      0.610,     -0.352,     -0.381,     -0.975,    β:       1.000
α:       0.846,     -0.368,      0.611,     -0.353,     -0.383,     -0.977,    β:       1.000
α:       0.848,     -0.366,      0.613,     -0.354,     -0.384,     -0.980,    β:       1.000
α:       0.850,     -0.368,      0.615,     -0.356,     -0.384,     -0.982,    β:       1.000
α:       0.850,     -0.367,      0.616,     -0.355,     -0.386,     -0.985,    β:       1.000
α:       0.853,     -0.366,      0.618,     -0.357,     -0.386,     -0.987,    β:       1.000
α:       0.853,     -0.367,      0.620,     -0.358,     -0.387,     -0.988,    β:       1.000
α:       0.854,     -0.368,      0.621,     -0.359,     -0.386,     -0.990,    β:       1.000
α:       0.856,     -0.369,      0.622,     -0.360,     -0.388,     -0.992,    β:       1.000
α:       0.858,     -0.369,      0.624,     -0.361,     -0.389,     -0.995,    β:       1.000
α:       0.858,     -0.371,      0.626,     -0.362,     -0.390,     -0.997,    β:       1.000
α:       0.861,     -0.370,      0.629,     -0.363,     -0.391,     -0.999,    β:       1.000
α:       0.862,     -0.370,      0.630,     -0.363,     -0.391,     -1.001,    β:       1.000
α:       0.861,     -0.373,      0.630,     -0.365,     -0.392,     -1.004,    β:       1.000
α:       0.863,     -0.371,      0.633,     -0.367,     -0.393,     -1.007,    β:       1.000
α:       0.864,     -0.374,      0.633,     -0.368,     -0.393,     -1.009,    β:       1.000
α:       0.867,     -0.375,      0.635,     -0.369,     -0.395,     -1.012,    β:       1.000
α:       0.867,     -0.376,      0.638,     -0.370,     -0.396,     -1.014,    β:       1.000
α:       0.870,     -0.378,      0.640,     -0.371,     -0.397,     -1.017,    β:       1.000
α:       0.872,     -0.379,      0.641,     -0.372,     -0.398,     -1.019,    β:       1.000
α:       0.873,     -0.379,      0.644,     -0.373,     -0.399,     -1.021,    β:       1.000
α:       0.875,     -0.379,      0.644,     -0.373,     -0.400,     -1.023,    β:       1.000
α:       0.876,     -0.380,      0.645,     -0.374,     -0.400,     -1.026,    β:       1.000
α:       0.878,     -0.381,      0.644,     -0.375,     -0.401,     -1.027,    β:       1.000
α:       0.880,     -0.382,      0.646,     -0.376,     -0.402,     -1.030,    β:       1.000
α:       0.880,     -0.382,      0.647,     -0.376,     -0.403,     -1.032,    β:       1.000
α:       0.882,     -0.383,      0.649,     -0.377,     -0.404,     -1.035,    β:       1.000
α:       0.883,     -0.385,      0.649,     -0.378,     -0.405,     -1.038,    β:       1.000
α:       0.885,     -0.385,      0.651,     -0.379,     -0.407,     -1.040,    β:       1.000
α:       0.887,     -0.385,      0.651,     -0.380,     -0.407,     -1.042,    β:       1.000
α:       0.888,     -0.385,      0.653,     -0.381,     -0.407,     -1.044,    β:       1.000
α:       0.890,     -0.388,      0.654,     -0.381,     -0.410,     -1.046,    β:       1.000
α:       0.891,     -0.389,      0.655,     -0.382,     -0.411,     -1.048,    β:       1.000
α:       0.891,     -0.389,      0.656,     -0.383,     -0.413,     -1.050,    β:       1.000
α:       0.893,     -0.391,      0.657,     -0.384,     -0.413,     -1.052,    β:       1.000
α:       0.893,     -0.393,      0.659,     -0.385,     -0.414,     -1.054,    β:       1.000
α:       0.894,     -0.394,      0.661,     -0.385,     -0.414,     -1.055,    β:       1.000
α:       0.897,     -0.395,      0.663,     -0.387,     -0.416,     -1.057,    β:       1.000
α:       0.898,     -0.395,      0.665,     -0.389,     -0.416,     -1.059,    β:       1.000
α:       0.899,     -0.395,      0.666,     -0.389,     -0.417,     -1.061,    β:       1.000
α:       0.900,     -0.396,      0.667,     -0.391,     -0.418,     -1.063,    β:       1.000
α:       0.901,     -0.396,      0.667,     -0.391,     -0.417,     -1.065,    β:       1.000
α:       0.902,     -0.395,      0.668,     -0.392,     -0.418,     -1.068,    β:       1.000
α:       0.904,     -0.397,      0.670,     -0.393,     -0.419,     -1.070,    β:       1.000
α:       0.906,     -0.397,      0.672,     -0.394,     -0.420,     -1.072,    β:       1.000
α:       0.907,     -0.398,      0.673,     -0.395,     -0.420,     -1.075,    β:       1.000
α:       0.908,     -0.399,      0.674,     -0.395,     -0.421,     -1.077,    β:       1.000
α:       0.910,     -0.400,      0.675,     -0.396,     -0.422,     -1.078,    β:       1.000
α:       0.911,     -0.403,      0.676,     -0.396,     -0.423,     -1.080,    β:       1.000
α:       0.913,     -0.404,      0.677,     -0.397,     -0.424,     -1.082,    β:       1.000
α:       0.914,     -0.403,      0.678,     -0.397,     -0.426,     -1.084,    β:       1.000
α:       0.915,     -0.403,      0.680,     -0.398,     -0.427,     -1.086,    β:       1.000
α:       0.916,     -0.402,      0.680,     -0.398,     -0.428,     -1.088,    β:       1.000
α:       0.919,     -0.401,      0.681,     -0.399,     -0.428,     -1.090,    β:       1.000
α:       0.920,     -0.401,      0.682,     -0.399,     -0.429,     -1.093,    β:       1.000
α:       0.921,     -0.404,      0.684,     -0.401,     -0.430,     -1.095,    β:       1.000
α:       0.923,     -0.403,      0.686,     -0.400,     -0.432,     -1.096,    β:       1.000
α:       0.924,     -0.404,      0.685,     -0.401,     -0.433,     -1.099,    β:       1.000
α:       0.925,     -0.405,      0.687,     -0.402,     -0.433,     -1.101,    β:       1.000
α:       0.927,     -0.406,      0.688,     -0.402,     -0.435,     -1.103,    β:       1.000
α:       0.928,     -0.406,      0.689,     -0.403,     -0.436,     -1.105,    β:       1.000
α:       0.930,     -0.409,      0.690,     -0.404,     -0.436,     -1.107,    β:       1.000
α:       0.932,     -0.409,      0.691,     -0.406,     -0.437,     -1.108,    β:       1.000
α:       0.933,     -0.411,      0.692,     -0.406,     -0.438,     -1.110,    β:       1.000
α:       0.935,     -0.410,      0.693,     -0.407,     -0.439,     -1.112,    β:       1.000
α:       0.935,     -0.409,      0.693,     -0.408,     -0.440,     -1.113,    β:       1.000
α:       0.937,     -0.409,      0.694,     -0.409,     -0.441,     -1.115,    β:       1.000
α:       0.938,     -0.411,      0.696,     -0.409,     -0.442,     -1.118,    β:       1.000
α:       0.939,     -0.412,      0.697,     -0.410,     -0.443,     -1.120,    β:       1.000
α:       0.939,     -0.411,      0.697,     -0.410,     -0.443,     -1.121,    β:       1.000
α:       0.941,     -0.411,      0.699,     -0.411,     -0.445,     -1.123,    β:       1.000
α:       0.941,     -0.410,      0.700,     -0.412,     -0.445,     -1.125,    β:       1.000
α:       0.944,     -0.409,      0.701,     -0.413,     -0.446,     -1.127,    β:       1.000
α:       0.946,     -0.409,      0.702,     -0.414,     -0.447,     -1.128,    β:       1.000
α:       0.947,     -0.410,      0.703,     -0.414,     -0.449,     -1.130,    β:       1.000
α:       0.948,     -0.411,      0.705,     -0.414,     -0.449,     -1.131,    β:       1.000
α:       0.949,     -0.413,      0.705,     -0.415,     -0.450,     -1.133,    β:       1.000
α:       0.950,     -0.413,      0.707,     -0.415,     -0.450,     -1.135,    β:       1.000
α:       0.953,     -0.413,      0.707,     -0.416,     -0.451,     -1.137,    β:       1.000
α:       0.954,     -0.414,      0.707,     -0.417,     -0.451,     -1.139,    β:       1.000
α:       0.956,     -0.416,      0.708,     -0.418,     -0.453,     -1.141,    β:       1.000
α:       0.958,     -0.417,      0.708,     -0.419,     -0.454,     -1.142,    β:       1.000
α:       0.958,     -0.417,      0.710,     -0.420,     -0.455,     -1.144,    β:       1.000
α:       0.960,     -0.417,      0.710,     -0.421,     -0.455,     -1.146,    β:       1.000
α:       0.962,     -0.419,      0.711,     -0.422,     -0.456,     -1.148,    β:       1.000
α:       0.963,     -0.419,      0.710,     -0.423,     -0.456,     -1.150,    β:       1.000
α:       0.964,     -0.420,      0.712,     -0.424,     -0.457,     -1.152,    β:       1.000
α:       0.966,     -0.419,      0.713,     -0.425,     -0.458,     -1.154,    β:       1.000
α:       0.967,     -0.420,      0.715,     -0.426,     -0.458,     -1.156,    β:       1.000
α:       0.969,     -0.419,      0.715,     -0.426,     -0.459,     -1.157,    β:       1.000
α:       0.970,     -0.419,      0.716,     -0.426,     -0.459,     -1.159,    β:       1.000
α:       0.971,     -0.421,      0.717,     -0.428,     -0.460,     -1.161,    β:       1.000
α:       0.972,     -0.423,      0.718,     -0.429,     -0.460,     -1.163,    β:       1.000
α:       0.972,     -0.424,      0.718,     -0.429,     -0.461,     -1.165,    β:       1.000
α:       0.974,     -0.424,      0.719,     -0.431,     -0.462,     -1.166,    β:       1.000
α:       0.976,     -0.424,      0.720,     -0.432,     -0.462,     -1.168,    β:       1.000
α:       0.977,     -0.426,      0.719,     -0.432,     -0.463,     -1.170,    β:       1.000
α:       0.979,     -0.424,      0.721,     -0.433,     -0.464,     -1.171,    β:       1.000
α:       0.980,     -0.425,      0.722,     -0.434,     -0.465,     -1.173,    β:       1.000
α:       0.980,     -0.426,      0.725,     -0.435,     -0.467,     -1.175,    β:       1.000
α:       0.981,     -0.425,      0.725,     -0.435,     -0.468,     -1.176,    β:       1.000
α:       0.982,     -0.426,      0.726,     -0.435,     -0.469,     -1.178,    β:       1.000
α:       0.983,     -0.427,      0.727,     -0.437,     -0.470,     -1.180,    β:       1.000
α:       0.985,     -0.428,      0.727,     -0.437,     -0.471,     -1.182,    β:       1.000
α:       0.987,     -0.428,      0.728,     -0.438,     -0.472,     -1.184,    β:       1.000
α:       0.988,     -0.430,      0.730,     -0.439,     -0.473,     -1.186,    β:       1.000
α:       0.989,     -0.429,      0.731,     -0.440,     -0.474,     -1.187,    β:       1.000
α:       0.990,     -0.429,      0.731,     -0.441,     -0.473,     -1.189,    β:       1.000
α:       0.991,     -0.429,      0.733,     -0.440,     -0.474,     -1.191,    β:       1.000
α:       0.992,     -0.428,      0.734,     -0.440,     -0.475,     -1.192,    β:       1.000
α:       0.993,     -0.428,      0.734,     -0.441,     -0.476,     -1.194,    β:       1.000
α:       0.993,     -0.428,      0.735,     -0.441,     -0.475,     -1.195,    β:       1.000
α:       0.996,     -0.428,      0.736,     -0.443,     -0.477,     -1.197,    β:       1.000
α:       0.996,     -0.429,      0.736,     -0.443,     -0.477,     -1.199,    β:       1.000
α:       0.997,     -0.430,      0.738,     -0.445,     -0.478,     -1.201,    β:       1.000
α:       0.997,     -0.429,      0.739,     -0.444,     -0.479,     -1.202,    β:       1.000
α:       0.998,     -0.430,      0.741,     -0.445,     -0.479,     -1.204,    β:       1.000
α:       1.000,     -0.432,      0.742,     -0.446,     -0.480,     -1.206,    β:       1.000
α:       1.001,     -0.432,      0.743,     -0.446,     -0.481,     -1.209,    β:       1.000
α:       1.003,     -0.432,      0.744,     -0.447,     -0.481,     -1.210,    β:       1.000
α:       1.004,     -0.433,      0.745,     -0.448,     -0.482,     -1.212,    β:       1.000
α:       1.005,     -0.432,      0.747,     -0.448,     -0.483,     -1.214,    β:       1.000
α:       1.005,     -0.434,      0.747,     -0.449,     -0.483,     -1.215,    β:       1.000
α:       1.006,     -0.434,      0.748,     -0.449,     -0.484,     -1.217,    β:       1.000
α:       1.007,     -0.435,      0.749,     -0.450,     -0.485,     -1.219,    β:       1.000
α:       1.008,     -0.435,      0.750,     -0.450,     -0.486,     -1.221,    β:       1.000
α:       1.010,     -0.435,      0.751,     -0.450,     -0.487,     -1.222,    β:       1.000
α:       1.010,     -0.436,      0.751,     -0.452,     -0.487,     -1.223,    β:       1.000
α:       1.012,     -0.436,      0.752,     -0.452,     -0.488,     -1.225,    β:       1.000
α:       1.013,     -0.437,      0.753,     -0.453,     -0.489,     -1.227,    β:       1.000
α:       1.014,     -0.438,      0.754,     -0.453,     -0.489,     -1.229,    β:       1.000
α:       1.014,     -0.438,      0.754,     -0.454,     -0.489,     -1.230,    β:       1.000
α:       1.016,     -0.438,      0.754,     -0.455,     -0.490,     -1.233,    β:       1.000
α:       1.017,     -0.437,      0.755,     -0.455,     -0.490,     -1.234,    β:       1.000
α:       1.018,     -0.438,      0.755,     -0.456,     -0.491,     -1.236,    β:       1.000
α:       1.019,     -0.438,      0.756,     -0.456,     -0.492,     -1.238,    β:       1.000
α:       1.020,     -0.438,      0.757,     -0.457,     -0.493,     -1.240,    β:       1.000
α:       1.021,     -0.440,      0.759,     -0.459,     -0.494,     -1.242,    β:       1.000
α:       1.021,     -0.439,      0.760,     -0.459,     -0.494,     -1.243,    β:       1.000
α:       1.024,     -0.440,      0.761,     -0.460,     -0.495,     -1.245,    β:       1.000
α:       1.023,     -0.441,      0.761,     -0.460,     -0.496,     -1.247,    β:       1.000
α:       1.025,     -0.442,      0.762,     -0.461,     -0.496,     -1.249,    β:       1.000
α:       1.026,     -0.441,      0.764,     -0.462,     -0.496,     -1.251,    β:       1.000
α:       1.028,     -0.441,      0.764,     -0.462,     -0.496,     -1.253,    β:       1.000
α:       1.028,     -0.439,      0.765,     -0.463,     -0.497,     -1.255,    β:       1.000
