α0:     -1.556,      1.098,      0.644,      1.297,     -1.619,     -0.123,    β0:      1.000
α:       0.000,      0.000,      0.000,      0.000,      0.000,      0.000,    β:       1.000
α:       0.000,      0.000,      0.000,      0.000,      0.000,      0.000,    β:       1.000
α:       0.000,      0.000,      0.000,      0.000,      0.000,      0.000,    β:       1.000
α:       0.000,      0.000,      0.000,      0.000,      0.000,      0.000,    β:       1.000
α:       0.000,      0.000,      0.000,      0.000,      0.000,      0.000,    β:       1.000
α:       0.000,      0.000,      0.000,      0.000,      0.000,      0.000,    β:       1.000
α:       0.000,      0.000,      0.000,      0.000,      0.000,      0.000,    β:       1.000
α:       0.000,      0.000,      0.000,      0.000,      0.000,      0.000,    β:       1.000
α:       0.000,      0.000,      0.000,      0.000,      0.000,      0.000,    β:       1.000
α:       0.000,      0.000,      0.000,      0.000,      0.000,      0.000,    β:       1.000
α:       0.000,      0.000,      0.000,      0.000,      0.000,      0.000,    β:       1.000
α:       0.000,      0.000,      0.000,      0.000,      0.000,      0.000,    β:       1.000
α:       0.000,      0.000,      0.000,      0.000,      0.000,      0.000,    β:       1.000
α:       0.000,      0.000,      0.000,      0.000,      0.000,      0.000,    β:       1.000
α:       0.000,      0.000,      0.000,      0.000,      0.000,      0.000,    β:       1.000
α:       0.000,      0.000,      0.000,      0.000,      0.000,      0.000,    β:       1.000
α:       0.000,      0.000,      0.000,      0.000,      0.000,      0.000,    β:       1.000
α:       0.000,      0.000,      0.000,      0.000,      0.000,      0.000,    β:       1.000
α:       0.000,      0.000,      0.000,      0.000,      0.000,      0.000,    β:       1.000
α:       0.000,      0.000,      0.000,      0.000,      0.000,      0.000,    β:       1.000
α:       0.000,      0.000,      0.000,      0.000,      0.000,      0.000,    β:       1.000
α:       0.000,      0.000,      0.000,      0.000,      0.000,      0.000,    β:       1.000
α:       0.000,      0.000,      0.000,      0.000,      0.000,      0.000,    β:       1.000
α:       0.000,      0.000,      0.000,      0.000,      0.000,      0.000,    β:       1.000
α:       0.000,      0.000,      0.000,      0.000,      0.000,      0.000,    β:       1.000
α:       0.000,      0.000,      0.000,      0.000,      0.000,      0.000,    β:       1.000
α:       0.000,      0.000,      0.000,      0.000,      0.000,      0.000,    β:       1.000
α:       0.000,      0.000,      0.000,      0.000,      0.000,      0.000,    β:       1.000
α:       0.000,      0.000,      0.000,      0.000,      0.000,      0.000,    β:       1.000
α:       0.000,      0.000,      0.000,      0.000,      0.000,      0.000,    β:       1.000
α:       0.000,      0.000,      0.000,      0.000,      0.000,      0.000,    β:       1.000
α:       0.000,      0.000,      0.000,      0.000,      0.000,      0.000,    β:       1.000
α:       0.000,      0.000,      0.000,      0.000,      0.000,      0.000,    β:       1.000
α:       0.000,      0.000,      0.000,      0.000,      0.000,      0.000,    β:       1.000
α:       0.000,      0.000,      0.000,      0.000,      0.000,      0.000,    β:       1.000
α:       0.000,      0.000,      0.000,      0.000,      0.000,      0.000,    β:       1.000
α:       0.000,      0.000,      0.000,      0.000,      0.000,      0.000,    β:       1.000
α:       0.000,      0.000,      0.000,      0.000,      0.000,      0.000,    β:       1.000
α:       0.000,      0.000,      0.000,      0.000,      0.000,      0.000,    β:       1.000
α:       0.000,      0.000,      0.000,      0.000,      0.000,      0.000,    β:       1.000
α:       0.000,      0.000,      0.000,      0.000,      0.000,      0.000,    β:       1.000
α:       0.000,      0.000,      0.000,      0.000,      0.000,      0.000,    β:       1.000
α:       0.000,      0.000,      0.000,      0.000,      0.000,      0.000,    β:       1.000
α:       0.000,      0.000,      0.000,      0.000,      0.000,      0.000,    β:       1.000
α:       0.000,      0.000,      0.000,      0.000,      0.000,      0.000,    β:       1.000
α:       0.000,      0.000,      0.000,      0.000,      0.000,      0.000,    β:       1.000
α:       0.000,      0.000,      0.000,      0.000,      0.000,      0.000,    β:       1.000
α:       0.000,      0.000,      0.000,      0.000,      0.000,      0.000,    β:       1.000
α:       0.000,      0.000,      0.000,      0.000,      0.000,      0.000,    β:       1.000
α:       0.000,      0.000,      0.000,      0.000,      0.000,      0.000,    β:       1.000
α:       0.000,      0.000,      0.000,      0.000,      0.000,      0.000,    β:       1.000
α:       0.000,      0.000,      0.000,      0.000,      0.000,      0.000,    β:       1.000
α:       0.000,      0.000,      0.000,      0.000,      0.000,      0.000,    β:       1.000
α:       0.000,      0.000,      0.000,      0.000,      0.000,      0.000,    β:       1.000
α:       0.000,      0.000,      0.000,      0.000,      0.000,      0.000,    β:       1.000
α:       0.000,      0.000,      0.000,      0.000,      0.000,      0.000,    β:       1.000
α:       0.000,      0.000,      0.000,      0.000,      0.000,      0.000,    β:       1.000
α:       0.000,      0.000,      0.000,      0.000,      0.000,      0.000,    β:       1.000
α:       0.000,      0.000,      0.000,      0.000,      0.000,      0.000,    β:       1.000
α:       0.000,      0.000,      0.000,      0.000,      0.000,      0.000,    β:       1.000
α:       0.000,      0.000,      0.000,      0.000,      0.000,      0.000,    β:       1.000
α:       0.000,      0.000,      0.000,      0.000,      0.000,      0.000,    β:       1.000
α:       0.000,      0.000,      0.000,      0.000,      0.000,      0.000,    β:       1.000
α:       0.000,      0.000,      0.000,      0.000,      0.000,      0.000,    β:       1.000
α:       0.000,      0.000,      0.000,      0.000,      0.000,      0.000,    β:       1.000
α:       0.000,      0.000,      0.000,      0.000,      0.000,      0.000,    β:       1.000
α:       0.000,      0.000,      0.000,      0.000,      0.000,      0.000,    β:       1.000
α:       0.000,      0.000,      0.000,      0.000,      0.000,      0.000,    β:       1.000
α:       0.000,      0.000,      0.000,      0.000,      0.000,      0.000,    β:       1.000
α:       0.000,      0.000,      0.000,      0.000,      0.000,      0.000,    β:       1.000
α:       0.000,      0.000,      0.000,      0.000,      0.000,      0.000,    β:       1.000
α:       0.000,      0.000,      0.000,      0.000,      0.000,      0.000,    β:       1.000
α:       0.000,      0.000,      0.000,      0.000,      0.000,      0.000,    β:       1.000
α:       0.000,      0.000,      0.000,      0.000,      0.000,      0.000,    β:       1.000
α:       0.000,      0.000,      0.000,      0.000,      0.000,      0.000,    β:       1.000
α:       0.000,      0.000,      0.000,      0.000,      0.000,      0.000,    β:       1.000
α:       0.000,      0.000,      0.000,      0.000,      0.000,      0.000,    β:       1.000
α:       0.000,      0.000,      0.000,      0.000,      0.000,      0.000,    β:       1.000
α:       0.000,      0.000,      0.000,      0.000,      0.000,      0.000,    β:       1.000
α:       0.000,      0.000,      0.000,      0.000,      0.000,      0.000,    β:       1.000
α:       0.000,      0.000,      0.000,      0.000,      0.000,      0.000,    β:       1.000
α:       0.000,      0.000,      0.000,      0.000,      0.000,      0.000,    β:       1.000
α:       0.000,      0.000,      0.000,      0.000,      0.000,      0.000,    β:       1.000
α:       0.000,      0.000,      0.000,      0.000,      0.000,      0.000,    β:       1.000
α:       0.000,      0.000,      0.000,      0.000,      0.000,      0.000,    β:       1.000
α:       0.000,      0.000,      0.000,      0.000,      0.000,      0.000,    β:       1.000
α:       0.000,      0.000,      0.000,      0.000,      0.000,      0.000,    β:       1.000
α:       0.000,      0.000,      0.000,      0.000,      0.000,      0.000,    β:       1.000
α:       0.000,      0.000,      0.000,      0.000,      0.000,      0.000,    β:       1.000
α:       0.000,      0.000,      0.000,      0.000,      0.000,      0.000,    β:       1.000
α:       0.000,      0.000,      0.000,      0.000,      0.000,      0.000,    β:       1.000
α:       0.000,      0.000,      0.000,      0.000,      0.000,      0.000,    β:       1.000
α:       0.000,      0.000,      0.000,      0.000,      0.000,      0.000,    β:       1.000
α:       0.000,      0.000,      0.000,      0.000,      0.000,      0.000,    β:       1.000
α:       0.000,      0.000,      0.000,      0.000,      0.000,      0.000,    β:       1.000
α:       0.000,      0.000,      0.000,      0.000,      0.000,      0.000,    β:       1.000
α:       0.000,      0.000,      0.000,      0.000,      0.000,      0.000,    β:       1.000
α:       0.000,      0.000,      0.000,      0.000,      0.000,      0.000,    β:       1.000
α:       0.000,      0.000,      0.000,      0.000,      0.000,      0.000,    β:       1.000
α:       0.000,      0.000,      0.000,      0.000,      0.000,      0.000,    β:       1.000
α:       0.000,      0.000,      0.000,      0.000,      0.000,      0.000,    β:       1.000
α:       0.000,      0.000,      0.000,      0.000,      0.000,      0.000,    β:       1.000
α:       0.000,      0.000,      0.000,      0.000,      0.000,      0.000,    β:       1.000
α:       0.000,      0.000,      0.000,      0.000,      0.000,      0.000,    β:       1.000
α:       0.000,      0.000,      0.000,      0.000,      0.000,      0.000,    β:       1.000
α:       0.000,      0.000,      0.000,      0.000,      0.000,      0.000,    β:       1.000
α:       0.000,      0.000,      0.000,      0.000,      0.000,      0.000,    β:       1.000
α:       0.000,      0.000,      0.000,      0.000,      0.000,      0.000,    β:       1.000
α:       0.000,      0.000,      0.000,      0.000,      0.000,      0.000,    β:       1.000
α:       0.000,      0.000,      0.000,      0.000,      0.000,      0.000,    β:       1.000
α:       0.000,      0.000,      0.000,      0.000,      0.000,      0.000,    β:       1.000
α:       0.000,      0.000,      0.000,      0.000,      0.000,      0.000,    β:       1.000
α:       0.000,      0.000,      0.000,      0.000,      0.000,      0.000,    β:       1.000
α:       0.000,      0.000,      0.000,      0.000,      0.000,      0.000,    β:       1.000
α:       0.000,      0.000,      0.000,      0.000,      0.000,      0.000,    β:       1.000
α:       0.000,      0.000,      0.000,      0.000,      0.000,      0.000,    β:       1.000
α:       0.000,      0.000,      0.000,      0.000,      0.000,      0.000,    β:       1.000
α:       0.000,      0.000,      0.000,      0.000,      0.000,      0.000,    β:       1.000
α:       0.000,      0.000,      0.000,      0.000,      0.000,      0.000,    β:       1.000
α:       0.000,      0.000,      0.000,      0.000,      0.000,      0.000,    β:       1.000
α:       0.000,      0.000,      0.000,      0.000,      0.000,      0.000,    β:       1.000
α:       0.000,      0.000,      0.000,      0.000,      0.000,      0.000,    β:       1.000
α:       0.000,      0.000,      0.000,      0.000,      0.000,      0.000,    β:       1.000
α:       0.000,      0.000,      0.000,      0.000,      0.000,      0.000,    β:       1.000
α:       0.000,      0.000,      0.000,      0.000,      0.000,      0.000,    β:       1.000
α:       0.000,      0.000,      0.000,      0.000,      0.000,      0.000,    β:       1.000
α:       0.000,      0.000,      0.000,      0.000,      0.000,      0.000,    β:       1.000
α:       0.000,      0.000,      0.000,      0.000,      0.000,      0.000,    β:       1.000
α:       0.000,      0.000,      0.000,      0.000,      0.000,      0.000,    β:       1.000
α:       0.000,      0.000,      0.000,      0.000,      0.000,      0.000,    β:       1.000
α:       0.000,      0.000,      0.000,      0.000,      0.000,      0.000,    β:       1.000
α:       0.000,      0.000,      0.000,      0.000,      0.000,      0.000,    β:       1.000
α:       0.000,      0.000,      0.000,      0.000,      0.000,      0.000,    β:       1.000
α:       0.000,      0.000,      0.000,      0.000,      0.000,      0.000,    β:       1.000
α:       0.000,      0.000,      0.000,      0.000,      0.000,      0.000,    β:       1.000
α:       0.000,      0.000,      0.000,      0.000,      0.000,      0.000,    β:       1.000
α:       0.000,      0.000,      0.000,      0.000,      0.000,      0.000,    β:       1.000
α:       0.000,      0.000,      0.000,      0.000,      0.000,      0.000,    β:       1.000
α:       0.000,      0.000,      0.000,      0.000,      0.000,      0.000,    β:       1.000
α:       0.000,      0.000,      0.000,      0.000,      0.000,      0.000,    β:       1.000
α:       0.000,      0.000,      0.000,      0.000,      0.000,      0.000,    β:       1.000
α:       0.000,      0.000,      0.000,      0.000,      0.000,      0.000,    β:       1.000
α:       0.000,      0.000,      0.000,      0.000,      0.000,      0.000,    β:       1.000
α:       0.000,      0.000,      0.000,      0.000,      0.000,      0.000,    β:       1.000
α:       0.000,      0.000,      0.000,      0.000,      0.000,      0.000,    β:       1.000
α:       0.000,      0.000,      0.000,      0.000,      0.000,      0.000,    β:       1.000
α:       0.000,      0.000,      0.000,      0.000,      0.000,      0.000,    β:       1.000
α:       0.000,      0.000,      0.000,      0.000,      0.000,      0.000,    β:       1.000
α:       0.000,      0.000,      0.000,      0.000,      0.000,      0.000,    β:       1.000
α:       0.000,      0.000,      0.000,      0.000,      0.000,      0.000,    β:       1.000
α:      -0.013,      0.024,      0.018,      0.010,     -0.017,     -0.007,    β:       1.000
α:      -0.026,      0.038,      0.039,      0.019,     -0.031,     -0.014,    β:       1.000
α:      -0.042,      0.048,      0.048,      0.028,     -0.039,     -0.018,    β:       1.000
α:      -0.054,      0.066,      0.059,      0.038,     -0.050,     -0.028,    β:       1.000
α:      -0.064,      0.079,      0.071,      0.042,     -0.060,     -0.036,    β:       1.000
α:      -0.075,      0.091,      0.080,      0.048,     -0.071,     -0.044,    β:       1.000
α:      -0.087,      0.104,      0.089,      0.058,     -0.078,     -0.049,    β:       1.000
α:      -0.098,      0.116,      0.094,      0.065,     -0.085,     -0.055,    β:       1.000
α:      -0.107,      0.123,      0.105,      0.069,     -0.093,     -0.059,    β:       1.000
α:      -0.115,      0.131,      0.111,      0.077,     -0.100,     -0.066,    β:       1.000
α:      -0.123,      0.141,      0.122,      0.084,     -0.105,     -0.073,    β:       1.000
α:      -0.129,      0.150,      0.128,      0.088,     -0.112,     -0.076,    β:       1.000
α:      -0.135,      0.158,      0.136,      0.093,     -0.121,     -0.080,    β:       1.000
α:      -0.136,      0.165,      0.143,      0.097,     -0.127,     -0.084,    β:       1.000
α:      -0.146,      0.175,      0.148,      0.102,     -0.134,     -0.089,    β:       1.000
α:      -0.153,      0.183,      0.157,      0.107,     -0.142,     -0.095,    β:       1.000
α:      -0.158,      0.192,      0.163,      0.112,     -0.148,     -0.098,    β:       1.000
α:      -0.165,      0.200,      0.168,      0.117,     -0.153,     -0.104,    β:       1.000
α:      -0.172,      0.206,      0.175,      0.123,     -0.159,     -0.110,    β:       1.000
α:      -0.178,      0.212,      0.182,      0.128,     -0.165,     -0.114,    β:       1.000
α:      -0.183,      0.216,      0.188,      0.131,     -0.169,     -0.118,    β:       1.000
α:      -0.186,      0.222,      0.192,      0.136,     -0.172,     -0.123,    β:       1.000
α:      -0.194,      0.224,      0.199,      0.141,     -0.178,     -0.126,    β:       1.000
α:      -0.198,      0.232,      0.202,      0.148,     -0.183,     -0.130,    β:       1.000
α:      -0.204,      0.237,      0.205,      0.151,     -0.188,     -0.134,    β:       1.000
α:      -0.214,      0.245,      0.208,      0.155,     -0.192,     -0.137,    β:       1.000
α:      -0.218,      0.250,      0.216,      0.161,     -0.198,     -0.141,    β:       1.000
α:      -0.221,      0.253,      0.219,      0.164,     -0.203,     -0.144,    β:       1.000
α:      -0.227,      0.257,      0.224,      0.171,     -0.208,     -0.149,    β:       1.000
α:      -0.231,      0.264,      0.225,      0.174,     -0.213,     -0.151,    β:       1.000
α:      -0.237,      0.266,      0.232,      0.179,     -0.218,     -0.155,    β:       1.000
α:      -0.243,      0.269,      0.237,      0.183,     -0.223,     -0.158,    β:       1.000
α:      -0.244,      0.274,      0.238,      0.187,     -0.227,     -0.163,    β:       1.000
α:      -0.247,      0.279,      0.242,      0.191,     -0.232,     -0.166,    β:       1.000
α:      -0.251,      0.280,      0.248,      0.196,     -0.236,     -0.170,    β:       1.000
α:      -0.256,      0.284,      0.251,      0.200,     -0.241,     -0.173,    β:       1.000
α:      -0.261,      0.289,      0.257,      0.204,     -0.245,     -0.176,    β:       1.000
α:      -0.264,      0.290,      0.260,      0.207,     -0.249,     -0.179,    β:       1.000
α:      -0.269,      0.293,      0.263,      0.210,     -0.254,     -0.183,    β:       1.000
α:      -0.273,      0.298,      0.267,      0.214,     -0.259,     -0.186,    β:       1.000
α:      -0.276,      0.302,      0.272,      0.218,     -0.263,     -0.188,    β:       1.000
α:      -0.280,      0.306,      0.273,      0.223,     -0.267,     -0.192,    β:       1.000
α:      -0.283,      0.310,      0.276,      0.226,     -0.271,     -0.193,    β:       1.000
α:      -0.287,      0.314,      0.279,      0.229,     -0.276,     -0.195,    β:       1.000
α:      -0.294,      0.316,      0.285,      0.232,     -0.281,     -0.197,    β:       1.000
α:      -0.295,      0.322,      0.286,      0.236,     -0.283,     -0.202,    β:       1.000
α:      -0.298,      0.324,      0.287,      0.239,     -0.287,     -0.204,    β:       1.000
α:      -0.300,      0.329,      0.290,      0.243,     -0.292,     -0.206,    β:       1.000
α:      -0.305,      0.333,      0.294,      0.248,     -0.297,     -0.209,    β:       1.000
α:      -0.307,      0.337,      0.295,      0.251,     -0.301,     -0.212,    β:       1.000
α:      -0.311,      0.341,      0.298,      0.255,     -0.305,     -0.216,    β:       1.000
α:      -0.314,      0.344,      0.302,      0.257,     -0.309,     -0.217,    β:       1.000
α:      -0.315,      0.348,      0.305,      0.259,     -0.314,     -0.220,    β:       1.000
α:      -0.321,      0.353,      0.307,      0.264,     -0.319,     -0.223,    β:       1.000
α:      -0.324,      0.355,      0.309,      0.266,     -0.322,     -0.226,    β:       1.000
α:      -0.327,      0.357,      0.310,      0.268,     -0.325,     -0.228,    β:       1.000
α:      -0.327,      0.359,      0.315,      0.271,     -0.329,     -0.231,    β:       1.000
α:      -0.329,      0.363,      0.316,      0.273,     -0.332,     -0.232,    β:       1.000
α:      -0.332,      0.366,      0.318,      0.275,     -0.334,     -0.234,    β:       1.000
α:      -0.335,      0.370,      0.320,      0.278,     -0.339,     -0.238,    β:       1.000
α:      -0.336,      0.370,      0.324,      0.281,     -0.343,     -0.240,    β:       1.000
α:      -0.340,      0.375,      0.325,      0.284,     -0.346,     -0.242,    β:       1.000
α:      -0.342,      0.377,      0.325,      0.287,     -0.349,     -0.244,    β:       1.000
α:      -0.346,      0.380,      0.328,      0.290,     -0.354,     -0.246,    β:       1.000
α:      -0.349,      0.384,      0.330,      0.294,     -0.358,     -0.249,    β:       1.000
α:      -0.352,      0.383,      0.330,      0.297,     -0.360,     -0.249,    β:       1.000
α:      -0.355,      0.386,      0.335,      0.299,     -0.364,     -0.252,    β:       1.000
α:      -0.358,      0.387,      0.337,      0.301,     -0.367,     -0.254,    β:       1.000
α:      -0.362,      0.390,      0.341,      0.303,     -0.370,     -0.254,    β:       1.000
α:      -0.364,      0.393,      0.344,      0.307,     -0.373,     -0.256,    β:       1.000
α:      -0.366,      0.394,      0.347,      0.309,     -0.377,     -0.257,    β:       1.000
α:      -0.370,      0.397,      0.348,      0.313,     -0.380,     -0.261,    β:       1.000
α:      -0.370,      0.398,      0.352,      0.315,     -0.384,     -0.263,    β:       1.000
α:      -0.373,      0.401,      0.353,      0.317,     -0.386,     -0.266,    β:       1.000
α:      -0.376,      0.399,      0.354,      0.319,     -0.389,     -0.269,    β:       1.000
α:      -0.375,      0.402,      0.357,      0.322,     -0.392,     -0.270,    β:       1.000
α:      -0.377,      0.405,      0.360,      0.325,     -0.395,     -0.272,    β:       1.000
α:      -0.378,      0.407,      0.361,      0.327,     -0.399,     -0.274,    β:       1.000
α:      -0.383,      0.410,      0.362,      0.329,     -0.402,     -0.274,    β:       1.000
α:      -0.384,      0.412,      0.367,      0.331,     -0.405,     -0.278,    β:       1.000
α:      -0.387,      0.413,      0.369,      0.333,     -0.409,     -0.279,    β:       1.000
α:      -0.389,      0.416,      0.372,      0.335,     -0.412,     -0.282,    β:       1.000
α:      -0.392,      0.420,      0.373,      0.338,     -0.414,     -0.285,    β:       1.000
α:      -0.394,      0.421,      0.373,      0.342,     -0.417,     -0.286,    β:       1.000
α:      -0.397,      0.422,      0.376,      0.344,     -0.420,     -0.289,    β:       1.000
α:      -0.401,      0.427,      0.378,      0.347,     -0.423,     -0.290,    β:       1.000
α:      -0.403,      0.428,      0.382,      0.350,     -0.426,     -0.292,    β:       1.000
α:      -0.407,      0.430,      0.382,      0.353,     -0.429,     -0.294,    β:       1.000
α:      -0.407,      0.432,      0.384,      0.354,     -0.432,     -0.296,    β:       1.000
α:      -0.410,      0.437,      0.384,      0.358,     -0.433,     -0.298,    β:       1.000
α:      -0.410,      0.439,      0.388,      0.359,     -0.436,     -0.300,    β:       1.000
α:      -0.412,      0.442,      0.391,      0.363,     -0.440,     -0.301,    β:       1.000
α:      -0.415,      0.443,      0.392,      0.364,     -0.442,     -0.303,    β:       1.000
α:      -0.415,      0.445,      0.395,      0.365,     -0.444,     -0.305,    β:       1.000
α:      -0.417,      0.447,      0.397,      0.368,     -0.448,     -0.307,    β:       1.000
α:      -0.422,      0.450,      0.400,      0.371,     -0.451,     -0.308,    β:       1.000
α:      -0.423,      0.451,      0.402,      0.372,     -0.455,     -0.310,    β:       1.000
α:      -0.424,      0.452,      0.403,      0.375,     -0.457,     -0.313,    β:       1.000
α:      -0.425,      0.453,      0.404,      0.378,     -0.460,     -0.314,    β:       1.000
α:      -0.426,      0.455,      0.408,      0.380,     -0.462,     -0.316,    β:       1.000
α:      -0.429,      0.457,      0.411,      0.383,     -0.465,     -0.318,    β:       1.000
α:      -0.431,      0.460,      0.415,      0.385,     -0.468,     -0.320,    β:       1.000
α:      -0.434,      0.463,      0.416,      0.387,     -0.470,     -0.321,    β:       1.000
α:      -0.435,      0.466,      0.418,      0.389,     -0.474,     -0.323,    β:       1.000
α:      -0.437,      0.467,      0.421,      0.391,     -0.476,     -0.326,    β:       1.000
α:      -0.440,      0.470,      0.423,      0.393,     -0.479,     -0.327,    β:       1.000
α:      -0.441,      0.471,      0.424,      0.395,     -0.481,     -0.328,    β:       1.000
α:      -0.446,      0.474,      0.427,      0.397,     -0.483,     -0.330,    β:       1.000
α:      -0.445,      0.474,      0.431,      0.398,     -0.486,     -0.331,    β:       1.000
α:      -0.447,      0.478,      0.433,      0.400,     -0.488,     -0.332,    β:       1.000
α:      -0.448,      0.482,      0.434,      0.403,     -0.490,     -0.334,    β:       1.000
α:      -0.447,      0.482,      0.436,      0.404,     -0.492,     -0.335,    β:       1.000
α:      -0.450,      0.486,      0.437,      0.405,     -0.495,     -0.337,    β:       1.000
α:      -0.453,      0.489,      0.440,      0.408,     -0.498,     -0.338,    β:       1.000
α:      -0.456,      0.491,      0.442,      0.410,     -0.501,     -0.341,    β:       1.000
α:      -0.459,      0.494,      0.442,      0.412,     -0.503,     -0.342,    β:       1.000
α:      -0.461,      0.496,      0.447,      0.415,     -0.505,     -0.343,    β:       1.000
α:      -0.464,      0.499,      0.447,      0.417,     -0.508,     -0.345,    β:       1.000
α:      -0.465,      0.500,      0.452,      0.418,     -0.510,     -0.346,    β:       1.000
α:      -0.468,      0.503,      0.452,      0.420,     -0.512,     -0.349,    β:       1.000
α:      -0.468,      0.505,      0.454,      0.422,     -0.514,     -0.351,    β:       1.000
α:      -0.469,      0.507,      0.456,      0.424,     -0.516,     -0.351,    β:       1.000
α:      -0.471,      0.507,      0.457,      0.426,     -0.519,     -0.353,    β:       1.000
α:      -0.473,      0.509,      0.458,      0.428,     -0.521,     -0.354,    β:       1.000
α:      -0.474,      0.512,      0.461,      0.431,     -0.523,     -0.356,    β:       1.000
α:      -0.478,      0.513,      0.462,      0.432,     -0.526,     -0.357,    β:       1.000
α:      -0.480,      0.514,      0.464,      0.434,     -0.529,     -0.359,    β:       1.000
α:      -0.480,      0.516,      0.465,      0.435,     -0.531,     -0.360,    β:       1.000
α:      -0.483,      0.518,      0.465,      0.437,     -0.533,     -0.361,    β:       1.000
α:      -0.486,      0.519,      0.468,      0.439,     -0.536,     -0.362,    β:       1.000
α:      -0.487,      0.521,      0.470,      0.442,     -0.538,     -0.364,    β:       1.000
α:      -0.490,      0.524,      0.471,      0.443,     -0.540,     -0.364,    β:       1.000
α:      -0.491,      0.526,      0.470,      0.445,     -0.542,     -0.365,    β:       1.000
α:      -0.491,      0.526,      0.472,      0.446,     -0.544,     -0.368,    β:       1.000
α:      -0.495,      0.529,      0.476,      0.448,     -0.545,     -0.369,    β:       1.000
α:      -0.497,      0.531,      0.475,      0.451,     -0.547,     -0.372,    β:       1.000
α:      -0.497,      0.534,      0.478,      0.453,     -0.550,     -0.374,    β:       1.000
α:      -0.499,      0.536,      0.481,      0.455,     -0.552,     -0.375,    β:       1.000
α:      -0.501,      0.538,      0.481,      0.458,     -0.555,     -0.377,    β:       1.000
α:      -0.504,      0.539,      0.484,      0.460,     -0.557,     -0.378,    β:       1.000
α:      -0.506,      0.540,      0.485,      0.462,     -0.559,     -0.380,    β:       1.000
α:      -0.508,      0.542,      0.488,      0.464,     -0.562,     -0.381,    β:       1.000
α:      -0.510,      0.545,      0.490,      0.466,     -0.564,     -0.383,    β:       1.000
α:      -0.512,      0.545,      0.492,      0.467,     -0.566,     -0.384,    β:       1.000
α:      -0.513,      0.548,      0.491,      0.470,     -0.567,     -0.384,    β:       1.000
α:      -0.516,      0.549,      0.494,      0.472,     -0.570,     -0.385,    β:       1.000
α:      -0.517,      0.551,      0.495,      0.473,     -0.572,     -0.386,    β:       1.000
α:      -0.519,      0.554,      0.496,      0.476,     -0.574,     -0.388,    β:       1.000
α:      -0.521,      0.555,      0.498,      0.478,     -0.576,     -0.389,    β:       1.000
α:      -0.522,      0.556,      0.501,      0.480,     -0.578,     -0.391,    β:       1.000
α:      -0.524,      0.558,      0.501,      0.481,     -0.579,     -0.392,    β:       1.000
α:      -0.525,      0.560,      0.507,      0.483,     -0.582,     -0.395,    β:       1.000
α:      -0.526,      0.561,      0.508,      0.485,     -0.585,     -0.396,    β:       1.000
α:      -0.528,      0.562,      0.508,      0.486,     -0.586,     -0.397,    β:       1.000
α:      -0.530,      0.565,      0.510,      0.489,     -0.588,     -0.399,    β:       1.000
α:      -0.532,      0.565,      0.512,      0.490,     -0.590,     -0.399,    β:       1.000
α:      -0.533,      0.567,      0.512,      0.492,     -0.591,     -0.401,    β:       1.000
α:      -0.534,      0.569,      0.515,      0.494,     -0.594,     -0.403,    β:       1.000
α:      -0.537,      0.568,      0.516,      0.496,     -0.596,     -0.405,    β:       1.000
α:      -0.539,      0.571,      0.515,      0.498,     -0.598,     -0.406,    β:       1.000
α:      -0.541,      0.572,      0.518,      0.501,     -0.599,     -0.408,    β:       1.000
α:      -0.543,      0.573,      0.519,      0.504,     -0.601,     -0.410,    β:       1.000
α:      -0.546,      0.573,      0.521,      0.506,     -0.603,     -0.411,    β:       1.000
α:      -0.546,      0.574,      0.523,      0.508,     -0.605,     -0.412,    β:       1.000
α:      -0.549,      0.575,      0.523,      0.510,     -0.608,     -0.413,    β:       1.000
α:      -0.551,      0.577,      0.524,      0.511,     -0.610,     -0.414,    β:       1.000
α:      -0.552,      0.579,      0.526,      0.512,     -0.612,     -0.416,    β:       1.000
α:      -0.554,      0.581,      0.527,      0.513,     -0.614,     -0.417,    β:       1.000
α:      -0.555,      0.583,      0.528,      0.515,     -0.615,     -0.419,    β:       1.000
α:      -0.556,      0.584,      0.530,      0.517,     -0.617,     -0.420,    β:       1.000
α:      -0.556,      0.585,      0.534,      0.518,     -0.619,     -0.422,    β:       1.000
α:      -0.558,      0.587,      0.533,      0.520,     -0.622,     -0.423,    β:       1.000
α:      -0.559,      0.587,      0.536,      0.522,     -0.623,     -0.426,    β:       1.000
α:      -0.561,      0.589,      0.536,      0.523,     -0.625,     -0.427,    β:       1.000
α:      -0.561,      0.590,      0.537,      0.525,     -0.627,     -0.429,    β:       1.000
α:      -0.563,      0.591,      0.538,      0.527,     -0.628,     -0.430,    β:       1.000
α:      -0.564,      0.591,      0.539,      0.528,     -0.630,     -0.431,    β:       1.000
α:      -0.567,      0.591,      0.542,      0.530,     -0.632,     -0.432,    β:       1.000
α:      -0.568,      0.592,      0.544,      0.532,     -0.634,     -0.433,    β:       1.000
α:      -0.569,      0.593,      0.545,      0.534,     -0.636,     -0.435,    β:       1.000
α:      -0.569,      0.594,      0.545,      0.536,     -0.637,     -0.436,    β:       1.000
α:      -0.572,      0.597,      0.546,      0.537,     -0.638,     -0.437,    β:       1.000
α:      -0.574,      0.598,      0.548,      0.539,     -0.640,     -0.439,    β:       1.000
α:      -0.577,      0.600,      0.550,      0.540,     -0.642,     -0.439,    β:       1.000
α:      -0.576,      0.602,      0.551,      0.542,     -0.642,     -0.440,    β:       1.000
α:      -0.579,      0.602,      0.552,      0.543,     -0.643,     -0.441,    β:       1.000
α:      -0.581,      0.603,      0.552,      0.545,     -0.645,     -0.442,    β:       1.000
α:      -0.582,      0.605,      0.555,      0.547,     -0.647,     -0.444,    β:       1.000
α:      -0.584,      0.607,      0.557,      0.548,     -0.649,     -0.445,    β:       1.000
α:      -0.587,      0.608,      0.557,      0.550,     -0.651,     -0.445,    β:       1.000
α:      -0.588,      0.608,      0.557,      0.551,     -0.652,     -0.446,    β:       1.000
α:      -0.591,      0.608,      0.559,      0.552,     -0.654,     -0.446,    β:       1.000
α:      -0.593,      0.609,      0.560,      0.554,     -0.655,     -0.447,    β:       1.000
α:      -0.595,      0.610,      0.560,      0.555,     -0.656,     -0.448,    β:       1.000
α:      -0.596,      0.610,      0.563,      0.556,     -0.657,     -0.449,    β:       1.000
α:      -0.598,      0.611,      0.565,      0.558,     -0.659,     -0.450,    β:       1.000
α:      -0.599,      0.612,      0.567,      0.559,     -0.660,     -0.451,    β:       1.000
α:      -0.600,      0.615,      0.569,      0.561,     -0.662,     -0.453,    β:       1.000
α:      -0.603,      0.616,      0.570,      0.563,     -0.664,     -0.454,    β:       1.000
α:      -0.605,      0.617,      0.571,      0.564,     -0.665,     -0.455,    β:       1.000
α:      -0.605,      0.620,      0.574,      0.566,     -0.666,     -0.456,    β:       1.000
α:      -0.608,      0.621,      0.576,      0.568,     -0.668,     -0.457,    β:       1.000
α:      -0.608,      0.621,      0.576,      0.569,     -0.669,     -0.458,    β:       1.000
α:      -0.611,      0.624,      0.575,      0.571,     -0.671,     -0.460,    β:       1.000
α:      -0.611,      0.624,      0.578,      0.572,     -0.673,     -0.461,    β:       1.000
α:      -0.612,      0.624,      0.581,      0.573,     -0.674,     -0.462,    β:       1.000
α:      -0.613,      0.625,      0.581,      0.575,     -0.676,     -0.463,    β:       1.000
α:      -0.615,      0.626,      0.582,      0.576,     -0.678,     -0.464,    β:       1.000
α:      -0.614,      0.628,      0.582,      0.578,     -0.680,     -0.465,    β:       1.000
α:      -0.616,      0.628,      0.584,      0.579,     -0.682,     -0.466,    β:       1.000
α:      -0.617,      0.631,      0.585,      0.581,     -0.683,     -0.467,    β:       1.000
α:      -0.618,      0.632,      0.585,      0.583,     -0.685,     -0.468,    β:       1.000
α:      -0.619,      0.633,      0.587,      0.584,     -0.686,     -0.469,    β:       1.000
α:      -0.620,      0.633,      0.589,      0.585,     -0.686,     -0.470,    β:       1.000
α:      -0.621,      0.634,      0.588,      0.586,     -0.687,     -0.471,    β:       1.000
α:      -0.621,      0.636,      0.589,      0.588,     -0.688,     -0.472,    β:       1.000
α:      -0.623,      0.636,      0.591,      0.589,     -0.690,     -0.472,    β:       1.000
α:      -0.625,      0.637,      0.592,      0.590,     -0.692,     -0.472,    β:       1.000
α:      -0.626,      0.639,      0.594,      0.593,     -0.694,     -0.474,    β:       1.000
α:      -0.627,      0.640,      0.596,      0.594,     -0.695,     -0.475,    β:       1.000
α:      -0.629,      0.642,      0.596,      0.596,     -0.698,     -0.476,    β:       1.000
α:      -0.631,      0.644,      0.598,      0.597,     -0.699,     -0.478,    β:       1.000
α:      -0.630,      0.646,      0.598,      0.598,     -0.700,     -0.479,    β:       1.000
α:      -0.632,      0.647,      0.600,      0.600,     -0.701,     -0.479,    β:       1.000
α:      -0.632,      0.650,      0.601,      0.601,     -0.703,     -0.481,    β:       1.000
α:      -0.634,      0.652,      0.602,      0.603,     -0.704,     -0.481,    β:       1.000
α:      -0.634,      0.652,      0.604,      0.604,     -0.706,     -0.482,    β:       1.000
α:      -0.634,      0.653,      0.604,      0.604,     -0.707,     -0.483,    β:       1.000
α:      -0.636,      0.656,      0.605,      0.606,     -0.709,     -0.484,    β:       1.000
α:      -0.638,      0.656,      0.606,      0.608,     -0.711,     -0.485,    β:       1.000
α:      -0.640,      0.657,      0.607,      0.609,     -0.712,     -0.485,    β:       1.000
α:      -0.640,      0.658,      0.609,      0.610,     -0.713,     -0.487,    β:       1.000
α:      -0.643,      0.658,      0.610,      0.611,     -0.715,     -0.487,    β:       1.000
α:      -0.642,      0.658,      0.612,      0.611,     -0.717,     -0.487,    β:       1.000
α:      -0.646,      0.660,      0.612,      0.613,     -0.718,     -0.488,    β:       1.000
α:      -0.646,      0.663,      0.613,      0.614,     -0.720,     -0.488,    β:       1.000
α:      -0.647,      0.666,      0.615,      0.615,     -0.721,     -0.489,    β:       1.000
α:      -0.650,      0.665,      0.614,      0.617,     -0.723,     -0.491,    β:       1.000
α:      -0.650,      0.667,      0.616,      0.618,     -0.724,     -0.492,    β:       1.000
α:      -0.652,      0.668,      0.618,      0.621,     -0.726,     -0.493,    β:       1.000
α:      -0.653,      0.669,      0.619,      0.622,     -0.728,     -0.494,    β:       1.000
α:      -0.654,      0.672,      0.619,      0.624,     -0.729,     -0.496,    β:       1.000
α:      -0.655,      0.671,      0.620,      0.625,     -0.730,     -0.497,    β:       1.000
α:      -0.655,      0.673,      0.621,      0.627,     -0.732,     -0.498,    β:       1.000
α:      -0.657,      0.676,      0.621,      0.629,     -0.734,     -0.499,    β:       1.000
α:      -0.659,      0.676,      0.622,      0.630,     -0.735,     -0.500,    β:       1.000
α:      -0.661,      0.678,      0.623,      0.632,     -0.737,     -0.501,    β:       1.000
α:      -0.661,      0.679,      0.623,      0.633,     -0.738,     -0.503,    β:       1.000
α:      -0.663,      0.680,      0.625,      0.634,     -0.739,     -0.504,    β:       1.000
α:      -0.664,      0.680,      0.626,      0.635,     -0.741,     -0.505,    β:       1.000
α:      -0.666,      0.683,      0.627,      0.637,     -0.742,     -0.505,    β:       1.000
α:      -0.667,      0.683,      0.629,      0.638,     -0.744,     -0.505,    β:       1.000
α:      -0.669,      0.685,      0.630,      0.640,     -0.746,     -0.507,    β:       1.000
α:      -0.670,      0.685,      0.632,      0.640,     -0.747,     -0.507,    β:       1.000
α:      -0.672,      0.686,      0.632,      0.641,     -0.749,     -0.509,    β:       1.000
α:      -0.673,      0.688,      0.633,      0.643,     -0.751,     -0.510,    β:       1.000
α:      -0.674,      0.688,      0.634,      0.644,     -0.752,     -0.511,    β:       1.000
α:      -0.676,      0.689,      0.635,      0.646,     -0.753,     -0.513,    β:       1.000
α:      -0.676,      0.691,      0.637,      0.648,     -0.755,     -0.514,    β:       1.000
α:      -0.677,      0.692,      0.638,      0.649,     -0.756,     -0.515,    β:       1.000
α:      -0.677,      0.693,      0.639,      0.650,     -0.757,     -0.515,    β:       1.000
α:      -0.679,      0.695,      0.640,      0.651,     -0.759,     -0.516,    β:       1.000
α:      -0.680,      0.695,      0.640,      0.654,     -0.761,     -0.517,    β:       1.000
α:      -0.682,      0.696,      0.641,      0.654,     -0.763,     -0.518,    β:       1.000
α:      -0.683,      0.697,      0.642,      0.655,     -0.764,     -0.519,    β:       1.000
α:      -0.684,      0.698,      0.645,      0.657,     -0.765,     -0.520,    β:       1.000
α:      -0.686,      0.698,      0.646,      0.658,     -0.766,     -0.522,    β:       1.000
α:      -0.687,      0.699,      0.646,      0.659,     -0.768,     -0.522,    β:       1.000
α:      -0.688,      0.701,      0.649,      0.660,     -0.769,     -0.524,    β:       1.000
α:      -0.690,      0.701,      0.649,      0.661,     -0.771,     -0.525,    β:       1.000
α:      -0.690,      0.702,      0.649,      0.662,     -0.772,     -0.526,    β:       1.000
α:      -0.692,      0.704,      0.648,      0.663,     -0.772,     -0.526,    β:       1.000
α:      -0.694,      0.705,      0.649,      0.664,     -0.774,     -0.528,    β:       1.000
α:      -0.695,      0.705,      0.650,      0.665,     -0.775,     -0.528,    β:       1.000
α:      -0.695,      0.707,      0.651,      0.667,     -0.777,     -0.529,    β:       1.000
α:      -0.696,      0.707,      0.652,      0.668,     -0.778,     -0.530,    β:       1.000
α:      -0.697,      0.709,      0.652,      0.669,     -0.779,     -0.530,    β:       1.000
α:      -0.697,      0.709,      0.654,      0.670,     -0.780,     -0.532,    β:       1.000
α:      -0.698,      0.710,      0.655,      0.671,     -0.782,     -0.533,    β:       1.000
α:      -0.699,      0.712,      0.657,      0.672,     -0.783,     -0.533,    β:       1.000
α:      -0.700,      0.713,      0.659,      0.673,     -0.785,     -0.533,    β:       1.000
α:      -0.700,      0.715,      0.660,      0.674,     -0.786,     -0.534,    β:       1.000
α:      -0.702,      0.716,      0.660,      0.675,     -0.787,     -0.535,    β:       1.000
α:      -0.702,      0.717,      0.661,      0.675,     -0.789,     -0.535,    β:       1.000
α:      -0.703,      0.719,      0.662,      0.677,     -0.790,     -0.536,    β:       1.000
α:      -0.703,      0.720,      0.662,      0.679,     -0.791,     -0.536,    β:       1.000
α:      -0.705,      0.721,      0.664,      0.679,     -0.793,     -0.537,    β:       1.000
α:      -0.705,      0.721,      0.664,      0.681,     -0.794,     -0.538,    β:       1.000
α:      -0.707,      0.724,      0.665,      0.683,     -0.797,     -0.540,    β:       1.000
α:      -0.708,      0.724,      0.667,      0.684,     -0.798,     -0.541,    β:       1.000
α:      -0.710,      0.726,      0.667,      0.685,     -0.799,     -0.542,    β:       1.000
α:      -0.709,      0.727,      0.669,      0.686,     -0.800,     -0.542,    β:       1.000
α:      -0.711,      0.728,      0.670,      0.687,     -0.801,     -0.543,    β:       1.000
α:      -0.710,      0.729,      0.670,      0.688,     -0.803,     -0.544,    β:       1.000
α:      -0.713,      0.729,      0.672,      0.690,     -0.804,     -0.545,    β:       1.000
α:      -0.714,      0.731,      0.672,      0.691,     -0.806,     -0.546,    β:       1.000
α:      -0.716,      0.733,      0.672,      0.692,     -0.809,     -0.546,    β:       1.000
α:      -0.717,      0.735,      0.674,      0.693,     -0.809,     -0.548,    β:       1.000
α:      -0.718,      0.736,      0.674,      0.694,     -0.811,     -0.549,    β:       1.000
α:      -0.719,      0.737,      0.676,      0.695,     -0.813,     -0.550,    β:       1.000
α:      -0.721,      0.738,      0.677,      0.696,     -0.814,     -0.551,    β:       1.000
α:      -0.721,      0.739,      0.678,      0.697,     -0.816,     -0.551,    β:       1.000
α:      -0.722,      0.740,      0.680,      0.699,     -0.817,     -0.552,    β:       1.000
α:      -0.723,      0.741,      0.681,      0.699,     -0.818,     -0.553,    β:       1.000
α:      -0.725,      0.743,      0.681,      0.701,     -0.820,     -0.554,    β:       1.000
α:      -0.726,      0.743,      0.682,      0.702,     -0.820,     -0.555,    β:       1.000
α:      -0.727,      0.745,      0.684,      0.703,     -0.821,     -0.556,    β:       1.000
α:      -0.729,      0.746,      0.684,      0.704,     -0.822,     -0.557,    β:       1.000
α:      -0.730,      0.748,      0.684,      0.706,     -0.824,     -0.557,    β:       1.000
α:      -0.731,      0.748,      0.685,      0.707,     -0.825,     -0.557,    β:       1.000
α:      -0.733,      0.750,      0.686,      0.708,     -0.826,     -0.558,    β:       1.000
α:      -0.734,      0.750,      0.686,      0.709,     -0.827,     -0.558,    β:       1.000
α:      -0.736,      0.751,      0.687,      0.710,     -0.828,     -0.559,    β:       1.000
α:      -0.735,      0.752,      0.688,      0.710,     -0.828,     -0.560,    β:       1.000
α:      -0.737,      0.753,      0.687,      0.712,     -0.830,     -0.560,    β:       1.000
α:      -0.736,      0.754,      0.688,      0.713,     -0.831,     -0.561,    β:       1.000
α:      -0.737,      0.756,      0.688,      0.714,     -0.832,     -0.562,    β:       1.000
α:      -0.738,      0.758,      0.690,      0.715,     -0.833,     -0.564,    β:       1.000
α:      -0.739,      0.758,      0.691,      0.716,     -0.834,     -0.564,    β:       1.000
α:      -0.740,      0.759,      0.692,      0.717,     -0.836,     -0.565,    β:       1.000
α:      -0.741,      0.760,      0.693,      0.719,     -0.838,     -0.566,    β:       1.000
α:      -0.742,      0.761,      0.694,      0.719,     -0.839,     -0.566,    β:       1.000
α:      -0.744,      0.763,      0.696,      0.720,     -0.841,     -0.567,    β:       1.000
α:      -0.746,      0.762,      0.696,      0.722,     -0.842,     -0.568,    β:       1.000
α:      -0.746,      0.765,      0.697,      0.723,     -0.844,     -0.569,    β:       1.000
α:      -0.748,      0.766,      0.697,      0.724,     -0.845,     -0.569,    β:       1.000
α:      -0.749,      0.768,      0.699,      0.725,     -0.846,     -0.570,    β:       1.000
α:      -0.751,      0.768,      0.699,      0.726,     -0.847,     -0.571,    β:       1.000
α:      -0.750,      0.768,      0.700,      0.727,     -0.848,     -0.572,    β:       1.000
α:      -0.753,      0.770,      0.700,      0.728,     -0.850,     -0.573,    β:       1.000
α:      -0.753,      0.771,      0.700,      0.729,     -0.851,     -0.574,    β:       1.000
α:      -0.754,      0.771,      0.700,      0.730,     -0.852,     -0.575,    β:       1.000
α:      -0.755,      0.772,      0.701,      0.732,     -0.853,     -0.575,    β:       1.000
α:      -0.756,      0.774,      0.701,      0.732,     -0.854,     -0.576,    β:       1.000
α:      -0.757,      0.775,      0.702,      0.733,     -0.856,     -0.576,    β:       1.000
α:      -0.757,      0.775,      0.703,      0.734,     -0.858,     -0.577,    β:       1.000
α:      -0.758,      0.776,      0.704,      0.736,     -0.859,     -0.577,    β:       1.000
α:      -0.759,      0.776,      0.705,      0.736,     -0.860,     -0.577,    β:       1.000
α:      -0.760,      0.778,      0.707,      0.737,     -0.862,     -0.579,    β:       1.000
α:      -0.761,      0.779,      0.709,      0.738,     -0.863,     -0.580,    β:       1.000
α:      -0.762,      0.778,      0.709,      0.740,     -0.865,     -0.580,    β:       1.000
α:      -0.763,      0.780,      0.709,      0.741,     -0.866,     -0.581,    β:       1.000
α:      -0.762,      0.780,      0.710,      0.742,     -0.868,     -0.582,    β:       1.000
α:      -0.763,      0.782,      0.710,      0.743,     -0.869,     -0.582,    β:       1.000
α:      -0.764,      0.782,      0.710,      0.744,     -0.870,     -0.583,    β:       1.000
α:      -0.766,      0.783,      0.711,      0.745,     -0.871,     -0.584,    β:       1.000
α:      -0.766,      0.784,      0.711,      0.746,     -0.872,     -0.584,    β:       1.000
α:      -0.767,      0.784,      0.712,      0.748,     -0.875,     -0.585,    β:       1.000
α:      -0.768,      0.784,      0.714,      0.750,     -0.876,     -0.586,    β:       1.000
α:      -0.769,      0.784,      0.715,      0.750,     -0.877,     -0.586,    β:       1.000
