α0:      0.901,      1.342,      0.087,      0.452,     -0.547,      0.968,    β0:      1.000
α:       0.000,      0.000,      0.000,      0.000,      0.000,      0.000,    β:       1.000
α:       0.000,      0.000,      0.000,      0.000,      0.000,      0.000,    β:       1.000
α:       0.000,      0.000,      0.000,      0.000,      0.000,      0.000,    β:       1.000
α:       0.000,      0.000,      0.000,      0.000,      0.000,      0.000,    β:       1.000
α:       0.000,      0.000,      0.000,      0.000,      0.000,      0.000,    β:       1.000
α:       0.000,      0.000,      0.000,      0.000,      0.000,      0.000,    β:       1.000
α:       0.000,      0.000,      0.000,      0.000,      0.000,      0.000,    β:       1.000
α:       0.000,      0.000,      0.000,      0.000,      0.000,      0.000,    β:       1.000
α:       0.000,      0.000,      0.000,      0.000,      0.000,      0.000,    β:       1.000
α:       0.000,      0.000,      0.000,      0.000,      0.000,      0.000,    β:       1.000
α:       0.000,      0.000,      0.000,      0.000,      0.000,      0.000,    β:       1.000
α:       0.000,      0.000,      0.000,      0.000,      0.000,      0.000,    β:       1.000
α:       0.000,      0.000,      0.000,      0.000,      0.000,      0.000,    β:       1.000
α:       0.000,      0.000,      0.000,      0.000,      0.000,      0.000,    β:       1.000
α:       0.000,      0.000,      0.000,      0.000,      0.000,      0.000,    β:       1.000
α:       0.000,      0.000,      0.000,      0.000,      0.000,      0.000,    β:       1.000
α:       0.000,      0.000,      0.000,      0.000,      0.000,      0.000,    β:       1.000
α:       0.000,      0.000,      0.000,      0.000,      0.000,      0.000,    β:       1.000
α:       0.000,      0.000,      0.000,      0.000,      0.000,      0.000,    β:       1.000
α:       0.000,      0.000,      0.000,      0.000,      0.000,      0.000,    β:       1.000
α:       0.000,      0.000,      0.000,      0.000,      0.000,      0.000,    β:       1.000
α:       0.000,      0.000,      0.000,      0.000,      0.000,      0.000,    β:       1.000
α:       0.000,      0.000,      0.000,      0.000,      0.000,      0.000,    β:       1.000
α:       0.000,      0.000,      0.000,      0.000,      0.000,      0.000,    β:       1.000
α:       0.000,      0.000,      0.000,      0.000,      0.000,      0.000,    β:       1.000
α:       0.000,      0.000,      0.000,      0.000,      0.000,      0.000,    β:       1.000
α:       0.000,      0.000,      0.000,      0.000,      0.000,      0.000,    β:       1.000
α:       0.000,      0.000,      0.000,      0.000,      0.000,      0.000,    β:       1.000
α:       0.000,      0.000,      0.000,      0.000,      0.000,      0.000,    β:       1.000
α:       0.000,      0.000,      0.000,      0.000,      0.000,      0.000,    β:       1.000
α:       0.000,      0.000,      0.000,      0.000,      0.000,      0.000,    β:       1.000
α:       0.000,      0.000,      0.000,      0.000,      0.000,      0.000,    β:       1.000
α:       0.000,      0.000,      0.000,      0.000,      0.000,      0.000,    β:       1.000
α:       0.000,      0.000,      0.000,      0.000,      0.000,      0.000,    β:       1.000
α:       0.000,      0.000,      0.000,      0.000,      0.000,      0.000,    β:       1.000
α:       0.000,      0.000,      0.000,      0.000,      0.000,      0.000,    β:       1.000
α:       0.000,      0.000,      0.000,      0.000,      0.000,      0.000,    β:       1.000
α:       0.000,      0.000,      0.000,      0.000,      0.000,      0.000,    β:       1.000
α:       0.000,      0.000,      0.000,      0.000,      0.000,      0.000,    β:       1.000
α:       0.000,      0.000,      0.000,      0.000,      0.000,      0.000,    β:       1.000
α:       0.000,      0.000,      0.000,      0.000,      0.000,      0.000,    β:       1.000
α:       0.000,      0.000,      0.000,      0.000,      0.000,      0.000,    β:       1.000
α:       0.000,      0.000,      0.000,      0.000,      0.000,      0.000,    β:       1.000
α:       0.000,      0.000,      0.000,      0.000,      0.000,      0.000,    β:       1.000
α:       0.000,      0.000,      0.000,      0.000,      0.000,      0.000,    β:       1.000
α:       0.000,      0.000,      0.000,      0.000,      0.000,      0.000,    β:       1.000
α:       0.000,      0.000,      0.000,      0.000,      0.000,      0.000,    β:       1.000
α:       0.000,      0.000,      0.000,      0.000,      0.000,      0.000,    β:       1.000
α:       0.000,      0.000,      0.000,      0.000,      0.000,      0.000,    β:       1.000
α:       0.000,      0.000,      0.000,      0.000,      0.000,      0.000,    β:       1.000
α:       0.000,      0.000,      0.000,      0.000,      0.000,      0.000,    β:       1.000
α:       0.000,      0.000,      0.000,      0.000,      0.000,      0.000,    β:       1.000
α:       0.000,      0.000,      0.000,      0.000,      0.000,      0.000,    β:       1.000
α:       0.000,      0.000,      0.000,      0.000,      0.000,      0.000,    β:       1.000
α:       0.000,      0.000,      0.000,      0.000,      0.000,      0.000,    β:       1.000
α:       0.000,      0.000,      0.000,      0.000,      0.000,      0.000,    β:       1.000
α:       0.000,      0.000,      0.000,      0.000,      0.000,      0.000,    β:       1.000
α:       0.000,      0.000,      0.000,      0.000,      0.000,      0.000,    β:       1.000
α:       0.000,      0.000,      0.000,      0.000,      0.000,      0.000,    β:       1.000
α:       0.000,      0.000,      0.000,      0.000,      0.000,      0.000,    β:       1.000
α:       0.000,      0.000,      0.000,      0.000,      0.000,      0.000,    β:       1.000
α:       0.000,      0.000,      0.000,      0.000,      0.000,      0.000,    β:       1.000
α:       0.000,      0.000,      0.000,      0.000,      0.000,      0.000,    β:       1.000
α:       0.000,      0.000,      0.000,      0.000,      0.000,      0.000,    β:       1.000
α:       0.000,      0.000,      0.000,      0.000,      0.000,      0.000,    β:       1.000
α:       0.000,      0.000,      0.000,      0.000,      0.000,      0.000,    β:       1.000
α:       0.000,      0.000,      0.000,      0.000,      0.000,      0.000,    β:       1.000
α:       0.000,      0.000,      0.000,      0.000,      0.000,      0.000,    β:       1.000
α:       0.000,      0.000,      0.000,      0.000,      0.000,      0.000,    β:       1.000
α:       0.000,      0.000,      0.000,      0.000,      0.000,      0.000,    β:       1.000
α:       0.000,      0.000,      0.000,      0.000,      0.000,      0.000,    β:       1.000
α:       0.000,      0.000,      0.000,      0.000,      0.000,      0.000,    β:       1.000
α:       0.000,      0.000,      0.000,      0.000,      0.000,      0.000,    β:       1.000
α:       0.000,      0.000,      0.000,      0.000,      0.000,      0.000,    β:       1.000
α:       0.000,      0.000,      0.000,      0.000,      0.000,      0.000,    β:       1.000
α:       0.000,      0.000,      0.000,      0.000,      0.000,      0.000,    β:       1.000
α:       0.000,      0.000,      0.000,      0.000,      0.000,      0.000,    β:       1.000
α:       0.000,      0.000,      0.000,      0.000,      0.000,      0.000,    β:       1.000
α:       0.000,      0.000,      0.000,      0.000,      0.000,      0.000,    β:       1.000
α:       0.000,      0.000,      0.000,      0.000,      0.000,      0.000,    β:       1.000
α:       0.000,      0.000,      0.000,      0.000,      0.000,      0.000,    β:       1.000
α:       0.000,      0.000,      0.000,      0.000,      0.000,      0.000,    β:       1.000
α:       0.000,      0.000,      0.000,      0.000,      0.000,      0.000,    β:       1.000
α:       0.000,      0.000,      0.000,      0.000,      0.000,      0.000,    β:       1.000
α:       0.000,      0.000,      0.000,      0.000,      0.000,      0.000,    β:       1.000
α:       0.000,      0.000,      0.000,      0.000,      0.000,      0.000,    β:       1.000
α:       0.000,      0.000,      0.000,      0.000,      0.000,      0.000,    β:       1.000
α:       0.000,      0.000,      0.000,      0.000,      0.000,      0.000,    β:       1.000
α:       0.000,      0.000,      0.000,      0.000,      0.000,      0.000,    β:       1.000
α:       0.000,      0.000,      0.000,      0.000,      0.000,      0.000,    β:       1.000
α:       0.000,      0.000,      0.000,      0.000,      0.000,      0.000,    β:       1.000
α:       0.000,      0.000,      0.000,      0.000,      0.000,      0.000,    β:       1.000
α:       0.000,      0.000,      0.000,      0.000,      0.000,      0.000,    β:       1.000
α:       0.000,      0.000,      0.000,      0.000,      0.000,      0.000,    β:       1.000
α:       0.000,      0.000,      0.000,      0.000,      0.000,      0.000,    β:       1.000
α:       0.000,      0.000,      0.000,      0.000,      0.000,      0.000,    β:       1.000
α:       0.000,      0.000,      0.000,      0.000,      0.000,      0.000,    β:       1.000
α:       0.000,      0.000,      0.000,      0.000,      0.000,      0.000,    β:       1.000
α:       0.000,      0.000,      0.000,      0.000,      0.000,      0.000,    β:       1.000
α:       0.000,      0.000,      0.000,      0.000,      0.000,      0.000,    β:       1.000
α:       0.000,      0.000,      0.000,      0.000,      0.000,      0.000,    β:       1.000
α:       0.000,      0.000,      0.000,      0.000,      0.000,      0.000,    β:       1.000
α:       0.000,      0.000,      0.000,      0.000,      0.000,      0.000,    β:       1.000
α:       0.000,      0.000,      0.000,      0.000,      0.000,      0.000,    β:       1.000
α:       0.000,      0.000,      0.000,      0.000,      0.000,      0.000,    β:       1.000
α:       0.000,      0.000,      0.000,      0.000,      0.000,      0.000,    β:       1.000
α:       0.000,      0.000,      0.000,      0.000,      0.000,      0.000,    β:       1.000
α:       0.000,      0.000,      0.000,      0.000,      0.000,      0.000,    β:       1.000
α:       0.000,      0.000,      0.000,      0.000,      0.000,      0.000,    β:       1.000
α:       0.000,      0.000,      0.000,      0.000,      0.000,      0.000,    β:       1.000
α:       0.000,      0.000,      0.000,      0.000,      0.000,      0.000,    β:       1.000
α:       0.000,      0.000,      0.000,      0.000,      0.000,      0.000,    β:       1.000
α:       0.000,      0.000,      0.000,      0.000,      0.000,      0.000,    β:       1.000
α:       0.000,      0.000,      0.000,      0.000,      0.000,      0.000,    β:       1.000
α:       0.000,      0.000,      0.000,      0.000,      0.000,      0.000,    β:       1.000
α:       0.000,      0.000,      0.000,      0.000,      0.000,      0.000,    β:       1.000
α:       0.000,      0.000,      0.000,      0.000,      0.000,      0.000,    β:       1.000
α:       0.000,      0.000,      0.000,      0.000,      0.000,      0.000,    β:       1.000
α:       0.000,      0.000,      0.000,      0.000,      0.000,      0.000,    β:       1.000
α:       0.000,      0.000,      0.000,      0.000,      0.000,      0.000,    β:       1.000
α:       0.000,      0.000,      0.000,      0.000,      0.000,      0.000,    β:       1.000
α:       0.000,      0.000,      0.000,      0.000,      0.000,      0.000,    β:       1.000
α:       0.000,      0.000,      0.000,      0.000,      0.000,      0.000,    β:       1.000
α:       0.000,      0.000,      0.000,      0.000,      0.000,      0.000,    β:       1.000
α:       0.000,      0.000,      0.000,      0.000,      0.000,      0.000,    β:       1.000
α:       0.000,      0.000,      0.000,      0.000,      0.000,      0.000,    β:       1.000
α:       0.000,      0.000,      0.000,      0.000,      0.000,      0.000,    β:       1.000
α:       0.000,      0.000,      0.000,      0.000,      0.000,      0.000,    β:       1.000
α:       0.000,      0.000,      0.000,      0.000,      0.000,      0.000,    β:       1.000
α:       0.000,      0.000,      0.000,      0.000,      0.000,      0.000,    β:       1.000
α:       0.000,      0.000,      0.000,      0.000,      0.000,      0.000,    β:       1.000
α:       0.000,      0.000,      0.000,      0.000,      0.000,      0.000,    β:       1.000
α:       0.000,      0.000,      0.000,      0.000,      0.000,      0.000,    β:       1.000
α:       0.000,      0.000,      0.000,      0.000,      0.000,      0.000,    β:       1.000
α:       0.000,      0.000,      0.000,      0.000,      0.000,      0.000,    β:       1.000
α:       0.000,      0.000,      0.000,      0.000,      0.000,      0.000,    β:       1.000
α:       0.000,      0.000,      0.000,      0.000,      0.000,      0.000,    β:       1.000
α:       0.000,      0.000,      0.000,      0.000,      0.000,      0.000,    β:       1.000
α:       0.000,      0.000,      0.000,      0.000,      0.000,      0.000,    β:       1.000
α:       0.000,      0.000,      0.000,      0.000,      0.000,      0.000,    β:       1.000
α:       0.000,      0.000,      0.000,      0.000,      0.000,      0.000,    β:       1.000
α:       0.000,      0.000,      0.000,      0.000,      0.000,      0.000,    β:       1.000
α:       0.000,      0.000,      0.000,      0.000,      0.000,      0.000,    β:       1.000
α:       0.000,      0.000,      0.000,      0.000,      0.000,      0.000,    β:       1.000
α:       0.000,      0.000,      0.000,      0.000,      0.000,      0.000,    β:       1.000
α:       0.000,      0.000,      0.000,      0.000,      0.000,      0.000,    β:       1.000
α:       0.000,      0.000,      0.000,      0.000,      0.000,      0.000,    β:       1.000
α:       0.000,      0.000,      0.000,      0.000,      0.000,      0.000,    β:       1.000
α:       0.000,      0.000,      0.000,      0.000,      0.000,      0.000,    β:       1.000
α:       0.000,      0.000,      0.000,      0.000,      0.000,      0.000,    β:       1.000
α:       0.050,      0.055,      0.060,      0.038,     -0.047,      0.047,    β:       1.000
α:       0.087,      0.094,      0.103,      0.070,     -0.082,      0.082,    β:       1.000
α:       0.115,      0.126,      0.138,      0.095,     -0.108,      0.112,    β:       1.000
α:       0.145,      0.159,      0.167,      0.117,     -0.134,      0.138,    β:       1.000
α:       0.170,      0.188,      0.196,      0.139,     -0.156,      0.163,    β:       1.000
α:       0.191,      0.204,      0.221,      0.157,     -0.175,      0.185,    β:       1.000
α:       0.214,      0.229,      0.244,      0.174,     -0.197,      0.206,    β:       1.000
α:       0.233,      0.251,      0.267,      0.191,     -0.215,      0.226,    β:       1.000
α:       0.251,      0.270,      0.287,      0.207,     -0.232,      0.246,    β:       1.000
α:       0.268,      0.288,      0.306,      0.222,     -0.250,      0.263,    β:       1.000
α:       0.284,      0.305,      0.327,      0.237,     -0.265,      0.280,    β:       1.000
α:       0.298,      0.323,      0.344,      0.250,     -0.280,      0.297,    β:       1.000
α:       0.314,      0.336,      0.360,      0.262,     -0.293,      0.313,    β:       1.000
α:       0.328,      0.351,      0.377,      0.275,     -0.306,      0.328,    β:       1.000
α:       0.338,      0.365,      0.392,      0.286,     -0.319,      0.342,    β:       1.000
α:       0.348,      0.379,      0.404,      0.297,     -0.331,      0.356,    β:       1.000
α:       0.360,      0.391,      0.420,      0.308,     -0.343,      0.370,    β:       1.000
α:       0.374,      0.405,      0.434,      0.319,     -0.356,      0.383,    β:       1.000
α:       0.383,      0.416,      0.444,      0.329,     -0.367,      0.395,    β:       1.000
α:       0.391,      0.429,      0.455,      0.341,     -0.379,      0.408,    β:       1.000
α:       0.402,      0.439,      0.467,      0.352,     -0.390,      0.420,    β:       1.000
α:       0.414,      0.451,      0.480,      0.362,     -0.401,      0.432,    β:       1.000
α:       0.423,      0.462,      0.489,      0.372,     -0.411,      0.442,    β:       1.000
α:       0.432,      0.469,      0.500,      0.381,     -0.421,      0.453,    β:       1.000
α:       0.441,      0.478,      0.511,      0.390,     -0.432,      0.464,    β:       1.000
α:       0.448,      0.488,      0.522,      0.397,     -0.441,      0.475,    β:       1.000
α:       0.458,      0.500,      0.533,      0.407,     -0.452,      0.486,    β:       1.000
α:       0.467,      0.510,      0.543,      0.416,     -0.461,      0.497,    β:       1.000
α:       0.473,      0.518,      0.554,      0.424,     -0.470,      0.507,    β:       1.000
α:       0.480,      0.527,      0.564,      0.432,     -0.480,      0.518,    β:       1.000
α:       0.489,      0.535,      0.574,      0.440,     -0.489,      0.528,    β:       1.000
α:       0.497,      0.545,      0.585,      0.447,     -0.499,      0.539,    β:       1.000
α:       0.504,      0.554,      0.594,      0.455,     -0.508,      0.548,    β:       1.000
α:       0.512,      0.562,      0.604,      0.462,     -0.517,      0.558,    β:       1.000
α:       0.519,      0.571,      0.614,      0.470,     -0.526,      0.567,    β:       1.000
α:       0.526,      0.580,      0.623,      0.477,     -0.535,      0.577,    β:       1.000
α:       0.530,      0.588,      0.632,      0.484,     -0.543,      0.586,    β:       1.000
α:       0.537,      0.593,      0.640,      0.491,     -0.552,      0.595,    β:       1.000
α:       0.546,      0.599,      0.648,      0.498,     -0.561,      0.603,    β:       1.000
α:       0.551,      0.608,      0.656,      0.505,     -0.569,      0.612,    β:       1.000
α:       0.557,      0.616,      0.666,      0.512,     -0.577,      0.622,    β:       1.000
α:       0.563,      0.623,      0.676,      0.517,     -0.585,      0.630,    β:       1.000
α:       0.569,      0.629,      0.685,      0.524,     -0.593,      0.638,    β:       1.000
α:       0.575,      0.635,      0.694,      0.531,     -0.602,      0.646,    β:       1.000
α:       0.582,      0.643,      0.703,      0.537,     -0.610,      0.655,    β:       1.000
α:       0.588,      0.649,      0.710,      0.543,     -0.618,      0.663,    β:       1.000
α:       0.594,      0.658,      0.717,      0.550,     -0.625,      0.672,    β:       1.000
α:       0.600,      0.664,      0.725,      0.556,     -0.633,      0.679,    β:       1.000
α:       0.605,      0.671,      0.734,      0.562,     -0.641,      0.688,    β:       1.000
α:       0.613,      0.676,      0.741,      0.568,     -0.649,      0.695,    β:       1.000
α:       0.617,      0.683,      0.747,      0.574,     -0.655,      0.703,    β:       1.000
α:       0.623,      0.689,      0.755,      0.580,     -0.662,      0.709,    β:       1.000
α:       0.628,      0.694,      0.762,      0.586,     -0.668,      0.717,    β:       1.000
α:       0.632,      0.700,      0.769,      0.591,     -0.675,      0.725,    β:       1.000
α:       0.637,      0.708,      0.776,      0.597,     -0.682,      0.732,    β:       1.000
α:       0.643,      0.713,      0.783,      0.603,     -0.688,      0.739,    β:       1.000
α:       0.649,      0.718,      0.790,      0.608,     -0.696,      0.747,    β:       1.000
α:       0.654,      0.724,      0.798,      0.614,     -0.703,      0.754,    β:       1.000
α:       0.659,      0.728,      0.805,      0.619,     -0.710,      0.761,    β:       1.000
α:       0.664,      0.734,      0.811,      0.623,     -0.716,      0.769,    β:       1.000
α:       0.670,      0.739,      0.818,      0.629,     -0.723,      0.775,    β:       1.000
α:       0.676,      0.745,      0.825,      0.634,     -0.730,      0.783,    β:       1.000
α:       0.679,      0.750,      0.832,      0.640,     -0.736,      0.789,    β:       1.000
α:       0.684,      0.755,      0.839,      0.645,     -0.742,      0.796,    β:       1.000
α:       0.690,      0.761,      0.846,      0.650,     -0.749,      0.803,    β:       1.000
α:       0.693,      0.766,      0.852,      0.655,     -0.755,      0.809,    β:       1.000
α:       0.700,      0.770,      0.859,      0.660,     -0.761,      0.816,    β:       1.000
α:       0.705,      0.775,      0.866,      0.665,     -0.768,      0.823,    β:       1.000
α:       0.710,      0.780,      0.872,      0.669,     -0.774,      0.829,    β:       1.000
α:       0.714,      0.785,      0.879,      0.675,     -0.780,      0.836,    β:       1.000
α:       0.718,      0.789,      0.886,      0.680,     -0.785,      0.843,    β:       1.000
α:       0.722,      0.794,      0.892,      0.685,     -0.791,      0.850,    β:       1.000
α:       0.726,      0.799,      0.900,      0.690,     -0.798,      0.856,    β:       1.000
α:       0.730,      0.804,      0.907,      0.695,     -0.804,      0.863,    β:       1.000
α:       0.733,      0.808,      0.912,      0.699,     -0.810,      0.869,    β:       1.000
α:       0.739,      0.812,      0.919,      0.704,     -0.816,      0.875,    β:       1.000
α:       0.742,      0.817,      0.926,      0.708,     -0.821,      0.882,    β:       1.000
α:       0.747,      0.821,      0.931,      0.713,     -0.827,      0.888,    β:       1.000
α:       0.750,      0.825,      0.938,      0.718,     -0.832,      0.894,    β:       1.000
α:       0.754,      0.829,      0.943,      0.722,     -0.838,      0.900,    β:       1.000
α:       0.759,      0.834,      0.950,      0.727,     -0.844,      0.907,    β:       1.000
α:       0.764,      0.838,      0.955,      0.732,     -0.850,      0.913,    β:       1.000
α:       0.767,      0.844,      0.962,      0.736,     -0.856,      0.919,    β:       1.000
α:       0.769,      0.849,      0.968,      0.741,     -0.861,      0.925,    β:       1.000
α:       0.772,      0.855,      0.974,      0.745,     -0.866,      0.931,    β:       1.000
α:       0.776,      0.859,      0.979,      0.749,     -0.872,      0.937,    β:       1.000
α:       0.779,      0.864,      0.984,      0.754,     -0.876,      0.943,    β:       1.000
α:       0.783,      0.870,      0.990,      0.759,     -0.882,      0.949,    β:       1.000
α:       0.787,      0.874,      0.997,      0.763,     -0.887,      0.955,    β:       1.000
α:       0.790,      0.878,      1.001,      0.767,     -0.892,      0.961,    β:       1.000
α:       0.793,      0.882,      1.007,      0.772,     -0.898,      0.966,    β:       1.000
α:       0.797,      0.886,      1.012,      0.776,     -0.903,      0.972,    β:       1.000
α:       0.801,      0.890,      1.016,      0.780,     -0.908,      0.978,    β:       1.000
α:       0.805,      0.895,      1.022,      0.785,     -0.913,      0.984,    β:       1.000
α:       0.809,      0.899,      1.027,      0.789,     -0.918,      0.989,    β:       1.000
α:       0.812,      0.903,      1.032,      0.793,     -0.924,      0.995,    β:       1.000
α:       0.816,      0.907,      1.037,      0.797,     -0.929,      1.001,    β:       1.000
α:       0.819,      0.912,      1.043,      0.801,     -0.934,      1.007,    β:       1.000
α:       0.822,      0.916,      1.048,      0.804,     -0.939,      1.012,    β:       1.000
α:       0.824,      0.921,      1.053,      0.808,     -0.943,      1.018,    β:       1.000
α:       0.828,      0.924,      1.059,      0.812,     -0.948,      1.024,    β:       1.000
α:       0.831,      0.927,      1.064,      0.816,     -0.953,      1.029,    β:       1.000
α:       0.833,      0.931,      1.070,      0.820,     -0.958,      1.035,    β:       1.000
α:       0.837,      0.935,      1.076,      0.823,     -0.962,      1.040,    β:       1.000
α:       0.841,      0.938,      1.079,      0.827,     -0.967,      1.045,    β:       1.000
α:       0.842,      0.943,      1.084,      0.831,     -0.971,      1.050,    β:       1.000
α:       0.846,      0.946,      1.090,      0.834,     -0.976,      1.055,    β:       1.000
α:       0.848,      0.949,      1.095,      0.838,     -0.981,      1.060,    β:       1.000
α:       0.852,      0.953,      1.101,      0.842,     -0.986,      1.066,    β:       1.000
α:       0.855,      0.957,      1.104,      0.846,     -0.990,      1.071,    β:       1.000
α:       0.858,      0.960,      1.108,      0.850,     -0.995,      1.076,    β:       1.000
α:       0.862,      0.965,      1.114,      0.853,     -1.000,      1.082,    β:       1.000
α:       0.865,      0.969,      1.119,      0.857,     -1.005,      1.087,    β:       1.000
α:       0.868,      0.972,      1.123,      0.861,     -1.010,      1.092,    β:       1.000
α:       0.871,      0.975,      1.127,      0.864,     -1.015,      1.097,    β:       1.000
α:       0.874,      0.978,      1.133,      0.868,     -1.019,      1.102,    β:       1.000
α:       0.878,      0.980,      1.139,      0.871,     -1.024,      1.107,    β:       1.000
α:       0.881,      0.984,      1.143,      0.874,     -1.028,      1.111,    β:       1.000
α:       0.886,      0.987,      1.149,      0.878,     -1.033,      1.116,    β:       1.000
α:       0.888,      0.990,      1.152,      0.882,     -1.037,      1.121,    β:       1.000
α:       0.891,      0.993,      1.157,      0.886,     -1.041,      1.126,    β:       1.000
α:       0.895,      0.997,      1.162,      0.889,     -1.046,      1.130,    β:       1.000
α:       0.897,      1.000,      1.167,      0.892,     -1.050,      1.135,    β:       1.000
α:       0.900,      1.003,      1.172,      0.895,     -1.055,      1.140,    β:       1.000
α:       0.904,      1.007,      1.177,      0.899,     -1.059,      1.145,    β:       1.000
α:       0.908,      1.010,      1.181,      0.902,     -1.063,      1.150,    β:       1.000
α:       0.910,      1.014,      1.186,      0.905,     -1.068,      1.154,    β:       1.000
α:       0.913,      1.018,      1.189,      0.909,     -1.072,      1.159,    β:       1.000
α:       0.915,      1.022,      1.193,      0.912,     -1.076,      1.164,    β:       1.000
α:       0.917,      1.026,      1.198,      0.915,     -1.080,      1.169,    β:       1.000
α:       0.920,      1.028,      1.202,      0.918,     -1.084,      1.173,    β:       1.000
α:       0.923,      1.032,      1.207,      0.922,     -1.088,      1.178,    β:       1.000
α:       0.926,      1.035,      1.211,      0.925,     -1.092,      1.183,    β:       1.000
α:       0.928,      1.038,      1.216,      0.928,     -1.097,      1.188,    β:       1.000
α:       0.930,      1.042,      1.220,      0.931,     -1.101,      1.193,    β:       1.000
α:       0.933,      1.045,      1.224,      0.934,     -1.105,      1.197,    β:       1.000
α:       0.936,      1.048,      1.228,      0.938,     -1.109,      1.201,    β:       1.000
α:       0.938,      1.051,      1.232,      0.941,     -1.113,      1.206,    β:       1.000
α:       0.941,      1.054,      1.237,      0.944,     -1.117,      1.210,    β:       1.000
α:       0.942,      1.058,      1.241,      0.947,     -1.121,      1.215,    β:       1.000
α:       0.945,      1.061,      1.246,      0.950,     -1.126,      1.219,    β:       1.000
α:       0.949,      1.065,      1.250,      0.953,     -1.130,      1.224,    β:       1.000
α:       0.952,      1.068,      1.254,      0.956,     -1.134,      1.228,    β:       1.000
α:       0.954,      1.071,      1.258,      0.959,     -1.138,      1.233,    β:       1.000
α:       0.957,      1.074,      1.262,      0.963,     -1.142,      1.237,    β:       1.000
α:       0.960,      1.077,      1.267,      0.966,     -1.146,      1.242,    β:       1.000
α:       0.963,      1.080,      1.270,      0.969,     -1.150,      1.246,    β:       1.000
α:       0.966,      1.083,      1.274,      0.972,     -1.154,      1.250,    β:       1.000
α:       0.967,      1.085,      1.277,      0.975,     -1.157,      1.255,    β:       1.000
α:       0.971,      1.088,      1.281,      0.979,     -1.162,      1.259,    β:       1.000
α:       0.973,      1.090,      1.286,      0.982,     -1.166,      1.264,    β:       1.000
α:       0.976,      1.093,      1.290,      0.984,     -1.170,      1.268,    β:       1.000
α:       0.979,      1.095,      1.294,      0.987,     -1.174,      1.272,    β:       1.000
α:       0.983,      1.098,      1.298,      0.990,     -1.177,      1.276,    β:       1.000
α:       0.985,      1.101,      1.301,      0.994,     -1.181,      1.280,    β:       1.000
α:       0.988,      1.104,      1.306,      0.997,     -1.184,      1.285,    β:       1.000
α:       0.990,      1.107,      1.310,      1.000,     -1.188,      1.289,    β:       1.000
α:       0.993,      1.109,      1.315,      1.002,     -1.192,      1.293,    β:       1.000
α:       0.996,      1.112,      1.318,      1.005,     -1.196,      1.297,    β:       1.000
α:       0.998,      1.116,      1.322,      1.008,     -1.200,      1.301,    β:       1.000
α:       1.001,      1.118,      1.325,      1.011,     -1.204,      1.306,    β:       1.000
α:       1.004,      1.120,      1.329,      1.014,     -1.207,      1.310,    β:       1.000
α:       1.006,      1.124,      1.333,      1.017,     -1.211,      1.314,    β:       1.000
α:       1.008,      1.127,      1.337,      1.021,     -1.215,      1.318,    β:       1.000
α:       1.011,      1.130,      1.341,      1.024,     -1.218,      1.323,    β:       1.000
α:       1.012,      1.133,      1.345,      1.027,     -1.222,      1.326,    β:       1.000
α:       1.015,      1.136,      1.350,      1.030,     -1.226,      1.331,    β:       1.000
α:       1.019,      1.138,      1.355,      1.032,     -1.230,      1.335,    β:       1.000
α:       1.020,      1.141,      1.358,      1.035,     -1.233,      1.339,    β:       1.000
α:       1.024,      1.143,      1.362,      1.038,     -1.237,      1.343,    β:       1.000
α:       1.026,      1.147,      1.365,      1.041,     -1.241,      1.347,    β:       1.000
α:       1.029,      1.150,      1.370,      1.044,     -1.244,      1.352,    β:       1.000
α:       1.031,      1.152,      1.373,      1.047,     -1.248,      1.355,    β:       1.000
α:       1.034,      1.154,      1.377,      1.050,     -1.252,      1.359,    β:       1.000
α:       1.038,      1.157,      1.380,      1.053,     -1.256,      1.363,    β:       1.000
α:       1.039,      1.160,      1.383,      1.055,     -1.259,      1.367,    β:       1.000
α:       1.042,      1.162,      1.387,      1.058,     -1.263,      1.371,    β:       1.000
α:       1.045,      1.165,      1.391,      1.061,     -1.267,      1.375,    β:       1.000
α:       1.046,      1.167,      1.395,      1.064,     -1.271,      1.378,    β:       1.000
α:       1.048,      1.169,      1.398,      1.067,     -1.274,      1.382,    β:       1.000
α:       1.052,      1.172,      1.401,      1.069,     -1.277,      1.386,    β:       1.000
α:       1.053,      1.174,      1.404,      1.072,     -1.281,      1.390,    β:       1.000
α:       1.056,      1.177,      1.408,      1.075,     -1.284,      1.394,    β:       1.000
α:       1.057,      1.181,      1.411,      1.078,     -1.287,      1.397,    β:       1.000
α:       1.060,      1.182,      1.414,      1.080,     -1.291,      1.401,    β:       1.000
α:       1.063,      1.185,      1.418,      1.083,     -1.294,      1.406,    β:       1.000
α:       1.065,      1.187,      1.422,      1.086,     -1.298,      1.409,    β:       1.000
α:       1.067,      1.190,      1.425,      1.088,     -1.301,      1.413,    β:       1.000
α:       1.069,      1.193,      1.428,      1.091,     -1.305,      1.417,    β:       1.000
α:       1.071,      1.196,      1.431,      1.093,     -1.308,      1.421,    β:       1.000
α:       1.072,      1.199,      1.434,      1.096,     -1.312,      1.425,    β:       1.000
α:       1.075,      1.202,      1.438,      1.099,     -1.316,      1.429,    β:       1.000
α:       1.078,      1.203,      1.442,      1.101,     -1.319,      1.433,    β:       1.000
α:       1.080,      1.206,      1.445,      1.104,     -1.322,      1.436,    β:       1.000
α:       1.082,      1.208,      1.448,      1.107,     -1.325,      1.440,    β:       1.000
α:       1.084,      1.211,      1.451,      1.110,     -1.329,      1.444,    β:       1.000
α:       1.086,      1.213,      1.455,      1.112,     -1.332,      1.447,    β:       1.000
α:       1.088,      1.215,      1.458,      1.115,     -1.336,      1.451,    β:       1.000
α:       1.090,      1.218,      1.461,      1.117,     -1.339,      1.454,    β:       1.000
α:       1.091,      1.219,      1.464,      1.119,     -1.342,      1.458,    β:       1.000
α:       1.094,      1.221,      1.468,      1.122,     -1.346,      1.461,    β:       1.000
α:       1.096,      1.223,      1.472,      1.125,     -1.349,      1.465,    β:       1.000
α:       1.099,      1.226,      1.475,      1.128,     -1.353,      1.469,    β:       1.000
α:       1.101,      1.228,      1.478,      1.130,     -1.356,      1.473,    β:       1.000
α:       1.103,      1.231,      1.481,      1.133,     -1.360,      1.476,    β:       1.000
α:       1.105,      1.233,      1.485,      1.135,     -1.363,      1.480,    β:       1.000
α:       1.108,      1.236,      1.488,      1.138,     -1.366,      1.484,    β:       1.000
α:       1.109,      1.239,      1.491,      1.140,     -1.369,      1.488,    β:       1.000
α:       1.112,      1.241,      1.494,      1.143,     -1.373,      1.492,    β:       1.000
α:       1.115,      1.244,      1.498,      1.145,     -1.376,      1.495,    β:       1.000
α:       1.116,      1.247,      1.501,      1.148,     -1.379,      1.499,    β:       1.000
α:       1.118,      1.249,      1.504,      1.150,     -1.383,      1.503,    β:       1.000
α:       1.121,      1.251,      1.507,      1.152,     -1.386,      1.506,    β:       1.000
α:       1.123,      1.254,      1.510,      1.155,     -1.389,      1.510,    β:       1.000
α:       1.125,      1.256,      1.514,      1.157,     -1.392,      1.514,    β:       1.000
α:       1.126,      1.258,      1.517,      1.159,     -1.395,      1.517,    β:       1.000
α:       1.129,      1.261,      1.520,      1.162,     -1.399,      1.521,    β:       1.000
α:       1.131,      1.263,      1.523,      1.165,     -1.402,      1.525,    β:       1.000
α:       1.133,      1.265,      1.526,      1.167,     -1.405,      1.528,    β:       1.000
α:       1.135,      1.268,      1.530,      1.170,     -1.409,      1.532,    β:       1.000
α:       1.138,      1.270,      1.533,      1.172,     -1.412,      1.535,    β:       1.000
α:       1.140,      1.272,      1.536,      1.175,     -1.415,      1.539,    β:       1.000
α:       1.142,      1.275,      1.539,      1.177,     -1.418,      1.543,    β:       1.000
α:       1.144,      1.277,      1.542,      1.180,     -1.421,      1.546,    β:       1.000
α:       1.146,      1.279,      1.545,      1.182,     -1.425,      1.550,    β:       1.000
α:       1.149,      1.282,      1.548,      1.185,     -1.428,      1.553,    β:       1.000
α:       1.151,      1.284,      1.551,      1.187,     -1.431,      1.557,    β:       1.000
α:       1.153,      1.285,      1.555,      1.190,     -1.434,      1.560,    β:       1.000
α:       1.155,      1.287,      1.558,      1.192,     -1.437,      1.564,    β:       1.000
α:       1.156,      1.289,      1.562,      1.195,     -1.440,      1.567,    β:       1.000
α:       1.158,      1.292,      1.564,      1.197,     -1.443,      1.571,    β:       1.000
α:       1.160,      1.294,      1.567,      1.200,     -1.446,      1.574,    β:       1.000
α:       1.162,      1.296,      1.570,      1.202,     -1.449,      1.577,    β:       1.000
α:       1.164,      1.298,      1.573,      1.204,     -1.453,      1.580,    β:       1.000
α:       1.167,      1.301,      1.576,      1.207,     -1.456,      1.583,    β:       1.000
α:       1.169,      1.304,      1.579,      1.210,     -1.459,      1.587,    β:       1.000
α:       1.171,      1.306,      1.583,      1.212,     -1.463,      1.590,    β:       1.000
α:       1.173,      1.308,      1.586,      1.215,     -1.466,      1.593,    β:       1.000
α:       1.174,      1.311,      1.589,      1.217,     -1.469,      1.597,    β:       1.000
α:       1.176,      1.313,      1.592,      1.219,     -1.472,      1.600,    β:       1.000
α:       1.179,      1.316,      1.596,      1.222,     -1.475,      1.603,    β:       1.000
α:       1.181,      1.317,      1.599,      1.224,     -1.479,      1.606,    β:       1.000
α:       1.182,      1.318,      1.602,      1.226,     -1.482,      1.610,    β:       1.000
α:       1.184,      1.321,      1.606,      1.229,     -1.485,      1.613,    β:       1.000
α:       1.187,      1.323,      1.609,      1.231,     -1.488,      1.616,    β:       1.000
α:       1.189,      1.325,      1.611,      1.234,     -1.491,      1.619,    β:       1.000
α:       1.191,      1.327,      1.615,      1.236,     -1.494,      1.623,    β:       1.000
α:       1.192,      1.329,      1.617,      1.238,     -1.497,      1.626,    β:       1.000
α:       1.194,      1.332,      1.620,      1.240,     -1.500,      1.629,    β:       1.000
α:       1.196,      1.334,      1.623,      1.243,     -1.503,      1.632,    β:       1.000
α:       1.198,      1.336,      1.625,      1.245,     -1.506,      1.635,    β:       1.000
α:       1.200,      1.338,      1.628,      1.247,     -1.509,      1.638,    β:       1.000
α:       1.203,      1.340,      1.631,      1.249,     -1.512,      1.641,    β:       1.000
α:       1.205,      1.341,      1.635,      1.251,     -1.515,      1.644,    β:       1.000
α:       1.207,      1.343,      1.637,      1.253,     -1.518,      1.647,    β:       1.000
α:       1.208,      1.345,      1.640,      1.255,     -1.520,      1.650,    β:       1.000
α:       1.209,      1.346,      1.643,      1.257,     -1.523,      1.654,    β:       1.000
α:       1.211,      1.349,      1.646,      1.259,     -1.526,      1.657,    β:       1.000
α:       1.213,      1.351,      1.648,      1.262,     -1.529,      1.660,    β:       1.000
α:       1.215,      1.353,      1.651,      1.264,     -1.532,      1.663,    β:       1.000
α:       1.216,      1.355,      1.654,      1.266,     -1.534,      1.666,    β:       1.000
α:       1.218,      1.357,      1.657,      1.268,     -1.537,      1.669,    β:       1.000
α:       1.219,      1.359,      1.660,      1.271,     -1.540,      1.672,    β:       1.000
α:       1.220,      1.362,      1.662,      1.273,     -1.542,      1.675,    β:       1.000
α:       1.222,      1.364,      1.665,      1.275,     -1.545,      1.678,    β:       1.000
α:       1.224,      1.366,      1.668,      1.278,     -1.548,      1.681,    β:       1.000
α:       1.227,      1.368,      1.671,      1.280,     -1.551,      1.684,    β:       1.000
α:       1.228,      1.370,      1.673,      1.283,     -1.553,      1.687,    β:       1.000
α:       1.231,      1.372,      1.676,      1.285,     -1.556,      1.690,    β:       1.000
α:       1.232,      1.373,      1.679,      1.287,     -1.559,      1.693,    β:       1.000
α:       1.233,      1.375,      1.682,      1.290,     -1.562,      1.697,    β:       1.000
α:       1.236,      1.376,      1.684,      1.292,     -1.564,      1.700,    β:       1.000
α:       1.238,      1.378,      1.687,      1.294,     -1.567,      1.703,    β:       1.000
α:       1.239,      1.380,      1.689,      1.297,     -1.570,      1.706,    β:       1.000
α:       1.240,      1.381,      1.692,      1.299,     -1.573,      1.708,    β:       1.000
α:       1.241,      1.383,      1.694,      1.301,     -1.575,      1.712,    β:       1.000
α:       1.242,      1.386,      1.697,      1.303,     -1.578,      1.714,    β:       1.000
α:       1.245,      1.387,      1.699,      1.305,     -1.580,      1.717,    β:       1.000
α:       1.246,      1.390,      1.701,      1.307,     -1.583,      1.721,    β:       1.000
α:       1.248,      1.392,      1.703,      1.309,     -1.585,      1.724,    β:       1.000
α:       1.250,      1.394,      1.706,      1.312,     -1.588,      1.726,    β:       1.000
α:       1.251,      1.396,      1.709,      1.314,     -1.591,      1.729,    β:       1.000
α:       1.252,      1.398,      1.711,      1.316,     -1.593,      1.733,    β:       1.000
α:       1.253,      1.400,      1.714,      1.318,     -1.596,      1.736,    β:       1.000
α:       1.255,      1.402,      1.717,      1.320,     -1.599,      1.739,    β:       1.000
α:       1.257,      1.403,      1.720,      1.322,     -1.602,      1.742,    β:       1.000
α:       1.259,      1.405,      1.722,      1.324,     -1.605,      1.745,    β:       1.000
α:       1.261,      1.407,      1.725,      1.327,     -1.607,      1.748,    β:       1.000
α:       1.262,      1.410,      1.727,      1.328,     -1.610,      1.750,    β:       1.000
α:       1.263,      1.412,      1.730,      1.330,     -1.612,      1.753,    β:       1.000
α:       1.265,      1.413,      1.732,      1.332,     -1.615,      1.756,    β:       1.000
α:       1.267,      1.415,      1.734,      1.334,     -1.618,      1.759,    β:       1.000
α:       1.269,      1.418,      1.737,      1.336,     -1.621,      1.762,    β:       1.000
α:       1.270,      1.419,      1.739,      1.338,     -1.623,      1.765,    β:       1.000
α:       1.272,      1.421,      1.742,      1.341,     -1.626,      1.767,    β:       1.000
α:       1.274,      1.423,      1.745,      1.342,     -1.629,      1.770,    β:       1.000
α:       1.275,      1.424,      1.748,      1.344,     -1.631,      1.773,    β:       1.000
α:       1.277,      1.426,      1.750,      1.346,     -1.634,      1.776,    β:       1.000
α:       1.279,      1.429,      1.753,      1.348,     -1.636,      1.779,    β:       1.000
α:       1.280,      1.431,      1.756,      1.350,     -1.639,      1.782,    β:       1.000
α:       1.283,      1.433,      1.758,      1.352,     -1.642,      1.785,    β:       1.000
α:       1.284,      1.435,      1.761,      1.354,     -1.645,      1.787,    β:       1.000
α:       1.285,      1.437,      1.763,      1.355,     -1.648,      1.790,    β:       1.000
α:       1.286,      1.439,      1.766,      1.357,     -1.650,      1.793,    β:       1.000
α:       1.288,      1.439,      1.768,      1.359,     -1.653,      1.796,    β:       1.000
α:       1.290,      1.442,      1.771,      1.361,     -1.656,      1.798,    β:       1.000
α:       1.292,      1.444,      1.774,      1.363,     -1.659,      1.802,    β:       1.000
α:       1.293,      1.445,      1.776,      1.365,     -1.661,      1.804,    β:       1.000
α:       1.295,      1.447,      1.779,      1.367,     -1.664,      1.807,    β:       1.000
α:       1.298,      1.449,      1.781,      1.369,     -1.667,      1.810,    β:       1.000
α:       1.299,      1.450,      1.783,      1.371,     -1.670,      1.813,    β:       1.000
α:       1.300,      1.452,      1.785,      1.373,     -1.672,      1.816,    β:       1.000
α:       1.302,      1.454,      1.788,      1.375,     -1.675,      1.819,    β:       1.000
α:       1.303,      1.455,      1.790,      1.377,     -1.677,      1.822,    β:       1.000
α:       1.305,      1.456,      1.793,      1.379,     -1.680,      1.824,    β:       1.000
α:       1.307,      1.458,      1.795,      1.381,     -1.682,      1.827,    β:       1.000
α:       1.309,      1.460,      1.798,      1.383,     -1.685,      1.830,    β:       1.000
α:       1.310,      1.462,      1.801,      1.385,     -1.688,      1.833,    β:       1.000
α:       1.312,      1.463,      1.803,      1.387,     -1.690,      1.836,    β:       1.000
α:       1.313,      1.465,      1.805,      1.389,     -1.692,      1.839,    β:       1.000
α:       1.314,      1.467,      1.807,      1.391,     -1.695,      1.842,    β:       1.000
α:       1.316,      1.469,      1.810,      1.393,     -1.698,      1.844,    β:       1.000
α:       1.316,      1.470,      1.812,      1.394,     -1.700,      1.847,    β:       1.000
α:       1.317,      1.471,      1.814,      1.396,     -1.702,      1.849,    β:       1.000
α:       1.319,      1.473,      1.816,      1.398,     -1.705,      1.852,    β:       1.000
α:       1.321,      1.474,      1.819,      1.400,     -1.708,      1.855,    β:       1.000
α:       1.322,      1.476,      1.821,      1.402,     -1.710,      1.857,    β:       1.000
α:       1.324,      1.477,      1.824,      1.404,     -1.713,      1.860,    β:       1.000
α:       1.326,      1.479,      1.826,      1.406,     -1.716,      1.863,    β:       1.000
α:       1.328,      1.481,      1.828,      1.408,     -1.718,      1.865,    β:       1.000
α:       1.328,      1.482,      1.830,      1.409,     -1.721,      1.868,    β:       1.000
α:       1.330,      1.484,      1.833,      1.411,     -1.723,      1.871,    β:       1.000
α:       1.331,      1.486,      1.836,      1.413,     -1.725,      1.874,    β:       1.000
α:       1.333,      1.488,      1.837,      1.415,     -1.728,      1.877,    β:       1.000
α:       1.334,      1.490,      1.840,      1.417,     -1.731,      1.879,    β:       1.000
α:       1.335,      1.491,      1.842,      1.418,     -1.733,      1.882,    β:       1.000
α:       1.336,      1.492,      1.845,      1.420,     -1.736,      1.885,    β:       1.000
α:       1.338,      1.494,      1.846,      1.421,     -1.738,      1.887,    β:       1.000
α:       1.340,      1.495,      1.849,      1.423,     -1.741,      1.890,    β:       1.000
α:       1.341,      1.497,      1.852,      1.426,     -1.743,      1.893,    β:       1.000
α:       1.342,      1.498,      1.855,      1.427,     -1.745,      1.895,    β:       1.000
α:       1.344,      1.500,      1.857,      1.429,     -1.748,      1.898,    β:       1.000
α:       1.344,      1.503,      1.859,      1.430,     -1.750,      1.901,    β:       1.000
α:       1.346,      1.504,      1.861,      1.432,     -1.753,      1.903,    β:       1.000
α:       1.347,      1.506,      1.863,      1.434,     -1.755,      1.906,    β:       1.000
α:       1.349,      1.507,      1.866,      1.435,     -1.757,      1.909,    β:       1.000
α:       1.350,      1.509,      1.868,      1.437,     -1.759,      1.911,    β:       1.000
α:       1.351,      1.511,      1.870,      1.439,     -1.762,      1.914,    β:       1.000
α:       1.353,      1.512,      1.873,      1.440,     -1.765,      1.917,    β:       1.000
α:       1.354,      1.513,      1.875,      1.442,     -1.767,      1.919,    β:       1.000
