α0:     -0.596,      0.613,      0.622,     -0.729,      0.633,      0.687,    β0:      1.000
α:       0.000,      0.000,      0.000,      0.000,      0.000,      0.000,    β:       1.000
α:       0.000,      0.000,      0.000,      0.000,      0.000,      0.000,    β:       1.000
α:       0.000,      0.000,      0.000,      0.000,      0.000,      0.000,    β:       1.000
α:       0.000,      0.000,      0.000,      0.000,      0.000,      0.000,    β:       1.000
α:       0.000,      0.000,      0.000,      0.000,      0.000,      0.000,    β:       1.000
α:       0.000,      0.000,      0.000,      0.000,      0.000,      0.000,    β:       1.000
α:       0.000,      0.000,      0.000,      0.000,      0.000,      0.000,    β:       1.000
α:       0.000,      0.000,      0.000,      0.000,      0.000,      0.000,    β:       1.000
α:       0.000,      0.000,      0.000,      0.000,      0.000,      0.000,    β:       1.000
α:       0.000,      0.000,      0.000,      0.000,      0.000,      0.000,    β:       1.000
α:       0.000,      0.000,      0.000,      0.000,      0.000,      0.000,    β:       1.000
α:       0.000,      0.000,      0.000,      0.000,      0.000,      0.000,    β:       1.000
α:       0.000,      0.000,      0.000,      0.000,      0.000,      0.000,    β:       1.000
α:       0.000,      0.000,      0.000,      0.000,      0.000,      0.000,    β:       1.000
α:       0.000,      0.000,      0.000,      0.000,      0.000,      0.000,    β:       1.000
α:       0.000,      0.000,      0.000,      0.000,      0.000,      0.000,    β:       1.000
α:       0.000,      0.000,      0.000,      0.000,      0.000,      0.000,    β:       1.000
α:       0.000,      0.000,      0.000,      0.000,      0.000,      0.000,    β:       1.000
α:       0.000,      0.000,      0.000,      0.000,      0.000,      0.000,    β:       1.000
α:       0.000,      0.000,      0.000,      0.000,      0.000,      0.000,    β:       1.000
α:       0.000,      0.000,      0.000,      0.000,      0.000,      0.000,    β:       1.000
α:       0.000,      0.000,      0.000,      0.000,      0.000,      0.000,    β:       1.000
α:       0.000,      0.000,      0.000,      0.000,      0.000,      0.000,    β:       1.000
α:       0.000,      0.000,      0.000,      0.000,      0.000,      0.000,    β:       1.000
α:       0.000,      0.000,      0.000,      0.000,      0.000,      0.000,    β:       1.000
α:       0.000,      0.000,      0.000,      0.000,      0.000,      0.000,    β:       1.000
α:       0.000,      0.000,      0.000,      0.000,      0.000,      0.000,    β:       1.000
α:       0.000,      0.000,      0.000,      0.000,      0.000,      0.000,    β:       1.000
α:       0.000,      0.000,      0.000,      0.000,      0.000,      0.000,    β:       1.000
α:       0.000,      0.000,      0.000,      0.000,      0.000,      0.000,    β:       1.000
α:       0.000,      0.000,      0.000,      0.000,      0.000,      0.000,    β:       1.000
α:       0.000,      0.000,      0.000,      0.000,      0.000,      0.000,    β:       1.000
α:       0.000,      0.000,      0.000,      0.000,      0.000,      0.000,    β:       1.000
α:       0.000,      0.000,      0.000,      0.000,      0.000,      0.000,    β:       1.000
α:       0.000,      0.000,      0.000,      0.000,      0.000,      0.000,    β:       1.000
α:       0.000,      0.000,      0.000,      0.000,      0.000,      0.000,    β:       1.000
α:       0.000,      0.000,      0.000,      0.000,      0.000,      0.000,    β:       1.000
α:       0.000,      0.000,      0.000,      0.000,      0.000,      0.000,    β:       1.000
α:       0.000,      0.000,      0.000,      0.000,      0.000,      0.000,    β:       1.000
α:       0.000,      0.000,      0.000,      0.000,      0.000,      0.000,    β:       1.000
α:       0.000,      0.000,      0.000,      0.000,      0.000,      0.000,    β:       1.000
α:       0.000,      0.000,      0.000,      0.000,      0.000,      0.000,    β:       1.000
α:       0.000,      0.000,      0.000,      0.000,      0.000,      0.000,    β:       1.000
α:       0.000,      0.000,      0.000,      0.000,      0.000,      0.000,    β:       1.000
α:       0.000,      0.000,      0.000,      0.000,      0.000,      0.000,    β:       1.000
α:       0.000,      0.000,      0.000,      0.000,      0.000,      0.000,    β:       1.000
α:       0.000,      0.000,      0.000,      0.000,      0.000,      0.000,    β:       1.000
α:       0.000,      0.000,      0.000,      0.000,      0.000,      0.000,    β:       1.000
α:       0.000,      0.000,      0.000,      0.000,      0.000,      0.000,    β:       1.000
α:       0.000,      0.000,      0.000,      0.000,      0.000,      0.000,    β:       1.000
α:       0.000,      0.000,      0.000,      0.000,      0.000,      0.000,    β:       1.000
α:       0.000,      0.000,      0.000,      0.000,      0.000,      0.000,    β:       1.000
α:       0.000,      0.000,      0.000,      0.000,      0.000,      0.000,    β:       1.000
α:       0.000,      0.000,      0.000,      0.000,      0.000,      0.000,    β:       1.000
α:       0.000,      0.000,      0.000,      0.000,      0.000,      0.000,    β:       1.000
α:       0.000,      0.000,      0.000,      0.000,      0.000,      0.000,    β:       1.000
α:       0.000,      0.000,      0.000,      0.000,      0.000,      0.000,    β:       1.000
α:       0.000,      0.000,      0.000,      0.000,      0.000,      0.000,    β:       1.000
α:       0.000,      0.000,      0.000,      0.000,      0.000,      0.000,    β:       1.000
α:       0.000,      0.000,      0.000,      0.000,      0.000,      0.000,    β:       1.000
α:       0.000,      0.000,      0.000,      0.000,      0.000,      0.000,    β:       1.000
α:       0.000,      0.000,      0.000,      0.000,      0.000,      0.000,    β:       1.000
α:       0.000,      0.000,      0.000,      0.000,      0.000,      0.000,    β:       1.000
α:       0.000,      0.000,      0.000,      0.000,      0.000,      0.000,    β:       1.000
α:       0.000,      0.000,      0.000,      0.000,      0.000,      0.000,    β:       1.000
α:       0.000,      0.000,      0.000,      0.000,      0.000,      0.000,    β:       1.000
α:       0.000,      0.000,      0.000,      0.000,      0.000,      0.000,    β:       1.000
α:       0.000,      0.000,      0.000,      0.000,      0.000,      0.000,    β:       1.000
α:       0.000,      0.000,      0.000,      0.000,      0.000,      0.000,    β:       1.000
α:       0.000,      0.000,      0.000,      0.000,      0.000,      0.000,    β:       1.000
α:       0.000,      0.000,      0.000,      0.000,      0.000,      0.000,    β:       1.000
α:       0.000,      0.000,      0.000,      0.000,      0.000,      0.000,    β:       1.000
α:       0.000,      0.000,      0.000,      0.000,      0.000,      0.000,    β:       1.000
α:       0.000,      0.000,      0.000,      0.000,      0.000,      0.000,    β:       1.000
α:       0.000,      0.000,      0.000,      0.000,      0.000,      0.000,    β:       1.000
α:       0.000,      0.000,      0.000,      0.000,      0.000,      0.000,    β:       1.000
α:       0.000,      0.000,      0.000,      0.000,      0.000,      0.000,    β:       1.000
α:       0.000,      0.000,      0.000,      0.000,      0.000,      0.000,    β:       1.000
α:       0.000,      0.000,      0.000,      0.000,      0.000,      0.000,    β:       1.000
α:       0.000,      0.000,      0.000,      0.000,      0.000,      0.000,    β:       1.000
α:       0.000,      0.000,      0.000,      0.000,      0.000,      0.000,    β:       1.000
α:       0.000,      0.000,      0.000,      0.000,      0.000,      0.000,    β:       1.000
α:       0.000,      0.000,      0.000,      0.000,      0.000,      0.000,    β:       1.000
α:       0.000,      0.000,      0.000,      0.000,      0.000,      0.000,    β:       1.000
α:       0.000,      0.000,      0.000,      0.000,      0.000,      0.000,    β:       1.000
α:       0.000,      0.000,      0.000,      0.000,      0.000,      0.000,    β:       1.000
α:       0.000,      0.000,      0.000,      0.000,      0.000,      0.000,    β:       1.000
α:       0.000,      0.000,      0.000,      0.000,      0.000,      0.000,    β:       1.000
α:       0.000,      0.000,      0.000,      0.000,      0.000,      0.000,    β:       1.000
α:       0.000,      0.000,      0.000,      0.000,      0.000,      0.000,    β:       1.000
α:       0.000,      0.000,      0.000,      0.000,      0.000,      0.000,    β:       1.000
α:       0.000,      0.000,      0.000,      0.000,      0.000,      0.000,    β:       1.000
α:       0.000,      0.000,      0.000,      0.000,      0.000,      0.000,    β:       1.000
α:       0.000,      0.000,      0.000,      0.000,      0.000,      0.000,    β:       1.000
α:       0.000,      0.000,      0.000,      0.000,      0.000,      0.000,    β:       1.000
α:       0.000,      0.000,      0.000,      0.000,      0.000,      0.000,    β:       1.000
α:       0.000,      0.000,      0.000,      0.000,      0.000,      0.000,    β:       1.000
α:       0.000,      0.000,      0.000,      0.000,      0.000,      0.000,    β:       1.000
α:       0.000,      0.000,      0.000,      0.000,      0.000,      0.000,    β:       1.000
α:       0.000,      0.000,      0.000,      0.000,      0.000,      0.000,    β:       1.000
α:       0.000,      0.000,      0.000,      0.000,      0.000,      0.000,    β:       1.000
α:       0.000,      0.000,      0.000,      0.000,      0.000,      0.000,    β:       1.000
α:       0.000,      0.000,      0.000,      0.000,      0.000,      0.000,    β:       1.000
α:       0.000,      0.000,      0.000,      0.000,      0.000,      0.000,    β:       1.000
α:       0.000,      0.000,      0.000,      0.000,      0.000,      0.000,    β:       1.000
α:       0.000,      0.000,      0.000,      0.000,      0.000,      0.000,    β:       1.000
α:       0.000,      0.000,      0.000,      0.000,      0.000,      0.000,    β:       1.000
α:       0.000,      0.000,      0.000,      0.000,      0.000,      0.000,    β:       1.000
α:       0.000,      0.000,      0.000,      0.000,      0.000,      0.000,    β:       1.000
α:       0.000,      0.000,      0.000,      0.000,      0.000,      0.000,    β:       1.000
α:       0.000,      0.000,      0.000,      0.000,      0.000,      0.000,    β:       1.000
α:       0.000,      0.000,      0.000,      0.000,      0.000,      0.000,    β:       1.000
α:       0.000,      0.000,      0.000,      0.000,      0.000,      0.000,    β:       1.000
α:       0.000,      0.000,      0.000,      0.000,      0.000,      0.000,    β:       1.000
α:       0.000,      0.000,      0.000,      0.000,      0.000,      0.000,    β:       1.000
α:       0.000,      0.000,      0.000,      0.000,      0.000,      0.000,    β:       1.000
α:       0.000,      0.000,      0.000,      0.000,      0.000,      0.000,    β:       1.000
α:       0.000,      0.000,      0.000,      0.000,      0.000,      0.000,    β:       1.000
α:       0.000,      0.000,      0.000,      0.000,      0.000,      0.000,    β:       1.000
α:       0.000,      0.000,      0.000,      0.000,      0.000,      0.000,    β:       1.000
α:       0.000,      0.000,      0.000,      0.000,      0.000,      0.000,    β:       1.000
α:       0.000,      0.000,      0.000,      0.000,      0.000,      0.000,    β:       1.000
α:       0.000,      0.000,      0.000,      0.000,      0.000,      0.000,    β:       1.000
α:       0.000,      0.000,      0.000,      0.000,      0.000,      0.000,    β:       1.000
α:       0.000,      0.000,      0.000,      0.000,      0.000,      0.000,    β:       1.000
α:       0.000,      0.000,      0.000,      0.000,      0.000,      0.000,    β:       1.000
α:       0.000,      0.000,      0.000,      0.000,      0.000,      0.000,    β:       1.000
α:       0.000,      0.000,      0.000,      0.000,      0.000,      0.000,    β:       1.000
α:       0.000,      0.000,      0.000,      0.000,      0.000,      0.000,    β:       1.000
α:       0.000,      0.000,      0.000,      0.000,      0.000,      0.000,    β:       1.000
α:       0.000,      0.000,      0.000,      0.000,      0.000,      0.000,    β:       1.000
α:       0.000,      0.000,      0.000,      0.000,      0.000,      0.000,    β:       1.000
α:       0.000,      0.000,      0.000,      0.000,      0.000,      0.000,    β:       1.000
α:       0.000,      0.000,      0.000,      0.000,      0.000,      0.000,    β:       1.000
α:       0.000,      0.000,      0.000,      0.000,      0.000,      0.000,    β:       1.000
α:       0.000,      0.000,      0.000,      0.000,      0.000,      0.000,    β:       1.000
α:       0.000,      0.000,      0.000,      0.000,      0.000,      0.000,    β:       1.000
α:       0.000,      0.000,      0.000,      0.000,      0.000,      0.000,    β:       1.000
α:       0.000,      0.000,      0.000,      0.000,      0.000,      0.000,    β:       1.000
α:       0.000,      0.000,      0.000,      0.000,      0.000,      0.000,    β:       1.000
α:       0.000,      0.000,      0.000,      0.000,      0.000,      0.000,    β:       1.000
α:       0.000,      0.000,      0.000,      0.000,      0.000,      0.000,    β:       1.000
α:       0.000,      0.000,      0.000,      0.000,      0.000,      0.000,    β:       1.000
α:       0.000,      0.000,      0.000,      0.000,      0.000,      0.000,    β:       1.000
α:       0.000,      0.000,      0.000,      0.000,      0.000,      0.000,    β:       1.000
α:       0.000,      0.000,      0.000,      0.000,      0.000,      0.000,    β:       1.000
α:       0.000,      0.000,      0.000,      0.000,      0.000,      0.000,    β:       1.000
α:       0.000,      0.000,      0.000,      0.000,      0.000,      0.000,    β:       1.000
α:       0.000,      0.000,      0.000,      0.000,      0.000,      0.000,    β:       1.000
α:       0.000,      0.000,      0.000,      0.000,      0.000,      0.000,    β:       1.000
α:      -0.020,     -0.008,      0.022,     -0.017,      0.015,     -0.004,    β:       1.000
α:      -0.030,     -0.008,      0.038,     -0.028,      0.018,     -0.004,    β:       1.000
α:      -0.042,     -0.021,      0.051,     -0.037,      0.028,     -0.009,    β:       1.000
α:      -0.050,     -0.021,      0.064,     -0.045,      0.038,     -0.012,    β:       1.000
α:      -0.065,     -0.016,      0.076,     -0.055,      0.048,     -0.013,    β:       1.000
α:      -0.073,     -0.019,      0.086,     -0.063,      0.051,     -0.015,    β:       1.000
α:      -0.075,     -0.018,      0.096,     -0.070,      0.056,     -0.013,    β:       1.000
α:      -0.086,     -0.031,      0.111,     -0.079,      0.065,     -0.016,    β:       1.000
α:      -0.095,     -0.032,      0.120,     -0.084,      0.072,     -0.013,    β:       1.000
α:      -0.098,     -0.032,      0.129,     -0.089,      0.076,     -0.014,    β:       1.000
α:      -0.107,     -0.032,      0.140,     -0.097,      0.083,     -0.011,    β:       1.000
α:      -0.112,     -0.032,      0.150,     -0.101,      0.088,     -0.014,    β:       1.000
α:      -0.123,     -0.036,      0.157,     -0.110,      0.094,     -0.018,    β:       1.000
α:      -0.129,     -0.035,      0.163,     -0.115,      0.100,     -0.022,    β:       1.000
α:      -0.134,     -0.039,      0.172,     -0.122,      0.105,     -0.023,    β:       1.000
α:      -0.139,     -0.039,      0.180,     -0.127,      0.111,     -0.021,    β:       1.000
α:      -0.145,     -0.044,      0.186,     -0.134,      0.117,     -0.021,    β:       1.000
α:      -0.151,     -0.041,      0.190,     -0.139,      0.123,     -0.022,    β:       1.000
α:      -0.156,     -0.046,      0.195,     -0.141,      0.126,     -0.024,    β:       1.000
α:      -0.158,     -0.050,      0.200,     -0.146,      0.133,     -0.027,    β:       1.000
α:      -0.162,     -0.048,      0.208,     -0.147,      0.137,     -0.025,    β:       1.000
α:      -0.167,     -0.056,      0.215,     -0.153,      0.142,     -0.028,    β:       1.000
α:      -0.170,     -0.053,      0.223,     -0.158,      0.145,     -0.027,    β:       1.000
α:      -0.175,     -0.062,      0.228,     -0.164,      0.148,     -0.029,    β:       1.000
α:      -0.181,     -0.057,      0.231,     -0.167,      0.151,     -0.029,    β:       1.000
α:      -0.186,     -0.061,      0.235,     -0.172,      0.154,     -0.030,    β:       1.000
α:      -0.194,     -0.066,      0.241,     -0.177,      0.159,     -0.033,    β:       1.000
α:      -0.200,     -0.067,      0.249,     -0.179,      0.164,     -0.034,    β:       1.000
α:      -0.205,     -0.066,      0.252,     -0.183,      0.170,     -0.035,    β:       1.000
α:      -0.211,     -0.073,      0.257,     -0.190,      0.174,     -0.037,    β:       1.000
α:      -0.217,     -0.076,      0.263,     -0.194,      0.179,     -0.038,    β:       1.000
α:      -0.222,     -0.076,      0.265,     -0.198,      0.182,     -0.040,    β:       1.000
α:      -0.225,     -0.079,      0.267,     -0.203,      0.185,     -0.041,    β:       1.000
α:      -0.229,     -0.082,      0.271,     -0.207,      0.190,     -0.043,    β:       1.000
α:      -0.232,     -0.084,      0.275,     -0.211,      0.193,     -0.043,    β:       1.000
α:      -0.237,     -0.084,      0.277,     -0.215,      0.197,     -0.044,    β:       1.000
α:      -0.242,     -0.087,      0.281,     -0.221,      0.201,     -0.045,    β:       1.000
α:      -0.245,     -0.090,      0.285,     -0.226,      0.206,     -0.047,    β:       1.000
α:      -0.248,     -0.095,      0.289,     -0.230,      0.208,     -0.050,    β:       1.000
α:      -0.253,     -0.098,      0.294,     -0.233,      0.212,     -0.053,    β:       1.000
α:      -0.256,     -0.101,      0.298,     -0.237,      0.216,     -0.052,    β:       1.000
α:      -0.259,     -0.107,      0.299,     -0.241,      0.219,     -0.054,    β:       1.000
α:      -0.261,     -0.106,      0.305,     -0.245,      0.223,     -0.055,    β:       1.000
α:      -0.266,     -0.107,      0.310,     -0.250,      0.226,     -0.056,    β:       1.000
α:      -0.266,     -0.110,      0.312,     -0.252,      0.229,     -0.057,    β:       1.000
α:      -0.273,     -0.115,      0.316,     -0.258,      0.233,     -0.059,    β:       1.000
α:      -0.276,     -0.115,      0.320,     -0.262,      0.236,     -0.060,    β:       1.000
α:      -0.282,     -0.113,      0.325,     -0.266,      0.240,     -0.062,    β:       1.000
α:      -0.288,     -0.117,      0.329,     -0.269,      0.243,     -0.063,    β:       1.000
α:      -0.291,     -0.121,      0.336,     -0.273,      0.246,     -0.065,    β:       1.000
α:      -0.294,     -0.121,      0.341,     -0.277,      0.250,     -0.066,    β:       1.000
α:      -0.297,     -0.125,      0.343,     -0.280,      0.251,     -0.066,    β:       1.000
α:      -0.301,     -0.130,      0.347,     -0.283,      0.254,     -0.067,    β:       1.000
α:      -0.305,     -0.131,      0.351,     -0.287,      0.257,     -0.069,    β:       1.000
α:      -0.306,     -0.137,      0.352,     -0.291,      0.260,     -0.071,    β:       1.000
α:      -0.308,     -0.139,      0.353,     -0.293,      0.261,     -0.072,    β:       1.000
α:      -0.313,     -0.139,      0.356,     -0.295,      0.265,     -0.070,    β:       1.000
α:      -0.317,     -0.142,      0.361,     -0.298,      0.269,     -0.075,    β:       1.000
α:      -0.321,     -0.143,      0.365,     -0.302,      0.271,     -0.075,    β:       1.000
α:      -0.323,     -0.145,      0.369,     -0.305,      0.273,     -0.077,    β:       1.000
α:      -0.326,     -0.147,      0.373,     -0.309,      0.276,     -0.078,    β:       1.000
α:      -0.329,     -0.151,      0.376,     -0.313,      0.279,     -0.081,    β:       1.000
α:      -0.330,     -0.153,      0.379,     -0.315,      0.282,     -0.082,    β:       1.000
α:      -0.334,     -0.155,      0.381,     -0.319,      0.285,     -0.083,    β:       1.000
α:      -0.338,     -0.157,      0.383,     -0.322,      0.288,     -0.084,    β:       1.000
α:      -0.342,     -0.156,      0.389,     -0.325,      0.292,     -0.085,    β:       1.000
α:      -0.348,     -0.158,      0.390,     -0.328,      0.295,     -0.087,    β:       1.000
α:      -0.349,     -0.161,      0.394,     -0.330,      0.299,     -0.089,    β:       1.000
α:      -0.351,     -0.167,      0.397,     -0.333,      0.302,     -0.091,    β:       1.000
α:      -0.355,     -0.166,      0.402,     -0.336,      0.305,     -0.092,    β:       1.000
α:      -0.357,     -0.170,      0.406,     -0.338,      0.307,     -0.095,    β:       1.000
α:      -0.361,     -0.167,      0.408,     -0.340,      0.311,     -0.095,    β:       1.000
α:      -0.364,     -0.172,      0.411,     -0.344,      0.315,     -0.097,    β:       1.000
α:      -0.367,     -0.177,      0.414,     -0.347,      0.317,     -0.098,    β:       1.000
α:      -0.370,     -0.177,      0.418,     -0.350,      0.319,     -0.098,    β:       1.000
α:      -0.369,     -0.176,      0.421,     -0.351,      0.320,     -0.098,    β:       1.000
α:      -0.375,     -0.180,      0.424,     -0.356,      0.323,     -0.101,    β:       1.000
α:      -0.380,     -0.182,      0.427,     -0.359,      0.325,     -0.102,    β:       1.000
α:      -0.383,     -0.185,      0.429,     -0.361,      0.328,     -0.103,    β:       1.000
α:      -0.385,     -0.183,      0.432,     -0.364,      0.330,     -0.103,    β:       1.000
α:      -0.388,     -0.185,      0.434,     -0.365,      0.332,     -0.104,    β:       1.000
α:      -0.390,     -0.188,      0.437,     -0.367,      0.335,     -0.106,    β:       1.000
α:      -0.394,     -0.189,      0.439,     -0.371,      0.338,     -0.108,    β:       1.000
α:      -0.395,     -0.191,      0.440,     -0.374,      0.339,     -0.109,    β:       1.000
α:      -0.400,     -0.192,      0.445,     -0.377,      0.341,     -0.110,    β:       1.000
α:      -0.404,     -0.193,      0.447,     -0.379,      0.343,     -0.110,    β:       1.000
α:      -0.408,     -0.197,      0.448,     -0.383,      0.346,     -0.110,    β:       1.000
α:      -0.407,     -0.198,      0.449,     -0.385,      0.347,     -0.110,    β:       1.000
α:      -0.413,     -0.200,      0.451,     -0.387,      0.349,     -0.112,    β:       1.000
α:      -0.416,     -0.203,      0.455,     -0.391,      0.352,     -0.113,    β:       1.000
α:      -0.419,     -0.206,      0.459,     -0.393,      0.354,     -0.115,    β:       1.000
α:      -0.422,     -0.207,      0.461,     -0.395,      0.356,     -0.116,    β:       1.000
α:      -0.425,     -0.212,      0.462,     -0.397,      0.358,     -0.117,    β:       1.000
α:      -0.429,     -0.212,      0.464,     -0.398,      0.360,     -0.118,    β:       1.000
α:      -0.433,     -0.214,      0.468,     -0.401,      0.363,     -0.120,    β:       1.000
α:      -0.435,     -0.216,      0.471,     -0.403,      0.365,     -0.120,    β:       1.000
α:      -0.437,     -0.219,      0.473,     -0.405,      0.367,     -0.121,    β:       1.000
α:      -0.441,     -0.220,      0.475,     -0.407,      0.369,     -0.123,    β:       1.000
α:      -0.442,     -0.220,      0.478,     -0.409,      0.371,     -0.125,    β:       1.000
α:      -0.445,     -0.222,      0.481,     -0.410,      0.373,     -0.127,    β:       1.000
α:      -0.447,     -0.221,      0.484,     -0.411,      0.376,     -0.128,    β:       1.000
α:      -0.451,     -0.226,      0.486,     -0.414,      0.377,     -0.130,    β:       1.000
α:      -0.451,     -0.227,      0.489,     -0.416,      0.379,     -0.130,    β:       1.000
α:      -0.454,     -0.226,      0.492,     -0.417,      0.381,     -0.131,    β:       1.000
α:      -0.457,     -0.232,      0.493,     -0.420,      0.382,     -0.133,    β:       1.000
α:      -0.460,     -0.234,      0.496,     -0.422,      0.385,     -0.134,    β:       1.000
α:      -0.462,     -0.239,      0.498,     -0.425,      0.388,     -0.137,    β:       1.000
α:      -0.465,     -0.241,      0.500,     -0.426,      0.390,     -0.138,    β:       1.000
α:      -0.469,     -0.240,      0.505,     -0.428,      0.392,     -0.140,    β:       1.000
α:      -0.470,     -0.242,      0.507,     -0.430,      0.393,     -0.141,    β:       1.000
α:      -0.476,     -0.245,      0.510,     -0.433,      0.397,     -0.143,    β:       1.000
α:      -0.478,     -0.245,      0.512,     -0.434,      0.398,     -0.144,    β:       1.000
α:      -0.479,     -0.248,      0.512,     -0.436,      0.401,     -0.146,    β:       1.000
α:      -0.482,     -0.249,      0.515,     -0.439,      0.403,     -0.147,    β:       1.000
α:      -0.484,     -0.254,      0.518,     -0.441,      0.407,     -0.149,    β:       1.000
α:      -0.485,     -0.253,      0.520,     -0.443,      0.408,     -0.150,    β:       1.000
α:      -0.489,     -0.252,      0.521,     -0.445,      0.410,     -0.150,    β:       1.000
α:      -0.490,     -0.255,      0.524,     -0.448,      0.412,     -0.152,    β:       1.000
α:      -0.494,     -0.259,      0.528,     -0.449,      0.414,     -0.154,    β:       1.000
α:      -0.497,     -0.261,      0.529,     -0.452,      0.416,     -0.155,    β:       1.000
α:      -0.500,     -0.261,      0.530,     -0.453,      0.418,     -0.156,    β:       1.000
α:      -0.502,     -0.263,      0.530,     -0.455,      0.419,     -0.156,    β:       1.000
α:      -0.505,     -0.263,      0.531,     -0.456,      0.421,     -0.156,    β:       1.000
α:      -0.508,     -0.263,      0.534,     -0.458,      0.423,     -0.157,    β:       1.000
α:      -0.510,     -0.264,      0.537,     -0.460,      0.424,     -0.158,    β:       1.000
α:      -0.514,     -0.267,      0.538,     -0.463,      0.426,     -0.159,    β:       1.000
α:      -0.515,     -0.270,      0.540,     -0.464,      0.428,     -0.160,    β:       1.000
α:      -0.515,     -0.270,      0.542,     -0.466,      0.430,     -0.161,    β:       1.000
α:      -0.519,     -0.273,      0.542,     -0.470,      0.431,     -0.162,    β:       1.000
α:      -0.522,     -0.275,      0.544,     -0.472,      0.432,     -0.163,    β:       1.000
α:      -0.523,     -0.274,      0.548,     -0.472,      0.435,     -0.162,    β:       1.000
α:      -0.525,     -0.277,      0.550,     -0.474,      0.437,     -0.163,    β:       1.000
α:      -0.528,     -0.284,      0.552,     -0.478,      0.440,     -0.166,    β:       1.000
α:      -0.532,     -0.284,      0.555,     -0.480,      0.442,     -0.167,    β:       1.000
α:      -0.532,     -0.286,      0.556,     -0.482,      0.444,     -0.168,    β:       1.000
α:      -0.532,     -0.285,      0.556,     -0.483,      0.446,     -0.169,    β:       1.000
α:      -0.534,     -0.292,      0.558,     -0.484,      0.448,     -0.171,    β:       1.000
α:      -0.536,     -0.294,      0.561,     -0.486,      0.449,     -0.171,    β:       1.000
α:      -0.537,     -0.293,      0.563,     -0.487,      0.452,     -0.171,    β:       1.000
α:      -0.541,     -0.295,      0.565,     -0.489,      0.454,     -0.173,    β:       1.000
α:      -0.540,     -0.295,      0.568,     -0.489,      0.455,     -0.173,    β:       1.000
α:      -0.544,     -0.298,      0.568,     -0.492,      0.457,     -0.174,    β:       1.000
α:      -0.547,     -0.300,      0.570,     -0.494,      0.459,     -0.176,    β:       1.000
α:      -0.547,     -0.298,      0.573,     -0.495,      0.461,     -0.176,    β:       1.000
α:      -0.550,     -0.301,      0.573,     -0.497,      0.464,     -0.176,    β:       1.000
α:      -0.553,     -0.301,      0.577,     -0.498,      0.465,     -0.177,    β:       1.000
α:      -0.554,     -0.304,      0.578,     -0.501,      0.467,     -0.179,    β:       1.000
α:      -0.556,     -0.303,      0.582,     -0.502,      0.468,     -0.179,    β:       1.000
α:      -0.559,     -0.307,      0.585,     -0.505,      0.471,     -0.181,    β:       1.000
α:      -0.561,     -0.309,      0.587,     -0.507,      0.472,     -0.182,    β:       1.000
α:      -0.564,     -0.312,      0.590,     -0.509,      0.474,     -0.182,    β:       1.000
α:      -0.566,     -0.313,      0.590,     -0.511,      0.476,     -0.184,    β:       1.000
α:      -0.566,     -0.315,      0.592,     -0.512,      0.479,     -0.186,    β:       1.000
α:      -0.570,     -0.314,      0.593,     -0.513,      0.482,     -0.187,    β:       1.000
α:      -0.572,     -0.318,      0.596,     -0.514,      0.484,     -0.188,    β:       1.000
α:      -0.575,     -0.319,      0.600,     -0.516,      0.486,     -0.190,    β:       1.000
α:      -0.577,     -0.317,      0.601,     -0.518,      0.487,     -0.190,    β:       1.000
α:      -0.580,     -0.319,      0.604,     -0.519,      0.490,     -0.191,    β:       1.000
α:      -0.582,     -0.320,      0.605,     -0.520,      0.491,     -0.192,    β:       1.000
α:      -0.584,     -0.324,      0.607,     -0.523,      0.493,     -0.192,    β:       1.000
α:      -0.588,     -0.326,      0.607,     -0.524,      0.496,     -0.193,    β:       1.000
α:      -0.590,     -0.330,      0.609,     -0.526,      0.498,     -0.194,    β:       1.000
α:      -0.591,     -0.331,      0.611,     -0.528,      0.499,     -0.196,    β:       1.000
α:      -0.595,     -0.335,      0.612,     -0.531,      0.503,     -0.198,    β:       1.000
α:      -0.595,     -0.337,      0.613,     -0.532,      0.504,     -0.199,    β:       1.000
α:      -0.598,     -0.335,      0.614,     -0.533,      0.506,     -0.199,    β:       1.000
α:      -0.600,     -0.335,      0.617,     -0.535,      0.508,     -0.200,    β:       1.000
α:      -0.601,     -0.336,      0.619,     -0.537,      0.509,     -0.201,    β:       1.000
α:      -0.603,     -0.338,      0.621,     -0.539,      0.511,     -0.202,    β:       1.000
α:      -0.606,     -0.336,      0.624,     -0.540,      0.513,     -0.202,    β:       1.000
α:      -0.607,     -0.339,      0.626,     -0.541,      0.514,     -0.204,    β:       1.000
α:      -0.607,     -0.340,      0.630,     -0.542,      0.515,     -0.204,    β:       1.000
α:      -0.609,     -0.342,      0.631,     -0.545,      0.518,     -0.206,    β:       1.000
α:      -0.611,     -0.343,      0.633,     -0.546,      0.519,     -0.207,    β:       1.000
α:      -0.612,     -0.345,      0.635,     -0.547,      0.520,     -0.208,    β:       1.000
α:      -0.614,     -0.347,      0.637,     -0.548,      0.522,     -0.209,    β:       1.000
α:      -0.616,     -0.349,      0.639,     -0.550,      0.523,     -0.210,    β:       1.000
α:      -0.618,     -0.351,      0.640,     -0.550,      0.524,     -0.210,    β:       1.000
α:      -0.620,     -0.352,      0.641,     -0.552,      0.525,     -0.210,    β:       1.000
α:      -0.622,     -0.357,      0.644,     -0.553,      0.527,     -0.212,    β:       1.000
α:      -0.622,     -0.357,      0.646,     -0.554,      0.529,     -0.213,    β:       1.000
α:      -0.625,     -0.361,      0.646,     -0.556,      0.530,     -0.214,    β:       1.000
α:      -0.627,     -0.362,      0.648,     -0.557,      0.531,     -0.214,    β:       1.000
α:      -0.629,     -0.363,      0.650,     -0.558,      0.533,     -0.216,    β:       1.000
α:      -0.630,     -0.362,      0.652,     -0.559,      0.535,     -0.217,    β:       1.000
α:      -0.631,     -0.363,      0.654,     -0.561,      0.536,     -0.217,    β:       1.000
α:      -0.632,     -0.365,      0.655,     -0.563,      0.537,     -0.218,    β:       1.000
α:      -0.635,     -0.366,      0.655,     -0.564,      0.539,     -0.219,    β:       1.000
α:      -0.636,     -0.367,      0.657,     -0.564,      0.541,     -0.219,    β:       1.000
α:      -0.638,     -0.367,      0.661,     -0.565,      0.542,     -0.219,    β:       1.000
α:      -0.638,     -0.368,      0.663,     -0.567,      0.544,     -0.220,    β:       1.000
α:      -0.639,     -0.371,      0.663,     -0.569,      0.545,     -0.221,    β:       1.000
α:      -0.642,     -0.371,      0.664,     -0.570,      0.547,     -0.222,    β:       1.000
α:      -0.642,     -0.373,      0.666,     -0.572,      0.549,     -0.224,    β:       1.000
α:      -0.644,     -0.373,      0.665,     -0.572,      0.550,     -0.224,    β:       1.000
α:      -0.645,     -0.375,      0.666,     -0.574,      0.551,     -0.225,    β:       1.000
α:      -0.645,     -0.373,      0.668,     -0.575,      0.552,     -0.225,    β:       1.000
α:      -0.648,     -0.375,      0.670,     -0.577,      0.555,     -0.226,    β:       1.000
α:      -0.649,     -0.377,      0.673,     -0.578,      0.556,     -0.227,    β:       1.000
α:      -0.651,     -0.379,      0.674,     -0.579,      0.557,     -0.228,    β:       1.000
α:      -0.652,     -0.380,      0.675,     -0.581,      0.559,     -0.228,    β:       1.000
α:      -0.655,     -0.381,      0.676,     -0.582,      0.560,     -0.230,    β:       1.000
α:      -0.658,     -0.383,      0.679,     -0.583,      0.562,     -0.232,    β:       1.000
α:      -0.659,     -0.386,      0.680,     -0.585,      0.562,     -0.233,    β:       1.000
α:      -0.661,     -0.385,      0.682,     -0.586,      0.564,     -0.233,    β:       1.000
α:      -0.662,     -0.388,      0.683,     -0.587,      0.565,     -0.235,    β:       1.000
α:      -0.664,     -0.389,      0.684,     -0.588,      0.567,     -0.235,    β:       1.000
α:      -0.666,     -0.390,      0.684,     -0.590,      0.569,     -0.236,    β:       1.000
α:      -0.669,     -0.391,      0.685,     -0.591,      0.570,     -0.237,    β:       1.000
α:      -0.670,     -0.393,      0.687,     -0.593,      0.572,     -0.238,    β:       1.000
α:      -0.670,     -0.393,      0.688,     -0.595,      0.572,     -0.238,    β:       1.000
α:      -0.671,     -0.394,      0.689,     -0.597,      0.574,     -0.240,    β:       1.000
α:      -0.673,     -0.394,      0.691,     -0.598,      0.575,     -0.240,    β:       1.000
α:      -0.675,     -0.395,      0.692,     -0.599,      0.577,     -0.241,    β:       1.000
α:      -0.676,     -0.397,      0.693,     -0.600,      0.578,     -0.242,    β:       1.000
α:      -0.677,     -0.399,      0.695,     -0.601,      0.579,     -0.243,    β:       1.000
α:      -0.678,     -0.399,      0.697,     -0.603,      0.581,     -0.245,    β:       1.000
α:      -0.681,     -0.401,      0.699,     -0.605,      0.582,     -0.246,    β:       1.000
α:      -0.683,     -0.402,      0.701,     -0.606,      0.583,     -0.247,    β:       1.000
α:      -0.685,     -0.403,      0.703,     -0.608,      0.585,     -0.247,    β:       1.000
α:      -0.686,     -0.406,      0.705,     -0.610,      0.586,     -0.248,    β:       1.000
α:      -0.689,     -0.407,      0.706,     -0.611,      0.589,     -0.248,    β:       1.000
α:      -0.691,     -0.409,      0.707,     -0.612,      0.590,     -0.249,    β:       1.000
α:      -0.692,     -0.410,      0.709,     -0.613,      0.590,     -0.249,    β:       1.000
α:      -0.695,     -0.413,      0.711,     -0.615,      0.592,     -0.251,    β:       1.000
α:      -0.698,     -0.413,      0.711,     -0.616,      0.594,     -0.251,    β:       1.000
α:      -0.699,     -0.416,      0.713,     -0.617,      0.595,     -0.252,    β:       1.000
α:      -0.700,     -0.415,      0.714,     -0.618,      0.597,     -0.252,    β:       1.000
α:      -0.703,     -0.418,      0.715,     -0.620,      0.597,     -0.253,    β:       1.000
α:      -0.704,     -0.419,      0.717,     -0.621,      0.599,     -0.254,    β:       1.000
α:      -0.707,     -0.420,      0.718,     -0.622,      0.600,     -0.254,    β:       1.000
α:      -0.708,     -0.420,      0.720,     -0.623,      0.602,     -0.255,    β:       1.000
α:      -0.711,     -0.421,      0.721,     -0.625,      0.604,     -0.256,    β:       1.000
α:      -0.713,     -0.423,      0.723,     -0.627,      0.606,     -0.257,    β:       1.000
α:      -0.714,     -0.424,      0.724,     -0.628,      0.606,     -0.257,    β:       1.000
α:      -0.716,     -0.425,      0.726,     -0.629,      0.608,     -0.258,    β:       1.000
α:      -0.717,     -0.426,      0.727,     -0.630,      0.609,     -0.260,    β:       1.000
α:      -0.719,     -0.428,      0.729,     -0.631,      0.610,     -0.261,    β:       1.000
α:      -0.719,     -0.429,      0.731,     -0.632,      0.611,     -0.261,    β:       1.000
α:      -0.722,     -0.430,      0.732,     -0.634,      0.613,     -0.263,    β:       1.000
α:      -0.722,     -0.430,      0.732,     -0.635,      0.615,     -0.263,    β:       1.000
α:      -0.722,     -0.433,      0.734,     -0.636,      0.616,     -0.264,    β:       1.000
α:      -0.724,     -0.433,      0.736,     -0.638,      0.618,     -0.266,    β:       1.000
α:      -0.725,     -0.435,      0.737,     -0.639,      0.620,     -0.266,    β:       1.000
α:      -0.727,     -0.436,      0.738,     -0.640,      0.621,     -0.267,    β:       1.000
α:      -0.727,     -0.435,      0.740,     -0.642,      0.622,     -0.268,    β:       1.000
α:      -0.729,     -0.437,      0.741,     -0.643,      0.624,     -0.268,    β:       1.000
α:      -0.729,     -0.436,      0.742,     -0.644,      0.625,     -0.269,    β:       1.000
α:      -0.732,     -0.436,      0.743,     -0.645,      0.626,     -0.269,    β:       1.000
α:      -0.732,     -0.438,      0.745,     -0.646,      0.628,     -0.270,    β:       1.000
α:      -0.734,     -0.438,      0.746,     -0.647,      0.629,     -0.271,    β:       1.000
α:      -0.735,     -0.439,      0.746,     -0.649,      0.630,     -0.271,    β:       1.000
α:      -0.736,     -0.441,      0.748,     -0.651,      0.632,     -0.273,    β:       1.000
α:      -0.739,     -0.442,      0.749,     -0.652,      0.633,     -0.274,    β:       1.000
α:      -0.740,     -0.445,      0.750,     -0.653,      0.634,     -0.275,    β:       1.000
α:      -0.743,     -0.445,      0.752,     -0.655,      0.636,     -0.275,    β:       1.000
α:      -0.744,     -0.449,      0.753,     -0.656,      0.637,     -0.276,    β:       1.000
α:      -0.746,     -0.450,      0.754,     -0.657,      0.638,     -0.277,    β:       1.000
α:      -0.749,     -0.451,      0.755,     -0.658,      0.639,     -0.278,    β:       1.000
α:      -0.750,     -0.452,      0.757,     -0.660,      0.640,     -0.279,    β:       1.000
α:      -0.751,     -0.454,      0.757,     -0.661,      0.642,     -0.280,    β:       1.000
α:      -0.752,     -0.456,      0.756,     -0.662,      0.643,     -0.280,    β:       1.000
α:      -0.753,     -0.458,      0.757,     -0.664,      0.644,     -0.281,    β:       1.000
α:      -0.754,     -0.458,      0.759,     -0.665,      0.646,     -0.282,    β:       1.000
α:      -0.756,     -0.461,      0.760,     -0.666,      0.647,     -0.284,    β:       1.000
α:      -0.758,     -0.462,      0.762,     -0.667,      0.649,     -0.285,    β:       1.000
α:      -0.759,     -0.461,      0.762,     -0.668,      0.650,     -0.284,    β:       1.000
α:      -0.761,     -0.464,      0.763,     -0.670,      0.651,     -0.286,    β:       1.000
α:      -0.763,     -0.465,      0.763,     -0.671,      0.652,     -0.287,    β:       1.000
α:      -0.764,     -0.464,      0.765,     -0.672,      0.653,     -0.287,    β:       1.000
α:      -0.766,     -0.467,      0.766,     -0.675,      0.654,     -0.289,    β:       1.000
α:      -0.767,     -0.468,      0.767,     -0.676,      0.655,     -0.289,    β:       1.000
α:      -0.769,     -0.469,      0.768,     -0.677,      0.657,     -0.290,    β:       1.000
α:      -0.771,     -0.470,      0.768,     -0.678,      0.658,     -0.291,    β:       1.000
α:      -0.771,     -0.470,      0.771,     -0.680,      0.659,     -0.291,    β:       1.000
α:      -0.772,     -0.473,      0.771,     -0.682,      0.661,     -0.293,    β:       1.000
α:      -0.773,     -0.473,      0.773,     -0.683,      0.662,     -0.293,    β:       1.000
α:      -0.774,     -0.473,      0.774,     -0.684,      0.663,     -0.294,    β:       1.000
α:      -0.776,     -0.475,      0.773,     -0.685,      0.664,     -0.293,    β:       1.000
α:      -0.777,     -0.476,      0.777,     -0.687,      0.665,     -0.294,    β:       1.000
α:      -0.778,     -0.476,      0.777,     -0.688,      0.666,     -0.294,    β:       1.000
α:      -0.778,     -0.477,      0.779,     -0.689,      0.667,     -0.296,    β:       1.000
α:      -0.780,     -0.478,      0.780,     -0.689,      0.668,     -0.296,    β:       1.000
α:      -0.782,     -0.478,      0.781,     -0.690,      0.669,     -0.296,    β:       1.000
α:      -0.782,     -0.479,      0.784,     -0.691,      0.670,     -0.297,    β:       1.000
α:      -0.784,     -0.481,      0.784,     -0.692,      0.671,     -0.298,    β:       1.000
α:      -0.786,     -0.481,      0.785,     -0.693,      0.673,     -0.298,    β:       1.000
α:      -0.788,     -0.481,      0.788,     -0.694,      0.675,     -0.297,    β:       1.000
α:      -0.790,     -0.483,      0.788,     -0.695,      0.676,     -0.298,    β:       1.000
α:      -0.790,     -0.484,      0.789,     -0.695,      0.678,     -0.298,    β:       1.000
α:      -0.791,     -0.484,      0.791,     -0.696,      0.680,     -0.299,    β:       1.000
α:      -0.793,     -0.486,      0.793,     -0.697,      0.681,     -0.300,    β:       1.000
α:      -0.796,     -0.488,      0.793,     -0.699,      0.682,     -0.301,    β:       1.000
α:      -0.795,     -0.487,      0.794,     -0.699,      0.684,     -0.302,    β:       1.000
α:      -0.797,     -0.489,      0.796,     -0.700,      0.685,     -0.303,    β:       1.000
α:      -0.798,     -0.490,      0.796,     -0.700,      0.686,     -0.302,    β:       1.000
α:      -0.799,     -0.490,      0.796,     -0.701,      0.687,     -0.303,    β:       1.000
α:      -0.800,     -0.490,      0.798,     -0.701,      0.688,     -0.304,    β:       1.000
α:      -0.802,     -0.491,      0.800,     -0.703,      0.689,     -0.305,    β:       1.000
α:      -0.803,     -0.492,      0.800,     -0.704,      0.690,     -0.305,    β:       1.000
α:      -0.804,     -0.493,      0.800,     -0.704,      0.691,     -0.305,    β:       1.000
α:      -0.805,     -0.494,      0.801,     -0.705,      0.692,     -0.305,    β:       1.000
α:      -0.806,     -0.494,      0.801,     -0.706,      0.693,     -0.306,    β:       1.000
α:      -0.806,     -0.495,      0.802,     -0.706,      0.694,     -0.306,    β:       1.000
α:      -0.807,     -0.496,      0.803,     -0.707,      0.695,     -0.306,    β:       1.000
α:      -0.809,     -0.496,      0.804,     -0.708,      0.696,     -0.307,    β:       1.000
α:      -0.810,     -0.496,      0.806,     -0.709,      0.696,     -0.308,    β:       1.000
α:      -0.811,     -0.498,      0.807,     -0.710,      0.698,     -0.308,    β:       1.000
α:      -0.813,     -0.499,      0.808,     -0.711,      0.699,     -0.310,    β:       1.000
α:      -0.814,     -0.498,      0.810,     -0.712,      0.701,     -0.310,    β:       1.000
α:      -0.815,     -0.498,      0.811,     -0.713,      0.702,     -0.311,    β:       1.000
α:      -0.817,     -0.499,      0.812,     -0.714,      0.703,     -0.312,    β:       1.000
α:      -0.818,     -0.501,      0.813,     -0.715,      0.704,     -0.312,    β:       1.000
α:      -0.818,     -0.501,      0.815,     -0.716,      0.705,     -0.312,    β:       1.000
α:      -0.820,     -0.505,      0.814,     -0.718,      0.706,     -0.313,    β:       1.000
α:      -0.821,     -0.504,      0.815,     -0.718,      0.708,     -0.312,    β:       1.000
α:      -0.822,     -0.506,      0.817,     -0.720,      0.709,     -0.314,    β:       1.000
α:      -0.822,     -0.507,      0.818,     -0.721,      0.710,     -0.314,    β:       1.000
α:      -0.824,     -0.508,      0.819,     -0.722,      0.711,     -0.315,    β:       1.000
α:      -0.825,     -0.509,      0.821,     -0.722,      0.712,     -0.316,    β:       1.000
α:      -0.826,     -0.510,      0.822,     -0.724,      0.713,     -0.317,    β:       1.000
α:      -0.827,     -0.510,      0.823,     -0.725,      0.714,     -0.318,    β:       1.000
α:      -0.826,     -0.513,      0.824,     -0.726,      0.714,     -0.318,    β:       1.000
α:      -0.828,     -0.514,      0.824,     -0.727,      0.715,     -0.318,    β:       1.000
α:      -0.829,     -0.517,      0.825,     -0.728,      0.717,     -0.319,    β:       1.000
α:      -0.830,     -0.518,      0.826,     -0.729,      0.717,     -0.320,    β:       1.000
α:      -0.831,     -0.519,      0.828,     -0.730,      0.719,     -0.321,    β:       1.000
α:      -0.831,     -0.519,      0.829,     -0.731,      0.720,     -0.321,    β:       1.000
α:      -0.832,     -0.520,      0.831,     -0.732,      0.721,     -0.321,    β:       1.000
α:      -0.834,     -0.522,      0.833,     -0.733,      0.723,     -0.323,    β:       1.000
α:      -0.835,     -0.525,      0.834,     -0.734,      0.724,     -0.323,    β:       1.000
α:      -0.836,     -0.524,      0.835,     -0.735,      0.725,     -0.323,    β:       1.000
α:      -0.838,     -0.526,      0.837,     -0.736,      0.726,     -0.324,    β:       1.000
α:      -0.840,     -0.527,      0.838,     -0.737,      0.727,     -0.324,    β:       1.000
α:      -0.841,     -0.528,      0.838,     -0.738,      0.728,     -0.324,    β:       1.000
α:      -0.842,     -0.531,      0.839,     -0.739,      0.729,     -0.325,    β:       1.000
α:      -0.843,     -0.531,      0.840,     -0.739,      0.730,     -0.326,    β:       1.000
α:      -0.845,     -0.531,      0.840,     -0.740,      0.732,     -0.326,    β:       1.000
α:      -0.846,     -0.531,      0.842,     -0.740,      0.733,     -0.327,    β:       1.000
α:      -0.848,     -0.531,      0.842,     -0.741,      0.734,     -0.327,    β:       1.000
α:      -0.849,     -0.533,      0.843,     -0.742,      0.735,     -0.328,    β:       1.000
α:      -0.850,     -0.536,      0.844,     -0.744,      0.735,     -0.328,    β:       1.000
α:      -0.851,     -0.536,      0.844,     -0.745,      0.737,     -0.330,    β:       1.000
α:      -0.852,     -0.538,      0.845,     -0.746,      0.738,     -0.330,    β:       1.000
α:      -0.852,     -0.540,      0.845,     -0.747,      0.738,     -0.330,    β:       1.000
α:      -0.853,     -0.541,      0.847,     -0.748,      0.740,     -0.331,    β:       1.000
α:      -0.854,     -0.543,      0.848,     -0.749,      0.741,     -0.332,    β:       1.000
α:      -0.855,     -0.544,      0.849,     -0.750,      0.741,     -0.332,    β:       1.000
α:      -0.856,     -0.546,      0.848,     -0.751,      0.742,     -0.333,    β:       1.000
α:      -0.858,     -0.548,      0.849,     -0.752,      0.744,     -0.335,    β:       1.000
