α0:     -1.656,      0.941,     -0.055,      0.072,      2.226,      0.073,    β0:      1.000
α:       0.000,      0.000,      0.000,      0.000,      0.000,      0.000,    β:       1.000
α:       0.000,      0.000,      0.000,      0.000,      0.000,      0.000,    β:       1.000
α:       0.000,      0.000,      0.000,      0.000,      0.000,      0.000,    β:       1.000
α:       0.000,      0.000,      0.000,      0.000,      0.000,      0.000,    β:       1.000
α:       0.000,      0.000,      0.000,      0.000,      0.000,      0.000,    β:       1.000
α:       0.000,      0.000,      0.000,      0.000,      0.000,      0.000,    β:       1.000
α:       0.000,      0.000,      0.000,      0.000,      0.000,      0.000,    β:       1.000
α:       0.000,      0.000,      0.000,      0.000,      0.000,      0.000,    β:       1.000
α:       0.000,      0.000,      0.000,      0.000,      0.000,      0.000,    β:       1.000
α:       0.000,      0.000,      0.000,      0.000,      0.000,      0.000,    β:       1.000
α:       0.000,      0.000,      0.000,      0.000,      0.000,      0.000,    β:       1.000
α:       0.000,      0.000,      0.000,      0.000,      0.000,      0.000,    β:       1.000
α:       0.000,      0.000,      0.000,      0.000,      0.000,      0.000,    β:       1.000
α:       0.000,      0.000,      0.000,      0.000,      0.000,      0.000,    β:       1.000
α:       0.000,      0.000,      0.000,      0.000,      0.000,      0.000,    β:       1.000
α:       0.000,      0.000,      0.000,      0.000,      0.000,      0.000,    β:       1.000
α:       0.000,      0.000,      0.000,      0.000,      0.000,      0.000,    β:       1.000
α:       0.000,      0.000,      0.000,      0.000,      0.000,      0.000,    β:       1.000
α:       0.000,      0.000,      0.000,      0.000,      0.000,      0.000,    β:       1.000
α:       0.000,      0.000,      0.000,      0.000,      0.000,      0.000,    β:       1.000
α:       0.000,      0.000,      0.000,      0.000,      0.000,      0.000,    β:       1.000
α:       0.000,      0.000,      0.000,      0.000,      0.000,      0.000,    β:       1.000
α:       0.000,      0.000,      0.000,      0.000,      0.000,      0.000,    β:       1.000
α:       0.000,      0.000,      0.000,      0.000,      0.000,      0.000,    β:       1.000
α:       0.000,      0.000,      0.000,      0.000,      0.000,      0.000,    β:       1.000
α:       0.000,      0.000,      0.000,      0.000,      0.000,      0.000,    β:       1.000
α:       0.000,      0.000,      0.000,      0.000,      0.000,      0.000,    β:       1.000
α:       0.000,      0.000,      0.000,      0.000,      0.000,      0.000,    β:       1.000
α:       0.000,      0.000,      0.000,      0.000,      0.000,      0.000,    β:       1.000
α:       0.000,      0.000,      0.000,      0.000,      0.000,      0.000,    β:       1.000
α:       0.000,      0.000,      0.000,      0.000,      0.000,      0.000,    β:       1.000
α:       0.000,      0.000,      0.000,      0.000,      0.000,      0.000,    β:       1.000
α:       0.000,      0.000,      0.000,      0.000,      0.000,      0.000,    β:       1.000
α:       0.000,      0.000,      0.000,      0.000,      0.000,      0.000,    β:       1.000
α:       0.000,      0.000,      0.000,      0.000,      0.000,      0.000,    β:       1.000
α:       0.000,      0.000,      0.000,      0.000,      0.000,      0.000,    β:       1.000
α:       0.000,      0.000,      0.000,      0.000,      0.000,      0.000,    β:       1.000
α:       0.000,      0.000,      0.000,      0.000,      0.000,      0.000,    β:       1.000
α:       0.000,      0.000,      0.000,      0.000,      0.000,      0.000,    β:       1.000
α:       0.000,      0.000,      0.000,      0.000,      0.000,      0.000,    β:       1.000
α:       0.000,      0.000,      0.000,      0.000,      0.000,      0.000,    β:       1.000
α:       0.000,      0.000,      0.000,      0.000,      0.000,      0.000,    β:       1.000
α:       0.000,      0.000,      0.000,      0.000,      0.000,      0.000,    β:       1.000
α:       0.000,      0.000,      0.000,      0.000,      0.000,      0.000,    β:       1.000
α:       0.000,      0.000,      0.000,      0.000,      0.000,      0.000,    β:       1.000
α:       0.000,      0.000,      0.000,      0.000,      0.000,      0.000,    β:       1.000
α:       0.000,      0.000,      0.000,      0.000,      0.000,      0.000,    β:       1.000
α:       0.000,      0.000,      0.000,      0.000,      0.000,      0.000,    β:       1.000
α:       0.000,      0.000,      0.000,      0.000,      0.000,      0.000,    β:       1.000
α:       0.000,      0.000,      0.000,      0.000,      0.000,      0.000,    β:       1.000
α:       0.000,      0.000,      0.000,      0.000,      0.000,      0.000,    β:       1.000
α:       0.000,      0.000,      0.000,      0.000,      0.000,      0.000,    β:       1.000
α:       0.000,      0.000,      0.000,      0.000,      0.000,      0.000,    β:       1.000
α:       0.000,      0.000,      0.000,      0.000,      0.000,      0.000,    β:       1.000
α:       0.000,      0.000,      0.000,      0.000,      0.000,      0.000,    β:       1.000
α:       0.000,      0.000,      0.000,      0.000,      0.000,      0.000,    β:       1.000
α:       0.000,      0.000,      0.000,      0.000,      0.000,      0.000,    β:       1.000
α:       0.000,      0.000,      0.000,      0.000,      0.000,      0.000,    β:       1.000
α:       0.000,      0.000,      0.000,      0.000,      0.000,      0.000,    β:       1.000
α:       0.000,      0.000,      0.000,      0.000,      0.000,      0.000,    β:       1.000
α:       0.000,      0.000,      0.000,      0.000,      0.000,      0.000,    β:       1.000
α:       0.000,      0.000,      0.000,      0.000,      0.000,      0.000,    β:       1.000
α:       0.000,      0.000,      0.000,      0.000,      0.000,      0.000,    β:       1.000
α:       0.000,      0.000,      0.000,      0.000,      0.000,      0.000,    β:       1.000
α:       0.000,      0.000,      0.000,      0.000,      0.000,      0.000,    β:       1.000
α:       0.000,      0.000,      0.000,      0.000,      0.000,      0.000,    β:       1.000
α:       0.000,      0.000,      0.000,      0.000,      0.000,      0.000,    β:       1.000
α:       0.000,      0.000,      0.000,      0.000,      0.000,      0.000,    β:       1.000
α:       0.000,      0.000,      0.000,      0.000,      0.000,      0.000,    β:       1.000
α:       0.000,      0.000,      0.000,      0.000,      0.000,      0.000,    β:       1.000
α:       0.000,      0.000,      0.000,      0.000,      0.000,      0.000,    β:       1.000
α:       0.000,      0.000,      0.000,      0.000,      0.000,      0.000,    β:       1.000
α:       0.000,      0.000,      0.000,      0.000,      0.000,      0.000,    β:       1.000
α:       0.000,      0.000,      0.000,      0.000,      0.000,      0.000,    β:       1.000
α:       0.000,      0.000,      0.000,      0.000,      0.000,      0.000,    β:       1.000
α:       0.000,      0.000,      0.000,      0.000,      0.000,      0.000,    β:       1.000
α:       0.000,      0.000,      0.000,      0.000,      0.000,      0.000,    β:       1.000
α:       0.000,      0.000,      0.000,      0.000,      0.000,      0.000,    β:       1.000
α:       0.000,      0.000,      0.000,      0.000,      0.000,      0.000,    β:       1.000
α:       0.000,      0.000,      0.000,      0.000,      0.000,      0.000,    β:       1.000
α:       0.000,      0.000,      0.000,      0.000,      0.000,      0.000,    β:       1.000
α:       0.000,      0.000,      0.000,      0.000,      0.000,      0.000,    β:       1.000
α:       0.000,      0.000,      0.000,      0.000,      0.000,      0.000,    β:       1.000
α:       0.000,      0.000,      0.000,      0.000,      0.000,      0.000,    β:       1.000
α:       0.000,      0.000,      0.000,      0.000,      0.000,      0.000,    β:       1.000
α:       0.000,      0.000,      0.000,      0.000,      0.000,      0.000,    β:       1.000
α:       0.000,      0.000,      0.000,      0.000,      0.000,      0.000,    β:       1.000
α:       0.000,      0.000,      0.000,      0.000,      0.000,      0.000,    β:       1.000
α:       0.000,      0.000,      0.000,      0.000,      0.000,      0.000,    β:       1.000
α:       0.000,      0.000,      0.000,      0.000,      0.000,      0.000,    β:       1.000
α:       0.000,      0.000,      0.000,      0.000,      0.000,      0.000,    β:       1.000
α:       0.000,      0.000,      0.000,      0.000,      0.000,      0.000,    β:       1.000
α:       0.000,      0.000,      0.000,      0.000,      0.000,      0.000,    β:       1.000
α:       0.000,      0.000,      0.000,      0.000,      0.000,      0.000,    β:       1.000
α:       0.000,      0.000,      0.000,      0.000,      0.000,      0.000,    β:       1.000
α:       0.000,      0.000,      0.000,      0.000,      0.000,      0.000,    β:       1.000
α:       0.000,      0.000,      0.000,      0.000,      0.000,      0.000,    β:       1.000
α:       0.000,      0.000,      0.000,      0.000,      0.000,      0.000,    β:       1.000
α:       0.000,      0.000,      0.000,      0.000,      0.000,      0.000,    β:       1.000
α:       0.000,      0.000,      0.000,      0.000,      0.000,      0.000,    β:       1.000
α:       0.000,      0.000,      0.000,      0.000,      0.000,      0.000,    β:       1.000
α:       0.000,      0.000,      0.000,      0.000,      0.000,      0.000,    β:       1.000
α:       0.000,      0.000,      0.000,      0.000,      0.000,      0.000,    β:       1.000
α:       0.000,      0.000,      0.000,      0.000,      0.000,      0.000,    β:       1.000
α:       0.000,      0.000,      0.000,      0.000,      0.000,      0.000,    β:       1.000
α:       0.000,      0.000,      0.000,      0.000,      0.000,      0.000,    β:       1.000
α:       0.000,      0.000,      0.000,      0.000,      0.000,      0.000,    β:       1.000
α:       0.000,      0.000,      0.000,      0.000,      0.000,      0.000,    β:       1.000
α:       0.000,      0.000,      0.000,      0.000,      0.000,      0.000,    β:       1.000
α:       0.000,      0.000,      0.000,      0.000,      0.000,      0.000,    β:       1.000
α:       0.000,      0.000,      0.000,      0.000,      0.000,      0.000,    β:       1.000
α:       0.000,      0.000,      0.000,      0.000,      0.000,      0.000,    β:       1.000
α:       0.000,      0.000,      0.000,      0.000,      0.000,      0.000,    β:       1.000
α:       0.000,      0.000,      0.000,      0.000,      0.000,      0.000,    β:       1.000
α:       0.000,      0.000,      0.000,      0.000,      0.000,      0.000,    β:       1.000
α:       0.000,      0.000,      0.000,      0.000,      0.000,      0.000,    β:       1.000
α:       0.000,      0.000,      0.000,      0.000,      0.000,      0.000,    β:       1.000
α:       0.000,      0.000,      0.000,      0.000,      0.000,      0.000,    β:       1.000
α:       0.000,      0.000,      0.000,      0.000,      0.000,      0.000,    β:       1.000
α:       0.000,      0.000,      0.000,      0.000,      0.000,      0.000,    β:       1.000
α:       0.000,      0.000,      0.000,      0.000,      0.000,      0.000,    β:       1.000
α:       0.000,      0.000,      0.000,      0.000,      0.000,      0.000,    β:       1.000
α:       0.000,      0.000,      0.000,      0.000,      0.000,      0.000,    β:       1.000
α:       0.000,      0.000,      0.000,      0.000,      0.000,      0.000,    β:       1.000
α:       0.000,      0.000,      0.000,      0.000,      0.000,      0.000,    β:       1.000
α:       0.000,      0.000,      0.000,      0.000,      0.000,      0.000,    β:       1.000
α:       0.000,      0.000,      0.000,      0.000,      0.000,      0.000,    β:       1.000
α:       0.000,      0.000,      0.000,      0.000,      0.000,      0.000,    β:       1.000
α:       0.000,      0.000,      0.000,      0.000,      0.000,      0.000,    β:       1.000
α:       0.000,      0.000,      0.000,      0.000,      0.000,      0.000,    β:       1.000
α:       0.000,      0.000,      0.000,      0.000,      0.000,      0.000,    β:       1.000
α:       0.000,      0.000,      0.000,      0.000,      0.000,      0.000,    β:       1.000
α:       0.000,      0.000,      0.000,      0.000,      0.000,      0.000,    β:       1.000
α:       0.000,      0.000,      0.000,      0.000,      0.000,      0.000,    β:       1.000
α:       0.000,      0.000,      0.000,      0.000,      0.000,      0.000,    β:       1.000
α:       0.000,      0.000,      0.000,      0.000,      0.000,      0.000,    β:       1.000
α:       0.000,      0.000,      0.000,      0.000,      0.000,      0.000,    β:       1.000
α:       0.000,      0.000,      0.000,      0.000,      0.000,      0.000,    β:       1.000
α:       0.000,      0.000,      0.000,      0.000,      0.000,      0.000,    β:       1.000
α:       0.000,      0.000,      0.000,      0.000,      0.000,      0.000,    β:       1.000
α:       0.000,      0.000,      0.000,      0.000,      0.000,      0.000,    β:       1.000
α:       0.000,      0.000,      0.000,      0.000,      0.000,      0.000,    β:       1.000
α:       0.000,      0.000,      0.000,      0.000,      0.000,      0.000,    β:       1.000
α:       0.000,      0.000,      0.000,      0.000,      0.000,      0.000,    β:       1.000
α:       0.000,      0.000,      0.000,      0.000,      0.000,      0.000,    β:       1.000
α:       0.000,      0.000,      0.000,      0.000,      0.000,      0.000,    β:       1.000
α:       0.000,      0.000,      0.000,      0.000,      0.000,      0.000,    β:       1.000
α:       0.000,      0.000,      0.000,      0.000,      0.000,      0.000,    β:       1.000
α:       0.000,      0.000,      0.000,      0.000,      0.000,      0.000,    β:       1.000
α:       0.000,      0.000,      0.000,      0.000,      0.000,      0.000,    β:       1.000
α:      -0.021,      0.036,     -0.017,     -0.003,      0.020,      0.005,    β:       1.000
α:      -0.033,      0.057,     -0.032,     -0.006,      0.039,      0.009,    β:       1.000
α:      -0.044,      0.074,     -0.043,     -0.009,      0.057,      0.014,    β:       1.000
α:      -0.061,      0.093,     -0.053,     -0.014,      0.074,      0.021,    β:       1.000
α:      -0.072,      0.113,     -0.064,     -0.015,      0.090,      0.029,    β:       1.000
α:      -0.078,      0.123,     -0.068,     -0.019,      0.102,      0.032,    β:       1.000
α:      -0.088,      0.134,     -0.073,     -0.022,      0.115,      0.035,    β:       1.000
α:      -0.100,      0.144,     -0.080,     -0.026,      0.125,      0.042,    β:       1.000
α:      -0.108,      0.154,     -0.087,     -0.028,      0.136,      0.047,    β:       1.000
α:      -0.115,      0.164,     -0.093,     -0.031,      0.148,      0.051,    β:       1.000
α:      -0.126,      0.169,     -0.097,     -0.035,      0.157,      0.056,    β:       1.000
α:      -0.135,      0.178,     -0.101,     -0.039,      0.167,      0.059,    β:       1.000
α:      -0.141,      0.186,     -0.111,     -0.040,      0.178,      0.064,    β:       1.000
α:      -0.151,      0.195,     -0.116,     -0.044,      0.187,      0.067,    β:       1.000
α:      -0.155,      0.200,     -0.118,     -0.046,      0.195,      0.069,    β:       1.000
α:      -0.162,      0.209,     -0.125,     -0.048,      0.203,      0.074,    β:       1.000
α:      -0.169,      0.218,     -0.131,     -0.050,      0.212,      0.077,    β:       1.000
α:      -0.171,      0.222,     -0.133,     -0.050,      0.219,      0.079,    β:       1.000
α:      -0.178,      0.231,     -0.136,     -0.055,      0.230,      0.083,    β:       1.000
α:      -0.180,      0.236,     -0.142,     -0.056,      0.236,      0.088,    β:       1.000
α:      -0.186,      0.242,     -0.148,     -0.060,      0.244,      0.093,    β:       1.000
α:      -0.191,      0.249,     -0.149,     -0.063,      0.252,      0.097,    β:       1.000
α:      -0.195,      0.254,     -0.152,     -0.064,      0.259,      0.102,    β:       1.000
α:      -0.201,      0.261,     -0.153,     -0.066,      0.267,      0.106,    β:       1.000
α:      -0.204,      0.267,     -0.157,     -0.069,      0.275,      0.111,    β:       1.000
α:      -0.208,      0.273,     -0.159,     -0.070,      0.281,      0.114,    β:       1.000
α:      -0.213,      0.280,     -0.162,     -0.071,      0.287,      0.115,    β:       1.000
α:      -0.216,      0.283,     -0.167,     -0.075,      0.296,      0.119,    β:       1.000
α:      -0.222,      0.287,     -0.171,     -0.080,      0.303,      0.123,    β:       1.000
α:      -0.223,      0.294,     -0.172,     -0.083,      0.308,      0.126,    β:       1.000
α:      -0.226,      0.297,     -0.176,     -0.087,      0.315,      0.130,    β:       1.000
α:      -0.229,      0.304,     -0.178,     -0.089,      0.321,      0.133,    β:       1.000
α:      -0.233,      0.308,     -0.178,     -0.092,      0.327,      0.137,    β:       1.000
α:      -0.235,      0.311,     -0.181,     -0.095,      0.333,      0.139,    β:       1.000
α:      -0.240,      0.316,     -0.187,     -0.099,      0.340,      0.143,    β:       1.000
α:      -0.245,      0.319,     -0.190,     -0.100,      0.345,      0.145,    β:       1.000
α:      -0.249,      0.323,     -0.190,     -0.102,      0.350,      0.147,    β:       1.000
α:      -0.252,      0.330,     -0.192,     -0.104,      0.358,      0.151,    β:       1.000
α:      -0.255,      0.336,     -0.197,     -0.107,      0.364,      0.154,    β:       1.000
α:      -0.258,      0.342,     -0.199,     -0.109,      0.370,      0.156,    β:       1.000
α:      -0.261,      0.343,     -0.202,     -0.110,      0.376,      0.159,    β:       1.000
α:      -0.264,      0.349,     -0.206,     -0.114,      0.382,      0.161,    β:       1.000
α:      -0.267,      0.352,     -0.211,     -0.116,      0.388,      0.164,    β:       1.000
α:      -0.271,      0.356,     -0.215,     -0.117,      0.395,      0.168,    β:       1.000
α:      -0.276,      0.359,     -0.216,     -0.120,      0.401,      0.171,    β:       1.000
α:      -0.278,      0.364,     -0.219,     -0.122,      0.406,      0.174,    β:       1.000
α:      -0.282,      0.368,     -0.219,     -0.123,      0.411,      0.177,    β:       1.000
α:      -0.284,      0.372,     -0.222,     -0.126,      0.417,      0.181,    β:       1.000
α:      -0.287,      0.375,     -0.225,     -0.129,      0.423,      0.183,    β:       1.000
α:      -0.289,      0.379,     -0.228,     -0.130,      0.429,      0.186,    β:       1.000
α:      -0.290,      0.382,     -0.231,     -0.132,      0.435,      0.188,    β:       1.000
α:      -0.292,      0.385,     -0.232,     -0.133,      0.441,      0.191,    β:       1.000
α:      -0.291,      0.388,     -0.234,     -0.134,      0.445,      0.194,    β:       1.000
α:      -0.294,      0.391,     -0.234,     -0.137,      0.450,      0.195,    β:       1.000
α:      -0.297,      0.397,     -0.236,     -0.139,      0.455,      0.200,    β:       1.000
α:      -0.299,      0.402,     -0.237,     -0.141,      0.460,      0.204,    β:       1.000
α:      -0.300,      0.405,     -0.236,     -0.142,      0.465,      0.205,    β:       1.000
α:      -0.303,      0.408,     -0.241,     -0.145,      0.470,      0.208,    β:       1.000
α:      -0.304,      0.410,     -0.243,     -0.147,      0.476,      0.211,    β:       1.000
α:      -0.308,      0.415,     -0.244,     -0.149,      0.481,      0.214,    β:       1.000
α:      -0.310,      0.418,     -0.248,     -0.151,      0.485,      0.216,    β:       1.000
α:      -0.309,      0.420,     -0.247,     -0.153,      0.491,      0.218,    β:       1.000
α:      -0.315,      0.420,     -0.247,     -0.155,      0.495,      0.219,    β:       1.000
α:      -0.318,      0.424,     -0.251,     -0.158,      0.498,      0.223,    β:       1.000
α:      -0.319,      0.429,     -0.250,     -0.159,      0.503,      0.226,    β:       1.000
α:      -0.322,      0.430,     -0.251,     -0.160,      0.508,      0.227,    β:       1.000
α:      -0.323,      0.433,     -0.254,     -0.162,      0.511,      0.230,    β:       1.000
α:      -0.324,      0.439,     -0.257,     -0.165,      0.517,      0.233,    β:       1.000
α:      -0.327,      0.441,     -0.260,     -0.166,      0.521,      0.235,    β:       1.000
α:      -0.332,      0.443,     -0.261,     -0.169,      0.526,      0.237,    β:       1.000
α:      -0.333,      0.445,     -0.261,     -0.170,      0.531,      0.240,    β:       1.000
α:      -0.335,      0.447,     -0.265,     -0.171,      0.536,      0.242,    β:       1.000
α:      -0.338,      0.449,     -0.265,     -0.173,      0.540,      0.244,    β:       1.000
α:      -0.340,      0.450,     -0.266,     -0.173,      0.544,      0.248,    β:       1.000
α:      -0.341,      0.457,     -0.268,     -0.176,      0.549,      0.251,    β:       1.000
α:      -0.343,      0.461,     -0.269,     -0.178,      0.553,      0.253,    β:       1.000
α:      -0.345,      0.463,     -0.271,     -0.179,      0.557,      0.255,    β:       1.000
α:      -0.348,      0.463,     -0.273,     -0.181,      0.561,      0.257,    β:       1.000
α:      -0.350,      0.466,     -0.275,     -0.183,      0.565,      0.260,    β:       1.000
α:      -0.351,      0.469,     -0.275,     -0.186,      0.570,      0.262,    β:       1.000
α:      -0.354,      0.471,     -0.275,     -0.187,      0.574,      0.264,    β:       1.000
α:      -0.356,      0.474,     -0.276,     -0.189,      0.578,      0.266,    β:       1.000
α:      -0.359,      0.476,     -0.278,     -0.192,      0.583,      0.267,    β:       1.000
α:      -0.362,      0.478,     -0.278,     -0.193,      0.586,      0.269,    β:       1.000
α:      -0.365,      0.480,     -0.277,     -0.195,      0.589,      0.271,    β:       1.000
α:      -0.367,      0.483,     -0.278,     -0.197,      0.593,      0.274,    β:       1.000
α:      -0.371,      0.482,     -0.280,     -0.198,      0.598,      0.275,    β:       1.000
α:      -0.372,      0.484,     -0.280,     -0.200,      0.601,      0.276,    β:       1.000
α:      -0.372,      0.487,     -0.282,     -0.202,      0.604,      0.279,    β:       1.000
α:      -0.374,      0.492,     -0.282,     -0.204,      0.608,      0.280,    β:       1.000
α:      -0.376,      0.495,     -0.284,     -0.206,      0.613,      0.282,    β:       1.000
α:      -0.377,      0.497,     -0.286,     -0.208,      0.617,      0.284,    β:       1.000
α:      -0.379,      0.503,     -0.286,     -0.209,      0.620,      0.287,    β:       1.000
α:      -0.383,      0.507,     -0.286,     -0.210,      0.624,      0.289,    β:       1.000
α:      -0.384,      0.510,     -0.288,     -0.212,      0.628,      0.291,    β:       1.000
α:      -0.386,      0.515,     -0.291,     -0.214,      0.633,      0.293,    β:       1.000
α:      -0.387,      0.519,     -0.290,     -0.215,      0.636,      0.295,    β:       1.000
α:      -0.391,      0.521,     -0.291,     -0.216,      0.639,      0.297,    β:       1.000
α:      -0.392,      0.525,     -0.293,     -0.216,      0.644,      0.299,    β:       1.000
α:      -0.395,      0.527,     -0.294,     -0.217,      0.647,      0.300,    β:       1.000
α:      -0.397,      0.529,     -0.295,     -0.219,      0.651,      0.302,    β:       1.000
α:      -0.398,      0.529,     -0.297,     -0.220,      0.655,      0.303,    β:       1.000
α:      -0.401,      0.533,     -0.298,     -0.222,      0.658,      0.304,    β:       1.000
α:      -0.404,      0.536,     -0.297,     -0.223,      0.661,      0.305,    β:       1.000
α:      -0.405,      0.538,     -0.299,     -0.224,      0.665,      0.307,    β:       1.000
α:      -0.407,      0.544,     -0.301,     -0.225,      0.669,      0.309,    β:       1.000
α:      -0.409,      0.543,     -0.301,     -0.226,      0.673,      0.309,    β:       1.000
α:      -0.410,      0.545,     -0.301,     -0.227,      0.676,      0.310,    β:       1.000
α:      -0.412,      0.548,     -0.301,     -0.228,      0.680,      0.312,    β:       1.000
α:      -0.413,      0.554,     -0.301,     -0.231,      0.684,      0.315,    β:       1.000
α:      -0.414,      0.554,     -0.303,     -0.231,      0.687,      0.316,    β:       1.000
α:      -0.415,      0.558,     -0.301,     -0.232,      0.690,      0.318,    β:       1.000
α:      -0.416,      0.559,     -0.304,     -0.234,      0.694,      0.320,    β:       1.000
α:      -0.417,      0.563,     -0.307,     -0.234,      0.698,      0.322,    β:       1.000
α:      -0.419,      0.565,     -0.308,     -0.235,      0.701,      0.323,    β:       1.000
α:      -0.423,      0.568,     -0.309,     -0.238,      0.705,      0.324,    β:       1.000
α:      -0.423,      0.572,     -0.310,     -0.239,      0.708,      0.326,    β:       1.000
α:      -0.423,      0.573,     -0.311,     -0.240,      0.711,      0.328,    β:       1.000
α:      -0.423,      0.577,     -0.309,     -0.242,      0.713,      0.329,    β:       1.000
α:      -0.426,      0.580,     -0.311,     -0.242,      0.716,      0.331,    β:       1.000
α:      -0.426,      0.582,     -0.312,     -0.244,      0.720,      0.332,    β:       1.000
α:      -0.427,      0.584,     -0.314,     -0.244,      0.723,      0.333,    β:       1.000
α:      -0.429,      0.585,     -0.314,     -0.244,      0.726,      0.334,    β:       1.000
α:      -0.431,      0.587,     -0.315,     -0.246,      0.729,      0.335,    β:       1.000
α:      -0.432,      0.590,     -0.315,     -0.246,      0.732,      0.337,    β:       1.000
α:      -0.432,      0.592,     -0.317,     -0.248,      0.735,      0.339,    β:       1.000
α:      -0.435,      0.595,     -0.319,     -0.250,      0.738,      0.341,    β:       1.000
α:      -0.435,      0.598,     -0.318,     -0.250,      0.741,      0.343,    β:       1.000
α:      -0.436,      0.601,     -0.320,     -0.251,      0.743,      0.345,    β:       1.000
α:      -0.437,      0.604,     -0.321,     -0.253,      0.746,      0.347,    β:       1.000
α:      -0.439,      0.608,     -0.321,     -0.255,      0.750,      0.348,    β:       1.000
α:      -0.440,      0.609,     -0.323,     -0.255,      0.753,      0.350,    β:       1.000
α:      -0.442,      0.611,     -0.325,     -0.257,      0.756,      0.352,    β:       1.000
α:      -0.445,      0.613,     -0.327,     -0.259,      0.759,      0.353,    β:       1.000
α:      -0.445,      0.615,     -0.326,     -0.259,      0.762,      0.353,    β:       1.000
α:      -0.446,      0.618,     -0.326,     -0.260,      0.765,      0.355,    β:       1.000
α:      -0.447,      0.623,     -0.327,     -0.262,      0.769,      0.357,    β:       1.000
α:      -0.448,      0.624,     -0.327,     -0.262,      0.772,      0.358,    β:       1.000
α:      -0.449,      0.627,     -0.326,     -0.264,      0.774,      0.359,    β:       1.000
α:      -0.450,      0.630,     -0.327,     -0.265,      0.777,      0.362,    β:       1.000
α:      -0.452,      0.632,     -0.329,     -0.267,      0.780,      0.364,    β:       1.000
α:      -0.451,      0.632,     -0.331,     -0.268,      0.782,      0.365,    β:       1.000
α:      -0.451,      0.635,     -0.331,     -0.270,      0.785,      0.365,    β:       1.000
α:      -0.452,      0.637,     -0.332,     -0.272,      0.787,      0.366,    β:       1.000
α:      -0.454,      0.642,     -0.336,     -0.273,      0.790,      0.367,    β:       1.000
α:      -0.454,      0.643,     -0.336,     -0.274,      0.793,      0.369,    β:       1.000
α:      -0.456,      0.646,     -0.337,     -0.276,      0.797,      0.371,    β:       1.000
α:      -0.457,      0.648,     -0.338,     -0.277,      0.800,      0.372,    β:       1.000
α:      -0.457,      0.653,     -0.339,     -0.278,      0.803,      0.374,    β:       1.000
α:      -0.459,      0.656,     -0.339,     -0.279,      0.806,      0.375,    β:       1.000
α:      -0.460,      0.658,     -0.339,     -0.280,      0.809,      0.377,    β:       1.000
α:      -0.463,      0.659,     -0.339,     -0.281,      0.812,      0.380,    β:       1.000
α:      -0.465,      0.662,     -0.338,     -0.282,      0.814,      0.381,    β:       1.000
α:      -0.467,      0.663,     -0.339,     -0.283,      0.818,      0.382,    β:       1.000
α:      -0.468,      0.667,     -0.338,     -0.285,      0.820,      0.383,    β:       1.000
α:      -0.469,      0.669,     -0.340,     -0.286,      0.823,      0.384,    β:       1.000
α:      -0.471,      0.671,     -0.339,     -0.286,      0.826,      0.386,    β:       1.000
α:      -0.472,      0.674,     -0.342,     -0.287,      0.828,      0.387,    β:       1.000
α:      -0.473,      0.675,     -0.344,     -0.288,      0.830,      0.388,    β:       1.000
α:      -0.476,      0.678,     -0.343,     -0.290,      0.832,      0.389,    β:       1.000
α:      -0.475,      0.681,     -0.344,     -0.290,      0.835,      0.390,    β:       1.000
α:      -0.476,      0.681,     -0.344,     -0.291,      0.836,      0.390,    β:       1.000
α:      -0.476,      0.685,     -0.346,     -0.294,      0.838,      0.393,    β:       1.000
α:      -0.478,      0.686,     -0.348,     -0.294,      0.842,      0.394,    β:       1.000
α:      -0.479,      0.688,     -0.349,     -0.296,      0.845,      0.395,    β:       1.000
α:      -0.482,      0.691,     -0.349,     -0.298,      0.846,      0.396,    β:       1.000
α:      -0.483,      0.692,     -0.348,     -0.298,      0.849,      0.397,    β:       1.000
α:      -0.483,      0.695,     -0.350,     -0.300,      0.852,      0.399,    β:       1.000
α:      -0.484,      0.697,     -0.351,     -0.301,      0.854,      0.400,    β:       1.000
α:      -0.485,      0.698,     -0.352,     -0.302,      0.856,      0.400,    β:       1.000
α:      -0.484,      0.702,     -0.351,     -0.302,      0.859,      0.401,    β:       1.000
α:      -0.483,      0.703,     -0.351,     -0.303,      0.861,      0.401,    β:       1.000
α:      -0.484,      0.706,     -0.352,     -0.304,      0.864,      0.402,    β:       1.000
α:      -0.484,      0.709,     -0.353,     -0.305,      0.866,      0.404,    β:       1.000
α:      -0.487,      0.712,     -0.352,     -0.307,      0.869,      0.405,    β:       1.000
α:      -0.487,      0.710,     -0.354,     -0.306,      0.872,      0.407,    β:       1.000
α:      -0.487,      0.714,     -0.354,     -0.307,      0.874,      0.409,    β:       1.000
α:      -0.489,      0.714,     -0.355,     -0.309,      0.877,      0.410,    β:       1.000
α:      -0.490,      0.717,     -0.356,     -0.310,      0.880,      0.412,    β:       1.000
α:      -0.491,      0.721,     -0.356,     -0.311,      0.882,      0.413,    β:       1.000
α:      -0.493,      0.724,     -0.357,     -0.312,      0.884,      0.415,    β:       1.000
α:      -0.493,      0.725,     -0.356,     -0.314,      0.886,      0.415,    β:       1.000
α:      -0.495,      0.726,     -0.357,     -0.315,      0.889,      0.417,    β:       1.000
α:      -0.496,      0.729,     -0.359,     -0.316,      0.891,      0.419,    β:       1.000
α:      -0.499,      0.730,     -0.359,     -0.317,      0.894,      0.419,    β:       1.000
α:      -0.500,      0.732,     -0.360,     -0.318,      0.896,      0.420,    β:       1.000
α:      -0.500,      0.734,     -0.362,     -0.319,      0.899,      0.421,    β:       1.000
α:      -0.502,      0.736,     -0.364,     -0.321,      0.901,      0.423,    β:       1.000
α:      -0.502,      0.740,     -0.364,     -0.322,      0.903,      0.424,    β:       1.000
α:      -0.504,      0.742,     -0.364,     -0.324,      0.906,      0.425,    β:       1.000
α:      -0.504,      0.743,     -0.365,     -0.324,      0.908,      0.426,    β:       1.000
α:      -0.504,      0.746,     -0.367,     -0.326,      0.910,      0.427,    β:       1.000
α:      -0.504,      0.746,     -0.367,     -0.327,      0.913,      0.428,    β:       1.000
α:      -0.507,      0.748,     -0.367,     -0.328,      0.915,      0.430,    β:       1.000
α:      -0.508,      0.749,     -0.367,     -0.329,      0.917,      0.431,    β:       1.000
α:      -0.510,      0.751,     -0.367,     -0.331,      0.919,      0.432,    β:       1.000
α:      -0.510,      0.753,     -0.368,     -0.331,      0.921,      0.434,    β:       1.000
α:      -0.512,      0.754,     -0.370,     -0.333,      0.924,      0.435,    β:       1.000
α:      -0.512,      0.757,     -0.370,     -0.334,      0.926,      0.437,    β:       1.000
α:      -0.513,      0.761,     -0.369,     -0.336,      0.928,      0.438,    β:       1.000
α:      -0.516,      0.760,     -0.371,     -0.338,      0.930,      0.439,    β:       1.000
α:      -0.517,      0.762,     -0.373,     -0.339,      0.932,      0.441,    β:       1.000
α:      -0.517,      0.763,     -0.373,     -0.339,      0.934,      0.441,    β:       1.000
α:      -0.519,      0.765,     -0.373,     -0.340,      0.936,      0.443,    β:       1.000
α:      -0.520,      0.766,     -0.373,     -0.341,      0.938,      0.444,    β:       1.000
α:      -0.521,      0.768,     -0.373,     -0.342,      0.941,      0.445,    β:       1.000
α:      -0.522,      0.771,     -0.375,     -0.344,      0.943,      0.447,    β:       1.000
α:      -0.523,      0.774,     -0.375,     -0.345,      0.945,      0.448,    β:       1.000
α:      -0.524,      0.775,     -0.375,     -0.346,      0.947,      0.449,    β:       1.000
α:      -0.525,      0.776,     -0.377,     -0.346,      0.950,      0.450,    β:       1.000
α:      -0.526,      0.778,     -0.375,     -0.346,      0.952,      0.452,    β:       1.000
α:      -0.529,      0.778,     -0.377,     -0.348,      0.954,      0.454,    β:       1.000
α:      -0.531,      0.781,     -0.377,     -0.349,      0.956,      0.455,    β:       1.000
α:      -0.532,      0.782,     -0.378,     -0.349,      0.958,      0.456,    β:       1.000
α:      -0.533,      0.784,     -0.379,     -0.351,      0.960,      0.457,    β:       1.000
α:      -0.533,      0.786,     -0.378,     -0.353,      0.962,      0.458,    β:       1.000
α:      -0.534,      0.786,     -0.380,     -0.353,      0.964,      0.459,    β:       1.000
α:      -0.536,      0.788,     -0.379,     -0.354,      0.965,      0.460,    β:       1.000
α:      -0.534,      0.790,     -0.380,     -0.355,      0.967,      0.462,    β:       1.000
α:      -0.535,      0.792,     -0.383,     -0.356,      0.969,      0.463,    β:       1.000
α:      -0.537,      0.794,     -0.384,     -0.357,      0.971,      0.464,    β:       1.000
α:      -0.539,      0.795,     -0.385,     -0.358,      0.973,      0.465,    β:       1.000
α:      -0.537,      0.798,     -0.384,     -0.359,      0.975,      0.466,    β:       1.000
α:      -0.537,      0.799,     -0.386,     -0.359,      0.977,      0.466,    β:       1.000
α:      -0.539,      0.802,     -0.387,     -0.361,      0.980,      0.467,    β:       1.000
α:      -0.540,      0.803,     -0.388,     -0.360,      0.982,      0.468,    β:       1.000
α:      -0.540,      0.805,     -0.388,     -0.361,      0.984,      0.470,    β:       1.000
α:      -0.542,      0.807,     -0.390,     -0.363,      0.986,      0.471,    β:       1.000
α:      -0.542,      0.808,     -0.391,     -0.363,      0.988,      0.472,    β:       1.000
α:      -0.542,      0.810,     -0.391,     -0.365,      0.990,      0.473,    β:       1.000
α:      -0.544,      0.812,     -0.391,     -0.367,      0.992,      0.474,    β:       1.000
α:      -0.547,      0.813,     -0.392,     -0.367,      0.995,      0.475,    β:       1.000
α:      -0.548,      0.816,     -0.393,     -0.369,      0.997,      0.477,    β:       1.000
α:      -0.549,      0.816,     -0.394,     -0.369,      0.999,      0.478,    β:       1.000
α:      -0.549,      0.819,     -0.393,     -0.371,      1.000,      0.479,    β:       1.000
α:      -0.550,      0.821,     -0.394,     -0.372,      1.003,      0.481,    β:       1.000
α:      -0.551,      0.822,     -0.395,     -0.373,      1.005,      0.482,    β:       1.000
α:      -0.553,      0.824,     -0.396,     -0.373,      1.007,      0.484,    β:       1.000
α:      -0.553,      0.825,     -0.397,     -0.374,      1.009,      0.485,    β:       1.000
α:      -0.555,      0.826,     -0.399,     -0.375,      1.011,      0.486,    β:       1.000
α:      -0.554,      0.829,     -0.400,     -0.375,      1.013,      0.488,    β:       1.000
α:      -0.557,      0.831,     -0.400,     -0.376,      1.015,      0.489,    β:       1.000
α:      -0.557,      0.833,     -0.399,     -0.377,      1.017,      0.490,    β:       1.000
α:      -0.558,      0.833,     -0.401,     -0.378,      1.020,      0.491,    β:       1.000
α:      -0.560,      0.835,     -0.402,     -0.379,      1.022,      0.492,    β:       1.000
α:      -0.563,      0.838,     -0.402,     -0.381,      1.024,      0.494,    β:       1.000
α:      -0.562,      0.839,     -0.401,     -0.382,      1.025,      0.493,    β:       1.000
α:      -0.562,      0.841,     -0.402,     -0.383,      1.027,      0.495,    β:       1.000
α:      -0.564,      0.842,     -0.403,     -0.384,      1.030,      0.496,    β:       1.000
α:      -0.565,      0.844,     -0.402,     -0.385,      1.032,      0.497,    β:       1.000
α:      -0.565,      0.844,     -0.403,     -0.386,      1.033,      0.498,    β:       1.000
α:      -0.566,      0.846,     -0.404,     -0.387,      1.035,      0.499,    β:       1.000
α:      -0.566,      0.847,     -0.405,     -0.388,      1.037,      0.501,    β:       1.000
α:      -0.566,      0.848,     -0.404,     -0.389,      1.039,      0.502,    β:       1.000
α:      -0.568,      0.850,     -0.406,     -0.389,      1.041,      0.503,    β:       1.000
α:      -0.569,      0.852,     -0.406,     -0.392,      1.044,      0.505,    β:       1.000
α:      -0.570,      0.854,     -0.405,     -0.392,      1.046,      0.507,    β:       1.000
α:      -0.571,      0.856,     -0.407,     -0.393,      1.047,      0.508,    β:       1.000
α:      -0.572,      0.856,     -0.406,     -0.393,      1.049,      0.509,    β:       1.000
α:      -0.572,      0.858,     -0.405,     -0.393,      1.051,      0.509,    β:       1.000
α:      -0.572,      0.860,     -0.406,     -0.395,      1.052,      0.510,    β:       1.000
α:      -0.573,      0.862,     -0.407,     -0.396,      1.054,      0.511,    β:       1.000
α:      -0.573,      0.863,     -0.408,     -0.397,      1.055,      0.512,    β:       1.000
α:      -0.572,      0.864,     -0.407,     -0.397,      1.057,      0.513,    β:       1.000
α:      -0.573,      0.866,     -0.408,     -0.398,      1.059,      0.514,    β:       1.000
α:      -0.575,      0.869,     -0.409,     -0.399,      1.061,      0.516,    β:       1.000
α:      -0.574,      0.869,     -0.408,     -0.400,      1.063,      0.516,    β:       1.000
α:      -0.577,      0.870,     -0.409,     -0.401,      1.065,      0.517,    β:       1.000
α:      -0.577,      0.872,     -0.410,     -0.402,      1.066,      0.519,    β:       1.000
α:      -0.577,      0.874,     -0.410,     -0.403,      1.068,      0.519,    β:       1.000
α:      -0.579,      0.876,     -0.412,     -0.404,      1.070,      0.520,    β:       1.000
α:      -0.578,      0.878,     -0.411,     -0.405,      1.071,      0.522,    β:       1.000
α:      -0.578,      0.879,     -0.411,     -0.407,      1.074,      0.522,    β:       1.000
α:      -0.580,      0.880,     -0.412,     -0.408,      1.075,      0.524,    β:       1.000
α:      -0.581,      0.880,     -0.412,     -0.407,      1.077,      0.524,    β:       1.000
α:      -0.582,      0.882,     -0.413,     -0.409,      1.079,      0.525,    β:       1.000
α:      -0.584,      0.883,     -0.414,     -0.410,      1.081,      0.527,    β:       1.000
α:      -0.585,      0.883,     -0.414,     -0.411,      1.083,      0.528,    β:       1.000
α:      -0.585,      0.884,     -0.415,     -0.412,      1.084,      0.528,    β:       1.000
α:      -0.586,      0.886,     -0.415,     -0.413,      1.086,      0.530,    β:       1.000
α:      -0.586,      0.888,     -0.414,     -0.414,      1.087,      0.530,    β:       1.000
α:      -0.587,      0.890,     -0.415,     -0.415,      1.089,      0.532,    β:       1.000
α:      -0.588,      0.891,     -0.416,     -0.415,      1.090,      0.533,    β:       1.000
α:      -0.589,      0.893,     -0.416,     -0.416,      1.091,      0.535,    β:       1.000
α:      -0.590,      0.894,     -0.417,     -0.417,      1.093,      0.536,    β:       1.000
α:      -0.591,      0.894,     -0.417,     -0.417,      1.096,      0.536,    β:       1.000
α:      -0.591,      0.894,     -0.418,     -0.418,      1.098,      0.537,    β:       1.000
α:      -0.593,      0.896,     -0.417,     -0.419,      1.098,      0.539,    β:       1.000
α:      -0.593,      0.897,     -0.416,     -0.420,      1.099,      0.539,    β:       1.000
α:      -0.594,      0.899,     -0.417,     -0.421,      1.101,      0.540,    β:       1.000
α:      -0.594,      0.899,     -0.418,     -0.421,      1.103,      0.541,    β:       1.000
α:      -0.594,      0.900,     -0.418,     -0.422,      1.105,      0.541,    β:       1.000
α:      -0.595,      0.901,     -0.420,     -0.422,      1.107,      0.542,    β:       1.000
α:      -0.595,      0.903,     -0.420,     -0.423,      1.109,      0.543,    β:       1.000
α:      -0.596,      0.903,     -0.420,     -0.424,      1.110,      0.543,    β:       1.000
α:      -0.595,      0.903,     -0.421,     -0.424,      1.112,      0.545,    β:       1.000
α:      -0.596,      0.905,     -0.421,     -0.425,      1.114,      0.545,    β:       1.000
α:      -0.595,      0.907,     -0.422,     -0.426,      1.115,      0.546,    β:       1.000
α:      -0.597,      0.908,     -0.422,     -0.427,      1.117,      0.546,    β:       1.000
α:      -0.598,      0.909,     -0.422,     -0.427,      1.118,      0.547,    β:       1.000
α:      -0.597,      0.910,     -0.421,     -0.427,      1.119,      0.549,    β:       1.000
α:      -0.598,      0.910,     -0.423,     -0.427,      1.121,      0.550,    β:       1.000
α:      -0.599,      0.912,     -0.423,     -0.428,      1.124,      0.551,    β:       1.000
α:      -0.600,      0.913,     -0.422,     -0.429,      1.125,      0.552,    β:       1.000
α:      -0.600,      0.915,     -0.421,     -0.429,      1.126,      0.552,    β:       1.000
α:      -0.600,      0.915,     -0.422,     -0.430,      1.128,      0.554,    β:       1.000
α:      -0.601,      0.916,     -0.422,     -0.431,      1.130,      0.555,    β:       1.000
α:      -0.601,      0.917,     -0.423,     -0.432,      1.131,      0.556,    β:       1.000
α:      -0.601,      0.919,     -0.422,     -0.433,      1.133,      0.556,    β:       1.000
α:      -0.602,      0.920,     -0.424,     -0.433,      1.136,      0.557,    β:       1.000
α:      -0.602,      0.921,     -0.423,     -0.434,      1.137,      0.558,    β:       1.000
α:      -0.603,      0.923,     -0.423,     -0.434,      1.139,      0.559,    β:       1.000
α:      -0.605,      0.924,     -0.423,     -0.436,      1.140,      0.560,    β:       1.000
α:      -0.603,      0.926,     -0.425,     -0.436,      1.142,      0.561,    β:       1.000
α:      -0.604,      0.928,     -0.425,     -0.437,      1.144,      0.561,    β:       1.000
α:      -0.603,      0.928,     -0.424,     -0.436,      1.146,      0.562,    β:       1.000
α:      -0.604,      0.929,     -0.425,     -0.438,      1.147,      0.563,    β:       1.000
α:      -0.606,      0.931,     -0.425,     -0.439,      1.149,      0.563,    β:       1.000
α:      -0.607,      0.932,     -0.425,     -0.440,      1.150,      0.564,    β:       1.000
α:      -0.608,      0.935,     -0.426,     -0.442,      1.152,      0.565,    β:       1.000
α:      -0.608,      0.935,     -0.427,     -0.443,      1.153,      0.565,    β:       1.000
α:      -0.609,      0.936,     -0.428,     -0.443,      1.155,      0.566,    β:       1.000
α:      -0.609,      0.938,     -0.429,     -0.444,      1.157,      0.567,    β:       1.000
α:      -0.609,      0.940,     -0.428,     -0.444,      1.159,      0.568,    β:       1.000
α:      -0.609,      0.941,     -0.428,     -0.445,      1.160,      0.569,    β:       1.000
α:      -0.610,      0.942,     -0.429,     -0.445,      1.162,      0.569,    β:       1.000
α:      -0.612,      0.944,     -0.430,     -0.446,      1.163,      0.571,    β:       1.000
α:      -0.612,      0.945,     -0.430,     -0.447,      1.164,      0.572,    β:       1.000
α:      -0.612,      0.945,     -0.431,     -0.448,      1.166,      0.573,    β:       1.000
α:      -0.614,      0.947,     -0.431,     -0.449,      1.168,      0.573,    β:       1.000
α:      -0.614,      0.948,     -0.430,     -0.451,      1.170,      0.574,    β:       1.000
α:      -0.614,      0.950,     -0.428,     -0.452,      1.170,      0.575,    β:       1.000
α:      -0.617,      0.950,     -0.428,     -0.453,      1.171,      0.576,    β:       1.000
α:      -0.618,      0.952,     -0.430,     -0.455,      1.173,      0.577,    β:       1.000
α:      -0.619,      0.953,     -0.430,     -0.456,      1.174,      0.578,    β:       1.000
α:      -0.620,      0.953,     -0.430,     -0.456,      1.176,      0.579,    β:       1.000
α:      -0.620,      0.956,     -0.430,     -0.457,      1.178,      0.581,    β:       1.000
α:      -0.621,      0.956,     -0.430,     -0.458,      1.179,      0.581,    β:       1.000
α:      -0.622,      0.957,     -0.431,     -0.458,      1.180,      0.582,    β:       1.000
α:      -0.622,      0.959,     -0.432,     -0.460,      1.182,      0.584,    β:       1.000
α:      -0.622,      0.961,     -0.432,     -0.460,      1.183,      0.584,    β:       1.000
α:      -0.623,      0.961,     -0.431,     -0.461,      1.185,      0.585,    β:       1.000
α:      -0.623,      0.964,     -0.431,     -0.462,      1.186,      0.586,    β:       1.000
α:      -0.625,      0.965,     -0.432,     -0.463,      1.187,      0.586,    β:       1.000
α:      -0.625,      0.966,     -0.432,     -0.464,      1.189,      0.587,    β:       1.000
α:      -0.627,      0.967,     -0.432,     -0.465,      1.190,      0.589,    β:       1.000
α:      -0.627,      0.968,     -0.434,     -0.466,      1.191,      0.590,    β:       1.000
α:      -0.629,      0.969,     -0.433,     -0.466,      1.193,      0.591,    β:       1.000
α:      -0.631,      0.969,     -0.434,     -0.466,      1.195,      0.592,    β:       1.000
α:      -0.631,      0.970,     -0.432,     -0.467,      1.195,      0.593,    β:       1.000
