α0:      0.301,      0.487,      1.948,      1.096,      0.464,     -0.649,    β0:      1.000
α:       0.000,      0.000,      0.000,      0.000,      0.000,      0.000,    β:       1.000
α:       0.000,      0.000,      0.000,      0.000,      0.000,      0.000,    β:       1.000
α:       0.000,      0.000,      0.000,      0.000,      0.000,      0.000,    β:       1.000
α:       0.000,      0.000,      0.000,      0.000,      0.000,      0.000,    β:       1.000
α:       0.000,      0.000,      0.000,      0.000,      0.000,      0.000,    β:       1.000
α:       0.000,      0.000,      0.000,      0.000,      0.000,      0.000,    β:       1.000
α:       0.000,      0.000,      0.000,      0.000,      0.000,      0.000,    β:       1.000
α:       0.000,      0.000,      0.000,      0.000,      0.000,      0.000,    β:       1.000
α:       0.000,      0.000,      0.000,      0.000,      0.000,      0.000,    β:       1.000
α:       0.000,      0.000,      0.000,      0.000,      0.000,      0.000,    β:       1.000
α:       0.000,      0.000,      0.000,      0.000,      0.000,      0.000,    β:       1.000
α:       0.000,      0.000,      0.000,      0.000,      0.000,      0.000,    β:       1.000
α:       0.000,      0.000,      0.000,      0.000,      0.000,      0.000,    β:       1.000
α:       0.000,      0.000,      0.000,      0.000,      0.000,      0.000,    β:       1.000
α:       0.000,      0.000,      0.000,      0.000,      0.000,      0.000,    β:       1.000
α:       0.000,      0.000,      0.000,      0.000,      0.000,      0.000,    β:       1.000
α:       0.000,      0.000,      0.000,      0.000,      0.000,      0.000,    β:       1.000
α:       0.000,      0.000,      0.000,      0.000,      0.000,      0.000,    β:       1.000
α:       0.000,      0.000,      0.000,      0.000,      0.000,      0.000,    β:       1.000
α:       0.000,      0.000,      0.000,      0.000,      0.000,      0.000,    β:       1.000
α:       0.000,      0.000,      0.000,      0.000,      0.000,      0.000,    β:       1.000
α:       0.000,      0.000,      0.000,      0.000,      0.000,      0.000,    β:       1.000
α:       0.000,      0.000,      0.000,      0.000,      0.000,      0.000,    β:       1.000
α:       0.000,      0.000,      0.000,      0.000,      0.000,      0.000,    β:       1.000
α:       0.000,      0.000,      0.000,      0.000,      0.000,      0.000,    β:       1.000
α:       0.000,      0.000,      0.000,      0.000,      0.000,      0.000,    β:       1.000
α:       0.000,      0.000,      0.000,      0.000,      0.000,      0.000,    β:       1.000
α:       0.000,      0.000,      0.000,      0.000,      0.000,      0.000,    β:       1.000
α:       0.000,      0.000,      0.000,      0.000,      0.000,      0.000,    β:       1.000
α:       0.000,      0.000,      0.000,      0.000,      0.000,      0.000,    β:       1.000
α:       0.000,      0.000,      0.000,      0.000,      0.000,      0.000,    β:       1.000
α:       0.000,      0.000,      0.000,      0.000,      0.000,      0.000,    β:       1.000
α:       0.000,      0.000,      0.000,      0.000,      0.000,      0.000,    β:       1.000
α:       0.000,      0.000,      0.000,      0.000,      0.000,      0.000,    β:       1.000
α:       0.000,      0.000,      0.000,      0.000,      0.000,      0.000,    β:       1.000
α:       0.000,      0.000,      0.000,      0.000,      0.000,      0.000,    β:       1.000
α:       0.000,      0.000,      0.000,      0.000,      0.000,      0.000,    β:       1.000
α:       0.000,      0.000,      0.000,      0.000,      0.000,      0.000,    β:       1.000
α:       0.000,      0.000,      0.000,      0.000,      0.000,      0.000,    β:       1.000
α:       0.000,      0.000,      0.000,      0.000,      0.000,      0.000,    β:       1.000
α:       0.000,      0.000,      0.000,      0.000,      0.000,      0.000,    β:       1.000
α:       0.000,      0.000,      0.000,      0.000,      0.000,      0.000,    β:       1.000
α:       0.000,      0.000,      0.000,      0.000,      0.000,      0.000,    β:       1.000
α:       0.000,      0.000,      0.000,      0.000,      0.000,      0.000,    β:       1.000
α:       0.000,      0.000,      0.000,      0.000,      0.000,      0.000,    β:       1.000
α:       0.000,      0.000,      0.000,      0.000,      0.000,      0.000,    β:       1.000
α:       0.000,      0.000,      0.000,      0.000,      0.000,      0.000,    β:       1.000
α:       0.000,      0.000,      0.000,      0.000,      0.000,      0.000,    β:       1.000
α:       0.000,      0.000,      0.000,      0.000,      0.000,      0.000,    β:       1.000
α:       0.000,      0.000,      0.000,      0.000,      0.000,      0.000,    β:       1.000
α:       0.000,      0.000,      0.000,      0.000,      0.000,      0.000,    β:       1.000
α:       0.000,      0.000,      0.000,      0.000,      0.000,      0.000,    β:       1.000
α:       0.000,      0.000,      0.000,      0.000,      0.000,      0.000,    β:       1.000
α:       0.000,      0.000,      0.000,      0.000,      0.000,      0.000,    β:       1.000
α:       0.000,      0.000,      0.000,      0.000,      0.000,      0.000,    β:       1.000
α:       0.000,      0.000,      0.000,      0.000,      0.000,      0.000,    β:       1.000
α:       0.000,      0.000,      0.000,      0.000,      0.000,      0.000,    β:       1.000
α:       0.000,      0.000,      0.000,      0.000,      0.000,      0.000,    β:       1.000
α:       0.000,      0.000,      0.000,      0.000,      0.000,      0.000,    β:       1.000
α:       0.000,      0.000,      0.000,      0.000,      0.000,      0.000,    β:       1.000
α:       0.000,      0.000,      0.000,      0.000,      0.000,      0.000,    β:       1.000
α:       0.000,      0.000,      0.000,      0.000,      0.000,      0.000,    β:       1.000
α:       0.000,      0.000,      0.000,      0.000,      0.000,      0.000,    β:       1.000
α:       0.000,      0.000,      0.000,      0.000,      0.000,      0.000,    β:       1.000
α:       0.000,      0.000,      0.000,      0.000,      0.000,      0.000,    β:       1.000
α:       0.000,      0.000,      0.000,      0.000,      0.000,      0.000,    β:       1.000
α:       0.000,      0.000,      0.000,      0.000,      0.000,      0.000,    β:       1.000
α:       0.000,      0.000,      0.000,      0.000,      0.000,      0.000,    β:       1.000
α:       0.000,      0.000,      0.000,      0.000,      0.000,      0.000,    β:       1.000
α:       0.000,      0.000,      0.000,      0.000,      0.000,      0.000,    β:       1.000
α:       0.000,      0.000,      0.000,      0.000,      0.000,      0.000,    β:       1.000
α:       0.000,      0.000,      0.000,      0.000,      0.000,      0.000,    β:       1.000
α:       0.000,      0.000,      0.000,      0.000,      0.000,      0.000,    β:       1.000
α:       0.000,      0.000,      0.000,      0.000,      0.000,      0.000,    β:       1.000
α:       0.000,      0.000,      0.000,      0.000,      0.000,      0.000,    β:       1.000
α:       0.000,      0.000,      0.000,      0.000,      0.000,      0.000,    β:       1.000
α:       0.000,      0.000,      0.000,      0.000,      0.000,      0.000,    β:       1.000
α:       0.000,      0.000,      0.000,      0.000,      0.000,      0.000,    β:       1.000
α:       0.000,      0.000,      0.000,      0.000,      0.000,      0.000,    β:       1.000
α:       0.000,      0.000,      0.000,      0.000,      0.000,      0.000,    β:       1.000
α:       0.000,      0.000,      0.000,      0.000,      0.000,      0.000,    β:       1.000
α:       0.000,      0.000,      0.000,      0.000,      0.000,      0.000,    β:       1.000
α:       0.000,      0.000,      0.000,      0.000,      0.000,      0.000,    β:       1.000
α:       0.000,      0.000,      0.000,      0.000,      0.000,      0.000,    β:       1.000
α:       0.000,      0.000,      0.000,      0.000,      0.000,      0.000,    β:       1.000
α:       0.000,      0.000,      0.000,      0.000,      0.000,      0.000,    β:       1.000
α:       0.000,      0.000,      0.000,      0.000,      0.000,      0.000,    β:       1.000
α:       0.000,      0.000,      0.000,      0.000,      0.000,      0.000,    β:       1.000
α:       0.000,      0.000,      0.000,      0.000,      0.000,      0.000,    β:       1.000
α:       0.000,      0.000,      0.000,      0.000,      0.000,      0.000,    β:       1.000
α:       0.000,      0.000,      0.000,      0.000,      0.000,      0.000,    β:       1.000
α:       0.000,      0.000,      0.000,      0.000,      0.000,      0.000,    β:       1.000
α:       0.000,      0.000,      0.000,      0.000,      0.000,      0.000,    β:       1.000
α:       0.000,      0.000,      0.000,      0.000,      0.000,      0.000,    β:       1.000
α:       0.000,      0.000,      0.000,      0.000,      0.000,      0.000,    β:       1.000
α:       0.000,      0.000,      0.000,      0.000,      0.000,      0.000,    β:       1.000
α:       0.000,      0.000,      0.000,      0.000,      0.000,      0.000,    β:       1.000
α:       0.000,      0.000,      0.000,      0.000,      0.000,      0.000,    β:       1.000
α:       0.000,      0.000,      0.000,      0.000,      0.000,      0.000,    β:       1.000
α:       0.000,      0.000,      0.000,      0.000,      0.000,      0.000,    β:       1.000
α:       0.000,      0.000,      0.000,      0.000,      0.000,      0.000,    β:       1.000
α:       0.000,      0.000,      0.000,      0.000,      0.000,      0.000,    β:       1.000
α:       0.000,      0.000,      0.000,      0.000,      0.000,      0.000,    β:       1.000
α:       0.000,      0.000,      0.000,      0.000,      0.000,      0.000,    β:       1.000
α:       0.000,      0.000,      0.000,      0.000,      0.000,      0.000,    β:       1.000
α:       0.000,      0.000,      0.000,      0.000,      0.000,      0.000,    β:       1.000
α:       0.000,      0.000,      0.000,      0.000,      0.000,      0.000,    β:       1.000
α:       0.000,      0.000,      0.000,      0.000,      0.000,      0.000,    β:       1.000
α:       0.000,      0.000,      0.000,      0.000,      0.000,      0.000,    β:       1.000
α:       0.000,      0.000,      0.000,      0.000,      0.000,      0.000,    β:       1.000
α:       0.000,      0.000,      0.000,      0.000,      0.000,      0.000,    β:       1.000
α:       0.000,      0.000,      0.000,      0.000,      0.000,      0.000,    β:       1.000
α:       0.000,      0.000,      0.000,      0.000,      0.000,      0.000,    β:       1.000
α:       0.000,      0.000,      0.000,      0.000,      0.000,      0.000,    β:       1.000
α:       0.000,      0.000,      0.000,      0.000,      0.000,      0.000,    β:       1.000
α:       0.000,      0.000,      0.000,      0.000,      0.000,      0.000,    β:       1.000
α:       0.000,      0.000,      0.000,      0.000,      0.000,      0.000,    β:       1.000
α:       0.000,      0.000,      0.000,      0.000,      0.000,      0.000,    β:       1.000
α:       0.000,      0.000,      0.000,      0.000,      0.000,      0.000,    β:       1.000
α:       0.000,      0.000,      0.000,      0.000,      0.000,      0.000,    β:       1.000
α:       0.000,      0.000,      0.000,      0.000,      0.000,      0.000,    β:       1.000
α:       0.000,      0.000,      0.000,      0.000,      0.000,      0.000,    β:       1.000
α:       0.000,      0.000,      0.000,      0.000,      0.000,      0.000,    β:       1.000
α:       0.000,      0.000,      0.000,      0.000,      0.000,      0.000,    β:       1.000
α:       0.000,      0.000,      0.000,      0.000,      0.000,      0.000,    β:       1.000
α:       0.000,      0.000,      0.000,      0.000,      0.000,      0.000,    β:       1.000
α:       0.000,      0.000,      0.000,      0.000,      0.000,      0.000,    β:       1.000
α:       0.000,      0.000,      0.000,      0.000,      0.000,      0.000,    β:       1.000
α:       0.000,      0.000,      0.000,      0.000,      0.000,      0.000,    β:       1.000
α:       0.000,      0.000,      0.000,      0.000,      0.000,      0.000,    β:       1.000
α:       0.000,      0.000,      0.000,      0.000,      0.000,      0.000,    β:       1.000
α:       0.000,      0.000,      0.000,      0.000,      0.000,      0.000,    β:       1.000
α:       0.000,      0.000,      0.000,      0.000,      0.000,      0.000,    β:       1.000
α:       0.000,      0.000,      0.000,      0.000,      0.000,      0.000,    β:       1.000
α:       0.000,      0.000,      0.000,      0.000,      0.000,      0.000,    β:       1.000
α:       0.000,      0.000,      0.000,      0.000,      0.000,      0.000,    β:       1.000
α:       0.000,      0.000,      0.000,      0.000,      0.000,      0.000,    β:       1.000
α:       0.000,      0.000,      0.000,      0.000,      0.000,      0.000,    β:       1.000
α:       0.000,      0.000,      0.000,      0.000,      0.000,      0.000,    β:       1.000
α:       0.000,      0.000,      0.000,      0.000,      0.000,      0.000,    β:       1.000
α:       0.000,      0.000,      0.000,      0.000,      0.000,      0.000,    β:       1.000
α:       0.000,      0.000,      0.000,      0.000,      0.000,      0.000,    β:       1.000
α:       0.000,      0.000,      0.000,      0.000,      0.000,      0.000,    β:       1.000
α:       0.000,      0.000,      0.000,      0.000,      0.000,      0.000,    β:       1.000
α:       0.000,      0.000,      0.000,      0.000,      0.000,      0.000,    β:       1.000
α:       0.000,      0.000,      0.000,      0.000,      0.000,      0.000,    β:       1.000
α:       0.000,      0.000,      0.000,      0.000,      0.000,      0.000,    β:       1.000
α:       0.000,      0.000,      0.000,      0.000,      0.000,      0.000,    β:       1.000
α:       0.000,      0.000,      0.000,      0.000,      0.000,      0.000,    β:       1.000
α:       0.000,      0.000,      0.000,      0.000,      0.000,      0.000,    β:       1.000
α:       0.021,      0.021,      0.032,      0.018,     -0.008,     -0.011,    β:       1.000
α:       0.032,      0.036,      0.051,      0.027,     -0.008,     -0.016,    β:       1.000
α:       0.052,      0.049,      0.075,      0.041,     -0.011,     -0.028,    β:       1.000
α:       0.066,      0.063,      0.095,      0.054,     -0.017,     -0.038,    β:       1.000
α:       0.075,      0.071,      0.113,      0.064,     -0.022,     -0.041,    β:       1.000
α:       0.086,      0.087,      0.126,      0.077,     -0.024,     -0.047,    β:       1.000
α:       0.097,      0.095,      0.142,      0.087,     -0.027,     -0.052,    β:       1.000
α:       0.103,      0.104,      0.153,      0.097,     -0.029,     -0.056,    β:       1.000
α:       0.109,      0.110,      0.166,      0.106,     -0.032,     -0.061,    β:       1.000
α:       0.115,      0.117,      0.179,      0.114,     -0.033,     -0.065,    β:       1.000
α:       0.121,      0.122,      0.192,      0.124,     -0.036,     -0.067,    β:       1.000
α:       0.128,      0.131,      0.200,      0.134,     -0.036,     -0.070,    β:       1.000
α:       0.139,      0.142,      0.212,      0.143,     -0.043,     -0.078,    β:       1.000
α:       0.145,      0.145,      0.221,      0.152,     -0.046,     -0.080,    β:       1.000
α:       0.153,      0.152,      0.233,      0.159,     -0.050,     -0.086,    β:       1.000
α:       0.159,      0.158,      0.243,      0.168,     -0.052,     -0.090,    β:       1.000
α:       0.166,      0.162,      0.254,      0.174,     -0.054,     -0.092,    β:       1.000
α:       0.171,      0.169,      0.262,      0.183,     -0.054,     -0.095,    β:       1.000
α:       0.177,      0.172,      0.271,      0.191,     -0.059,     -0.100,    β:       1.000
α:       0.182,      0.179,      0.281,      0.196,     -0.061,     -0.105,    β:       1.000
α:       0.187,      0.181,      0.290,      0.202,     -0.065,     -0.109,    β:       1.000
α:       0.190,      0.186,      0.297,      0.208,     -0.067,     -0.114,    β:       1.000
α:       0.195,      0.192,      0.305,      0.214,     -0.069,     -0.117,    β:       1.000
α:       0.201,      0.194,      0.314,      0.222,     -0.071,     -0.121,    β:       1.000
α:       0.208,      0.203,      0.323,      0.229,     -0.073,     -0.126,    β:       1.000
α:       0.210,      0.208,      0.331,      0.233,     -0.075,     -0.129,    β:       1.000
α:       0.212,      0.215,      0.335,      0.240,     -0.076,     -0.134,    β:       1.000
α:       0.218,      0.216,      0.341,      0.244,     -0.077,     -0.137,    β:       1.000
α:       0.221,      0.219,      0.346,      0.252,     -0.077,     -0.140,    β:       1.000
α:       0.224,      0.225,      0.354,      0.256,     -0.078,     -0.143,    β:       1.000
α:       0.228,      0.227,      0.359,      0.262,     -0.080,     -0.146,    β:       1.000
α:       0.231,      0.231,      0.364,      0.266,     -0.081,     -0.150,    β:       1.000
α:       0.232,      0.234,      0.372,      0.270,     -0.084,     -0.154,    β:       1.000
α:       0.235,      0.238,      0.377,      0.276,     -0.085,     -0.158,    β:       1.000
α:       0.239,      0.241,      0.384,      0.281,     -0.088,     -0.161,    β:       1.000
α:       0.243,      0.247,      0.388,      0.287,     -0.091,     -0.165,    β:       1.000
α:       0.246,      0.250,      0.394,      0.292,     -0.092,     -0.168,    β:       1.000
α:       0.249,      0.251,      0.398,      0.297,     -0.094,     -0.170,    β:       1.000
α:       0.254,      0.256,      0.404,      0.302,     -0.096,     -0.173,    β:       1.000
α:       0.256,      0.258,      0.408,      0.308,     -0.100,     -0.176,    β:       1.000
α:       0.256,      0.262,      0.412,      0.310,     -0.100,     -0.178,    β:       1.000
α:       0.259,      0.263,      0.419,      0.315,     -0.102,     -0.182,    β:       1.000
α:       0.261,      0.265,      0.421,      0.318,     -0.103,     -0.184,    β:       1.000
α:       0.264,      0.270,      0.426,      0.325,     -0.103,     -0.187,    β:       1.000
α:       0.268,      0.271,      0.431,      0.331,     -0.104,     -0.188,    β:       1.000
α:       0.269,      0.275,      0.436,      0.334,     -0.106,     -0.191,    β:       1.000
α:       0.273,      0.279,      0.441,      0.338,     -0.107,     -0.194,    β:       1.000
α:       0.274,      0.279,      0.447,      0.342,     -0.108,     -0.195,    β:       1.000
α:       0.278,      0.283,      0.452,      0.346,     -0.109,     -0.199,    β:       1.000
α:       0.280,      0.284,      0.458,      0.349,     -0.111,     -0.202,    β:       1.000
α:       0.281,      0.288,      0.461,      0.355,     -0.111,     -0.204,    β:       1.000
α:       0.283,      0.291,      0.466,      0.359,     -0.113,     -0.209,    β:       1.000
α:       0.285,      0.292,      0.471,      0.362,     -0.116,     -0.209,    β:       1.000
α:       0.286,      0.295,      0.475,      0.366,     -0.118,     -0.212,    β:       1.000
α:       0.286,      0.297,      0.480,      0.369,     -0.119,     -0.215,    β:       1.000
α:       0.290,      0.300,      0.484,      0.374,     -0.121,     -0.217,    β:       1.000
α:       0.291,      0.306,      0.488,      0.377,     -0.123,     -0.220,    β:       1.000
α:       0.295,      0.307,      0.493,      0.382,     -0.124,     -0.223,    β:       1.000
α:       0.299,      0.310,      0.497,      0.388,     -0.126,     -0.227,    β:       1.000
α:       0.297,      0.312,      0.499,      0.392,     -0.125,     -0.229,    β:       1.000
α:       0.302,      0.314,      0.503,      0.395,     -0.127,     -0.232,    β:       1.000
α:       0.305,      0.318,      0.507,      0.399,     -0.129,     -0.234,    β:       1.000
α:       0.308,      0.320,      0.512,      0.402,     -0.130,     -0.237,    β:       1.000
α:       0.310,      0.322,      0.513,      0.405,     -0.130,     -0.238,    β:       1.000
α:       0.312,      0.324,      0.518,      0.409,     -0.133,     -0.240,    β:       1.000
α:       0.315,      0.327,      0.523,      0.413,     -0.134,     -0.241,    β:       1.000
α:       0.318,      0.328,      0.527,      0.416,     -0.136,     -0.242,    β:       1.000
α:       0.322,      0.335,      0.530,      0.421,     -0.137,     -0.246,    β:       1.000
α:       0.321,      0.337,      0.533,      0.426,     -0.137,     -0.247,    β:       1.000
α:       0.323,      0.337,      0.537,      0.428,     -0.140,     -0.249,    β:       1.000
α:       0.324,      0.340,      0.539,      0.432,     -0.142,     -0.252,    β:       1.000
α:       0.324,      0.340,      0.545,      0.436,     -0.143,     -0.254,    β:       1.000
α:       0.329,      0.342,      0.550,      0.439,     -0.145,     -0.256,    β:       1.000
α:       0.331,      0.345,      0.555,      0.443,     -0.146,     -0.257,    β:       1.000
α:       0.332,      0.347,      0.558,      0.446,     -0.146,     -0.259,    β:       1.000
α:       0.332,      0.351,      0.562,      0.450,     -0.146,     -0.261,    β:       1.000
α:       0.337,      0.352,      0.567,      0.452,     -0.149,     -0.263,    β:       1.000
α:       0.339,      0.353,      0.569,      0.456,     -0.150,     -0.264,    β:       1.000
α:       0.340,      0.356,      0.573,      0.457,     -0.150,     -0.267,    β:       1.000
α:       0.342,      0.356,      0.578,      0.461,     -0.153,     -0.269,    β:       1.000
α:       0.345,      0.360,      0.583,      0.464,     -0.153,     -0.271,    β:       1.000
α:       0.347,      0.362,      0.586,      0.467,     -0.155,     -0.273,    β:       1.000
α:       0.352,      0.365,      0.589,      0.470,     -0.158,     -0.276,    β:       1.000
α:       0.353,      0.367,      0.592,      0.474,     -0.160,     -0.278,    β:       1.000
α:       0.355,      0.370,      0.595,      0.477,     -0.161,     -0.280,    β:       1.000
α:       0.356,      0.373,      0.600,      0.480,     -0.163,     -0.282,    β:       1.000
α:       0.360,      0.375,      0.602,      0.483,     -0.165,     -0.284,    β:       1.000
α:       0.361,      0.378,      0.605,      0.486,     -0.166,     -0.286,    β:       1.000
α:       0.364,      0.382,      0.610,      0.490,     -0.167,     -0.288,    β:       1.000
α:       0.364,      0.385,      0.613,      0.493,     -0.168,     -0.290,    β:       1.000
α:       0.364,      0.386,      0.615,      0.495,     -0.168,     -0.291,    β:       1.000
α:       0.366,      0.386,      0.618,      0.498,     -0.170,     -0.293,    β:       1.000
α:       0.367,      0.385,      0.621,      0.501,     -0.171,     -0.294,    β:       1.000
α:       0.369,      0.390,      0.625,      0.504,     -0.173,     -0.297,    β:       1.000
α:       0.370,      0.391,      0.627,      0.508,     -0.173,     -0.297,    β:       1.000
α:       0.372,      0.394,      0.631,      0.512,     -0.176,     -0.300,    β:       1.000
α:       0.372,      0.397,      0.633,      0.515,     -0.177,     -0.302,    β:       1.000
α:       0.374,      0.398,      0.634,      0.517,     -0.179,     -0.303,    β:       1.000
α:       0.377,      0.400,      0.638,      0.521,     -0.180,     -0.305,    β:       1.000
α:       0.377,      0.402,      0.641,      0.524,     -0.180,     -0.305,    β:       1.000
α:       0.380,      0.405,      0.644,      0.528,     -0.183,     -0.309,    β:       1.000
α:       0.381,      0.408,      0.647,      0.530,     -0.184,     -0.311,    β:       1.000
α:       0.381,      0.408,      0.648,      0.533,     -0.184,     -0.311,    β:       1.000
α:       0.381,      0.410,      0.651,      0.535,     -0.185,     -0.313,    β:       1.000
α:       0.385,      0.412,      0.654,      0.538,     -0.186,     -0.314,    β:       1.000
α:       0.386,      0.412,      0.656,      0.541,     -0.186,     -0.315,    β:       1.000
α:       0.386,      0.415,      0.657,      0.544,     -0.185,     -0.317,    β:       1.000
α:       0.389,      0.418,      0.660,      0.547,     -0.187,     -0.320,    β:       1.000
α:       0.390,      0.419,      0.661,      0.550,     -0.188,     -0.321,    β:       1.000
α:       0.390,      0.420,      0.662,      0.554,     -0.188,     -0.321,    β:       1.000
α:       0.393,      0.422,      0.666,      0.555,     -0.188,     -0.323,    β:       1.000
α:       0.395,      0.424,      0.668,      0.557,     -0.189,     -0.325,    β:       1.000
α:       0.395,      0.425,      0.671,      0.560,     -0.191,     -0.327,    β:       1.000
α:       0.397,      0.425,      0.675,      0.562,     -0.192,     -0.328,    β:       1.000
α:       0.397,      0.429,      0.676,      0.565,     -0.192,     -0.330,    β:       1.000
α:       0.399,      0.430,      0.681,      0.567,     -0.193,     -0.330,    β:       1.000
α:       0.401,      0.433,      0.682,      0.571,     -0.194,     -0.331,    β:       1.000
α:       0.404,      0.436,      0.685,      0.572,     -0.194,     -0.332,    β:       1.000
α:       0.404,      0.437,      0.688,      0.575,     -0.195,     -0.333,    β:       1.000
α:       0.404,      0.440,      0.690,      0.578,     -0.196,     -0.334,    β:       1.000
α:       0.407,      0.442,      0.693,      0.582,     -0.198,     -0.336,    β:       1.000
α:       0.410,      0.444,      0.694,      0.585,     -0.199,     -0.338,    β:       1.000
α:       0.409,      0.447,      0.697,      0.587,     -0.200,     -0.340,    β:       1.000
α:       0.412,      0.447,      0.700,      0.590,     -0.201,     -0.342,    β:       1.000
α:       0.415,      0.449,      0.703,      0.592,     -0.201,     -0.343,    β:       1.000
α:       0.415,      0.451,      0.706,      0.595,     -0.200,     -0.344,    β:       1.000
α:       0.417,      0.454,      0.709,      0.598,     -0.202,     -0.345,    β:       1.000
α:       0.418,      0.454,      0.711,      0.600,     -0.202,     -0.347,    β:       1.000
α:       0.420,      0.455,      0.714,      0.602,     -0.204,     -0.349,    β:       1.000
α:       0.420,      0.456,      0.717,      0.604,     -0.205,     -0.349,    β:       1.000
α:       0.420,      0.458,      0.718,      0.606,     -0.206,     -0.351,    β:       1.000
α:       0.422,      0.460,      0.722,      0.609,     -0.207,     -0.352,    β:       1.000
α:       0.424,      0.462,      0.724,      0.611,     -0.207,     -0.353,    β:       1.000
α:       0.424,      0.462,      0.726,      0.614,     -0.209,     -0.354,    β:       1.000
α:       0.425,      0.464,      0.727,      0.616,     -0.209,     -0.355,    β:       1.000
α:       0.425,      0.464,      0.730,      0.618,     -0.210,     -0.357,    β:       1.000
α:       0.426,      0.467,      0.733,      0.622,     -0.211,     -0.359,    β:       1.000
α:       0.429,      0.469,      0.735,      0.624,     -0.212,     -0.361,    β:       1.000
α:       0.429,      0.469,      0.736,      0.625,     -0.213,     -0.362,    β:       1.000
α:       0.429,      0.471,      0.740,      0.627,     -0.213,     -0.363,    β:       1.000
α:       0.430,      0.471,      0.742,      0.628,     -0.214,     -0.364,    β:       1.000
α:       0.432,      0.474,      0.745,      0.631,     -0.216,     -0.366,    β:       1.000
α:       0.434,      0.472,      0.746,      0.634,     -0.216,     -0.366,    β:       1.000
α:       0.434,      0.473,      0.748,      0.636,     -0.217,     -0.368,    β:       1.000
α:       0.436,      0.475,      0.751,      0.638,     -0.218,     -0.369,    β:       1.000
α:       0.437,      0.476,      0.754,      0.639,     -0.219,     -0.370,    β:       1.000
α:       0.437,      0.478,      0.756,      0.642,     -0.219,     -0.371,    β:       1.000
α:       0.439,      0.479,      0.759,      0.643,     -0.220,     -0.373,    β:       1.000
α:       0.439,      0.479,      0.761,      0.645,     -0.221,     -0.373,    β:       1.000
α:       0.441,      0.481,      0.763,      0.646,     -0.222,     -0.376,    β:       1.000
α:       0.442,      0.483,      0.764,      0.648,     -0.222,     -0.376,    β:       1.000
α:       0.445,      0.486,      0.767,      0.651,     -0.223,     -0.378,    β:       1.000
α:       0.446,      0.487,      0.769,      0.653,     -0.224,     -0.379,    β:       1.000
α:       0.447,      0.492,      0.771,      0.656,     -0.224,     -0.381,    β:       1.000
α:       0.447,      0.495,      0.775,      0.658,     -0.225,     -0.384,    β:       1.000
α:       0.449,      0.495,      0.776,      0.660,     -0.226,     -0.386,    β:       1.000
α:       0.449,      0.499,      0.777,      0.662,     -0.226,     -0.387,    β:       1.000
α:       0.452,      0.499,      0.780,      0.664,     -0.227,     -0.388,    β:       1.000
α:       0.453,      0.500,      0.783,      0.665,     -0.227,     -0.388,    β:       1.000
α:       0.453,      0.500,      0.785,      0.667,     -0.227,     -0.390,    β:       1.000
α:       0.454,      0.504,      0.787,      0.669,     -0.228,     -0.391,    β:       1.000
α:       0.456,      0.504,      0.790,      0.671,     -0.229,     -0.392,    β:       1.000
α:       0.456,      0.507,      0.792,      0.674,     -0.229,     -0.393,    β:       1.000
α:       0.458,      0.507,      0.794,      0.676,     -0.230,     -0.394,    β:       1.000
α:       0.458,      0.508,      0.797,      0.679,     -0.230,     -0.395,    β:       1.000
α:       0.460,      0.509,      0.798,      0.681,     -0.231,     -0.397,    β:       1.000
α:       0.463,      0.510,      0.801,      0.684,     -0.232,     -0.398,    β:       1.000
α:       0.466,      0.512,      0.803,      0.686,     -0.233,     -0.400,    β:       1.000
α:       0.467,      0.513,      0.804,      0.688,     -0.234,     -0.402,    β:       1.000
α:       0.467,      0.514,      0.806,      0.690,     -0.235,     -0.404,    β:       1.000
α:       0.470,      0.515,      0.808,      0.693,     -0.237,     -0.406,    β:       1.000
α:       0.471,      0.516,      0.811,      0.695,     -0.237,     -0.407,    β:       1.000
α:       0.470,      0.516,      0.814,      0.696,     -0.238,     -0.408,    β:       1.000
α:       0.471,      0.518,      0.815,      0.698,     -0.238,     -0.409,    β:       1.000
α:       0.472,      0.520,      0.818,      0.701,     -0.237,     -0.410,    β:       1.000
α:       0.472,      0.521,      0.820,      0.703,     -0.238,     -0.410,    β:       1.000
α:       0.474,      0.522,      0.822,      0.704,     -0.238,     -0.411,    β:       1.000
α:       0.474,      0.524,      0.823,      0.706,     -0.239,     -0.413,    β:       1.000
α:       0.476,      0.524,      0.826,      0.708,     -0.239,     -0.413,    β:       1.000
α:       0.476,      0.527,      0.828,      0.710,     -0.240,     -0.415,    β:       1.000
α:       0.477,      0.526,      0.830,      0.712,     -0.240,     -0.417,    β:       1.000
α:       0.478,      0.529,      0.832,      0.714,     -0.241,     -0.418,    β:       1.000
α:       0.477,      0.528,      0.834,      0.716,     -0.241,     -0.419,    β:       1.000
α:       0.478,      0.530,      0.834,      0.718,     -0.241,     -0.420,    β:       1.000
α:       0.480,      0.532,      0.837,      0.720,     -0.241,     -0.421,    β:       1.000
α:       0.482,      0.532,      0.839,      0.721,     -0.243,     -0.422,    β:       1.000
α:       0.483,      0.533,      0.841,      0.723,     -0.244,     -0.423,    β:       1.000
α:       0.485,      0.533,      0.843,      0.724,     -0.244,     -0.425,    β:       1.000
α:       0.486,      0.534,      0.845,      0.725,     -0.246,     -0.425,    β:       1.000
α:       0.486,      0.535,      0.846,      0.726,     -0.245,     -0.426,    β:       1.000
α:       0.487,      0.535,      0.848,      0.728,     -0.245,     -0.427,    β:       1.000
α:       0.488,      0.535,      0.849,      0.731,     -0.247,     -0.427,    β:       1.000
α:       0.489,      0.536,      0.851,      0.733,     -0.248,     -0.430,    β:       1.000
α:       0.491,      0.535,      0.852,      0.735,     -0.249,     -0.430,    β:       1.000
α:       0.490,      0.537,      0.854,      0.738,     -0.249,     -0.433,    β:       1.000
α:       0.492,      0.538,      0.856,      0.738,     -0.251,     -0.433,    β:       1.000
α:       0.493,      0.538,      0.858,      0.740,     -0.253,     -0.434,    β:       1.000
α:       0.494,      0.540,      0.860,      0.742,     -0.254,     -0.434,    β:       1.000
α:       0.494,      0.541,      0.863,      0.743,     -0.254,     -0.435,    β:       1.000
α:       0.497,      0.541,      0.864,      0.746,     -0.254,     -0.436,    β:       1.000
α:       0.498,      0.542,      0.865,      0.748,     -0.254,     -0.437,    β:       1.000
α:       0.498,      0.544,      0.866,      0.750,     -0.255,     -0.438,    β:       1.000
α:       0.500,      0.545,      0.867,      0.752,     -0.256,     -0.439,    β:       1.000
α:       0.500,      0.545,      0.869,      0.754,     -0.255,     -0.440,    β:       1.000
α:       0.501,      0.546,      0.870,      0.755,     -0.255,     -0.441,    β:       1.000
α:       0.502,      0.547,      0.872,      0.757,     -0.256,     -0.443,    β:       1.000
α:       0.504,      0.548,      0.874,      0.759,     -0.257,     -0.444,    β:       1.000
α:       0.506,      0.549,      0.876,      0.760,     -0.257,     -0.445,    β:       1.000
α:       0.508,      0.549,      0.877,      0.762,     -0.258,     -0.446,    β:       1.000
α:       0.507,      0.551,      0.880,      0.764,     -0.259,     -0.446,    β:       1.000
α:       0.508,      0.551,      0.882,      0.766,     -0.259,     -0.447,    β:       1.000
α:       0.509,      0.551,      0.884,      0.768,     -0.260,     -0.448,    β:       1.000
α:       0.509,      0.552,      0.885,      0.771,     -0.261,     -0.449,    β:       1.000
α:       0.510,      0.552,      0.887,      0.772,     -0.261,     -0.450,    β:       1.000
α:       0.511,      0.554,      0.889,      0.774,     -0.262,     -0.452,    β:       1.000
α:       0.512,      0.555,      0.890,      0.776,     -0.262,     -0.453,    β:       1.000
α:       0.514,      0.555,      0.891,      0.779,     -0.263,     -0.454,    β:       1.000
α:       0.514,      0.558,      0.894,      0.781,     -0.263,     -0.456,    β:       1.000
α:       0.515,      0.560,      0.896,      0.782,     -0.263,     -0.456,    β:       1.000
α:       0.515,      0.559,      0.897,      0.784,     -0.264,     -0.457,    β:       1.000
α:       0.517,      0.559,      0.898,      0.785,     -0.264,     -0.458,    β:       1.000
α:       0.515,      0.560,      0.899,      0.787,     -0.265,     -0.459,    β:       1.000
α:       0.518,      0.561,      0.901,      0.789,     -0.265,     -0.459,    β:       1.000
α:       0.517,      0.562,      0.902,      0.790,     -0.264,     -0.459,    β:       1.000
α:       0.518,      0.562,      0.904,      0.792,     -0.265,     -0.460,    β:       1.000
α:       0.518,      0.563,      0.905,      0.794,     -0.265,     -0.461,    β:       1.000
α:       0.520,      0.563,      0.906,      0.796,     -0.266,     -0.462,    β:       1.000
α:       0.520,      0.565,      0.908,      0.797,     -0.267,     -0.463,    β:       1.000
α:       0.520,      0.566,      0.909,      0.798,     -0.266,     -0.464,    β:       1.000
α:       0.521,      0.567,      0.912,      0.800,     -0.267,     -0.465,    β:       1.000
α:       0.522,      0.569,      0.914,      0.801,     -0.267,     -0.466,    β:       1.000
α:       0.521,      0.569,      0.915,      0.802,     -0.267,     -0.466,    β:       1.000
α:       0.522,      0.572,      0.918,      0.804,     -0.268,     -0.467,    β:       1.000
α:       0.522,      0.574,      0.920,      0.806,     -0.269,     -0.469,    β:       1.000
α:       0.522,      0.575,      0.922,      0.807,     -0.270,     -0.471,    β:       1.000
α:       0.524,      0.578,      0.923,      0.809,     -0.271,     -0.472,    β:       1.000
α:       0.525,      0.578,      0.926,      0.810,     -0.271,     -0.473,    β:       1.000
α:       0.525,      0.580,      0.928,      0.811,     -0.272,     -0.474,    β:       1.000
α:       0.526,      0.581,      0.930,      0.811,     -0.272,     -0.475,    β:       1.000
α:       0.527,      0.582,      0.932,      0.813,     -0.272,     -0.475,    β:       1.000
α:       0.527,      0.583,      0.934,      0.815,     -0.272,     -0.476,    β:       1.000
α:       0.527,      0.584,      0.935,      0.816,     -0.273,     -0.477,    β:       1.000
α:       0.529,      0.584,      0.937,      0.818,     -0.274,     -0.479,    β:       1.000
α:       0.530,      0.584,      0.939,      0.820,     -0.275,     -0.479,    β:       1.000
α:       0.530,      0.585,      0.941,      0.821,     -0.275,     -0.480,    β:       1.000
α:       0.530,      0.588,      0.943,      0.823,     -0.277,     -0.482,    β:       1.000
α:       0.532,      0.588,      0.944,      0.826,     -0.278,     -0.482,    β:       1.000
α:       0.534,      0.590,      0.946,      0.828,     -0.278,     -0.483,    β:       1.000
α:       0.534,      0.591,      0.946,      0.828,     -0.278,     -0.484,    β:       1.000
α:       0.535,      0.590,      0.947,      0.830,     -0.278,     -0.484,    β:       1.000
α:       0.536,      0.592,      0.950,      0.832,     -0.279,     -0.485,    β:       1.000
α:       0.535,      0.592,      0.951,      0.833,     -0.280,     -0.485,    β:       1.000
α:       0.535,      0.593,      0.953,      0.835,     -0.281,     -0.487,    β:       1.000
α:       0.538,      0.594,      0.954,      0.836,     -0.280,     -0.488,    β:       1.000
α:       0.539,      0.596,      0.955,      0.838,     -0.280,     -0.489,    β:       1.000
α:       0.539,      0.597,      0.957,      0.840,     -0.281,     -0.489,    β:       1.000
α:       0.539,      0.599,      0.958,      0.841,     -0.281,     -0.490,    β:       1.000
α:       0.540,      0.600,      0.959,      0.843,     -0.281,     -0.491,    β:       1.000
α:       0.541,      0.600,      0.959,      0.845,     -0.282,     -0.491,    β:       1.000
α:       0.541,      0.601,      0.961,      0.846,     -0.283,     -0.492,    β:       1.000
α:       0.541,      0.601,      0.962,      0.847,     -0.284,     -0.492,    β:       1.000
α:       0.541,      0.601,      0.964,      0.849,     -0.284,     -0.492,    β:       1.000
α:       0.541,      0.602,      0.966,      0.850,     -0.284,     -0.493,    β:       1.000
α:       0.541,      0.604,      0.968,      0.852,     -0.283,     -0.494,    β:       1.000
α:       0.542,      0.605,      0.969,      0.854,     -0.283,     -0.495,    β:       1.000
α:       0.542,      0.605,      0.970,      0.855,     -0.285,     -0.496,    β:       1.000
α:       0.542,      0.607,      0.970,      0.855,     -0.285,     -0.496,    β:       1.000
α:       0.543,      0.607,      0.973,      0.856,     -0.285,     -0.496,    β:       1.000
α:       0.545,      0.608,      0.974,      0.858,     -0.285,     -0.498,    β:       1.000
α:       0.545,      0.607,      0.975,      0.859,     -0.285,     -0.499,    β:       1.000
α:       0.546,      0.609,      0.977,      0.861,     -0.286,     -0.499,    β:       1.000
α:       0.547,      0.609,      0.978,      0.863,     -0.287,     -0.500,    β:       1.000
α:       0.547,      0.609,      0.979,      0.864,     -0.286,     -0.501,    β:       1.000
α:       0.548,      0.612,      0.981,      0.866,     -0.287,     -0.502,    β:       1.000
α:       0.547,      0.613,      0.981,      0.867,     -0.287,     -0.504,    β:       1.000
α:       0.548,      0.612,      0.983,      0.868,     -0.288,     -0.504,    β:       1.000
α:       0.547,      0.613,      0.985,      0.869,     -0.288,     -0.505,    β:       1.000
α:       0.550,      0.614,      0.986,      0.871,     -0.290,     -0.507,    β:       1.000
α:       0.550,      0.615,      0.987,      0.872,     -0.290,     -0.507,    β:       1.000
α:       0.550,      0.617,      0.990,      0.873,     -0.290,     -0.508,    β:       1.000
α:       0.550,      0.617,      0.991,      0.875,     -0.290,     -0.509,    β:       1.000
α:       0.548,      0.619,      0.991,      0.876,     -0.290,     -0.509,    β:       1.000
α:       0.549,      0.619,      0.993,      0.877,     -0.291,     -0.510,    β:       1.000
α:       0.550,      0.620,      0.994,      0.878,     -0.291,     -0.510,    β:       1.000
α:       0.551,      0.622,      0.995,      0.880,     -0.291,     -0.511,    β:       1.000
α:       0.551,      0.623,      0.995,      0.881,     -0.292,     -0.511,    β:       1.000
α:       0.551,      0.624,      0.996,      0.882,     -0.292,     -0.512,    β:       1.000
α:       0.552,      0.624,      0.997,      0.884,     -0.292,     -0.513,    β:       1.000
α:       0.554,      0.626,      0.999,      0.886,     -0.293,     -0.514,    β:       1.000
α:       0.555,      0.627,      1.001,      0.887,     -0.294,     -0.516,    β:       1.000
α:       0.555,      0.627,      1.002,      0.888,     -0.294,     -0.516,    β:       1.000
α:       0.556,      0.627,      1.004,      0.889,     -0.294,     -0.517,    β:       1.000
α:       0.557,      0.628,      1.004,      0.890,     -0.294,     -0.518,    β:       1.000
α:       0.558,      0.628,      1.006,      0.892,     -0.295,     -0.519,    β:       1.000
α:       0.559,      0.629,      1.007,      0.893,     -0.295,     -0.520,    β:       1.000
α:       0.560,      0.630,      1.008,      0.894,     -0.295,     -0.521,    β:       1.000
α:       0.559,      0.632,      1.009,      0.895,     -0.295,     -0.521,    β:       1.000
α:       0.559,      0.633,      1.010,      0.897,     -0.294,     -0.521,    β:       1.000
α:       0.560,      0.633,      1.011,      0.899,     -0.295,     -0.522,    β:       1.000
α:       0.560,      0.633,      1.012,      0.900,     -0.294,     -0.522,    β:       1.000
α:       0.560,      0.634,      1.014,      0.901,     -0.295,     -0.524,    β:       1.000
α:       0.561,      0.635,      1.014,      0.903,     -0.296,     -0.525,    β:       1.000
α:       0.561,      0.635,      1.014,      0.904,     -0.297,     -0.525,    β:       1.000
α:       0.561,      0.636,      1.015,      0.905,     -0.298,     -0.526,    β:       1.000
α:       0.562,      0.638,      1.016,      0.906,     -0.298,     -0.527,    β:       1.000
α:       0.561,      0.638,      1.017,      0.907,     -0.298,     -0.528,    β:       1.000
α:       0.563,      0.638,      1.018,      0.909,     -0.300,     -0.529,    β:       1.000
α:       0.563,      0.639,      1.019,      0.910,     -0.301,     -0.530,    β:       1.000
α:       0.563,      0.640,      1.020,      0.911,     -0.301,     -0.531,    β:       1.000
α:       0.564,      0.640,      1.022,      0.913,     -0.301,     -0.532,    β:       1.000
α:       0.566,      0.642,      1.023,      0.914,     -0.302,     -0.532,    β:       1.000
α:       0.565,      0.641,      1.025,      0.915,     -0.302,     -0.534,    β:       1.000
α:       0.566,      0.642,      1.026,      0.917,     -0.303,     -0.535,    β:       1.000
α:       0.565,      0.643,      1.028,      0.919,     -0.303,     -0.535,    β:       1.000
α:       0.566,      0.643,      1.030,      0.920,     -0.303,     -0.535,    β:       1.000
α:       0.566,      0.645,      1.031,      0.921,     -0.304,     -0.537,    β:       1.000
α:       0.567,      0.647,      1.032,      0.921,     -0.304,     -0.537,    β:       1.000
α:       0.567,      0.647,      1.033,      0.922,     -0.304,     -0.538,    β:       1.000
α:       0.568,      0.648,      1.033,      0.923,     -0.304,     -0.539,    β:       1.000
α:       0.569,      0.648,      1.036,      0.925,     -0.305,     -0.540,    β:       1.000
α:       0.568,      0.647,      1.037,      0.926,     -0.305,     -0.540,    β:       1.000
α:       0.570,      0.649,      1.037,      0.926,     -0.306,     -0.541,    β:       1.000
α:       0.569,      0.649,      1.037,      0.928,     -0.306,     -0.542,    β:       1.000
α:       0.569,      0.650,      1.038,      0.929,     -0.307,     -0.543,    β:       1.000
α:       0.570,      0.650,      1.040,      0.930,     -0.307,     -0.544,    β:       1.000
α:       0.571,      0.651,      1.042,      0.931,     -0.308,     -0.545,    β:       1.000
α:       0.572,      0.651,      1.043,      0.933,     -0.309,     -0.546,    β:       1.000
α:       0.572,      0.651,      1.045,      0.934,     -0.309,     -0.546,    β:       1.000
α:       0.572,      0.653,      1.048,      0.935,     -0.310,     -0.548,    β:       1.000
α:       0.573,      0.653,      1.048,      0.936,     -0.310,     -0.548,    β:       1.000
α:       0.575,      0.654,      1.049,      0.937,     -0.310,     -0.548,    β:       1.000
α:       0.575,      0.654,      1.050,      0.938,     -0.310,     -0.548,    β:       1.000
α:       0.574,      0.656,      1.050,      0.940,     -0.310,     -0.549,    β:       1.000
α:       0.576,      0.658,      1.051,      0.942,     -0.311,     -0.549,    β:       1.000
α:       0.577,      0.658,      1.051,      0.944,     -0.312,     -0.550,    β:       1.000
α:       0.575,      0.658,      1.052,      0.944,     -0.312,     -0.550,    β:       1.000
α:       0.575,      0.658,      1.054,      0.946,     -0.313,     -0.551,    β:       1.000
α:       0.576,      0.658,      1.054,      0.947,     -0.313,     -0.552,    β:       1.000
α:       0.577,      0.661,      1.055,      0.949,     -0.314,     -0.552,    β:       1.000
α:       0.579,      0.661,      1.057,      0.950,     -0.314,     -0.552,    β:       1.000
α:       0.581,      0.662,      1.058,      0.952,     -0.315,     -0.554,    β:       1.000
α:       0.582,      0.664,      1.060,      0.953,     -0.316,     -0.554,    β:       1.000
α:       0.582,      0.665,      1.060,      0.954,     -0.316,     -0.555,    β:       1.000
α:       0.583,      0.665,      1.062,      0.955,     -0.317,     -0.556,    β:       1.000
α:       0.583,      0.666,      1.063,      0.957,     -0.318,     -0.557,    β:       1.000
α:       0.584,      0.666,      1.065,      0.958,     -0.318,     -0.557,    β:       1.000
α:       0.585,      0.667,      1.067,      0.959,     -0.319,     -0.557,    β:       1.000
α:       0.585,      0.668,      1.069,      0.960,     -0.320,     -0.558,    β:       1.000
α:       0.585,      0.668,      1.070,      0.960,     -0.320,     -0.557,    β:       1.000
α:       0.586,      0.668,      1.070,      0.962,     -0.320,     -0.558,    β:       1.000
