α0:      1.240,     -0.056,      0.759,     -0.030,     -0.361,     -2.007,    β0:      1.000
α:       0.113,     -0.076,      0.107,     -0.045,     -0.054,     -0.060,    β:       1.000
α:       0.192,     -0.122,      0.178,     -0.076,     -0.091,     -0.104,    β:       1.000
α:       0.253,     -0.152,      0.234,     -0.097,     -0.120,     -0.140,    β:       1.000
α:       0.303,     -0.173,      0.280,     -0.113,     -0.143,     -0.170,    β:       1.000
α:       0.347,     -0.190,      0.318,     -0.127,     -0.163,     -0.197,    β:       1.000
α:       0.382,     -0.199,      0.351,     -0.140,     -0.178,     -0.220,    β:       1.000
α:       0.414,     -0.207,      0.381,     -0.150,     -0.193,     -0.242,    β:       1.000
α:       0.446,     -0.212,      0.406,     -0.159,     -0.208,     -0.264,    β:       1.000
α:       0.474,     -0.215,      0.430,     -0.165,     -0.221,     -0.283,    β:       1.000
α:       0.499,     -0.219,      0.451,     -0.172,     -0.232,     -0.302,    β:       1.000
α:       0.524,     -0.220,      0.472,     -0.178,     -0.243,     -0.321,    β:       1.000
α:       0.546,     -0.219,      0.491,     -0.183,     -0.252,     -0.338,    β:       1.000
α:       0.566,     -0.222,      0.509,     -0.188,     -0.262,     -0.355,    β:       1.000
α:       0.586,     -0.219,      0.523,     -0.191,     -0.270,     -0.372,    β:       1.000
α:       0.603,     -0.215,      0.538,     -0.195,     -0.277,     -0.388,    β:       1.000
α:       0.620,     -0.211,      0.550,     -0.198,     -0.284,     -0.403,    β:       1.000
α:       0.636,     -0.210,      0.560,     -0.201,     -0.290,     -0.418,    β:       1.000
α:       0.652,     -0.211,      0.573,     -0.205,     -0.296,     -0.433,    β:       1.000
α:       0.667,     -0.209,      0.584,     -0.209,     -0.303,     -0.448,    β:       1.000
α:       0.682,     -0.209,      0.594,     -0.212,     -0.307,     -0.461,    β:       1.000
α:       0.695,     -0.207,      0.601,     -0.213,     -0.312,     -0.474,    β:       1.000
α:       0.708,     -0.208,      0.609,     -0.216,     -0.317,     -0.486,    β:       1.000
α:       0.721,     -0.203,      0.617,     -0.217,     -0.323,     -0.498,    β:       1.000
α:       0.733,     -0.198,      0.623,     -0.218,     -0.327,     -0.511,    β:       1.000
α:       0.742,     -0.195,      0.631,     -0.220,     -0.331,     -0.523,    β:       1.000
α:       0.753,     -0.191,      0.640,     -0.222,     -0.336,     -0.534,    β:       1.000
α:       0.764,     -0.186,      0.648,     -0.224,     -0.340,     -0.545,    β:       1.000
α:       0.774,     -0.182,      0.654,     -0.225,     -0.343,     -0.557,    β:       1.000
α:       0.783,     -0.182,      0.659,     -0.227,     -0.346,     -0.569,    β:       1.000
α:       0.792,     -0.179,      0.663,     -0.227,     -0.348,     -0.579,    β:       1.000
α:       0.800,     -0.175,      0.667,     -0.226,     -0.351,     -0.592,    β:       1.000
α:       0.810,     -0.173,      0.671,     -0.229,     -0.353,     -0.603,    β:       1.000
α:       0.817,     -0.174,      0.677,     -0.228,     -0.356,     -0.615,    β:       1.000
α:       0.827,     -0.177,      0.684,     -0.230,     -0.359,     -0.626,    β:       1.000
α:       0.835,     -0.172,      0.688,     -0.231,     -0.360,     -0.636,    β:       1.000
α:       0.842,     -0.169,      0.690,     -0.231,     -0.362,     -0.647,    β:       1.000
α:       0.848,     -0.168,      0.695,     -0.231,     -0.365,     -0.658,    β:       1.000
α:       0.856,     -0.167,      0.697,     -0.231,     -0.367,     -0.668,    β:       1.000
α:       0.861,     -0.162,      0.701,     -0.230,     -0.369,     -0.677,    β:       1.000
α:       0.867,     -0.163,      0.705,     -0.231,     -0.372,     -0.688,    β:       1.000
α:       0.875,     -0.161,      0.707,     -0.232,     -0.375,     -0.698,    β:       1.000
α:       0.881,     -0.161,      0.709,     -0.232,     -0.375,     -0.708,    β:       1.000
α:       0.887,     -0.157,      0.711,     -0.231,     -0.377,     -0.717,    β:       1.000
α:       0.894,     -0.155,      0.715,     -0.233,     -0.378,     -0.726,    β:       1.000
α:       0.899,     -0.157,      0.719,     -0.235,     -0.381,     -0.735,    β:       1.000
α:       0.906,     -0.156,      0.721,     -0.235,     -0.383,     -0.744,    β:       1.000
α:       0.912,     -0.155,      0.724,     -0.235,     -0.385,     -0.753,    β:       1.000
α:       0.918,     -0.154,      0.728,     -0.235,     -0.387,     -0.762,    β:       1.000
α:       0.923,     -0.149,      0.727,     -0.235,     -0.386,     -0.770,    β:       1.000
α:       0.927,     -0.150,      0.728,     -0.235,     -0.387,     -0.778,    β:       1.000
α:       0.932,     -0.152,      0.731,     -0.234,     -0.389,     -0.787,    β:       1.000
α:       0.936,     -0.154,      0.733,     -0.235,     -0.390,     -0.796,    β:       1.000
α:       0.941,     -0.150,      0.735,     -0.235,     -0.392,     -0.804,    β:       1.000
α:       0.944,     -0.144,      0.737,     -0.235,     -0.394,     -0.811,    β:       1.000
α:       0.947,     -0.143,      0.740,     -0.234,     -0.394,     -0.819,    β:       1.000
α:       0.951,     -0.141,      0.741,     -0.235,     -0.395,     -0.827,    β:       1.000
α:       0.955,     -0.138,      0.743,     -0.234,     -0.396,     -0.836,    β:       1.000
α:       0.960,     -0.141,      0.744,     -0.236,     -0.396,     -0.844,    β:       1.000
α:       0.963,     -0.140,      0.747,     -0.236,     -0.397,     -0.852,    β:       1.000
α:       0.967,     -0.137,      0.748,     -0.237,     -0.397,     -0.860,    β:       1.000
α:       0.970,     -0.134,      0.749,     -0.237,     -0.398,     -0.868,    β:       1.000
α:       0.973,     -0.135,      0.750,     -0.236,     -0.398,     -0.876,    β:       1.000
α:       0.976,     -0.132,      0.751,     -0.236,     -0.400,     -0.883,    β:       1.000
α:       0.980,     -0.129,      0.752,     -0.235,     -0.400,     -0.891,    β:       1.000
α:       0.983,     -0.125,      0.752,     -0.234,     -0.401,     -0.897,    β:       1.000
α:       0.985,     -0.130,      0.754,     -0.236,     -0.401,     -0.905,    β:       1.000
α:       0.986,     -0.125,      0.756,     -0.235,     -0.400,     -0.912,    β:       1.000
α:       0.991,     -0.119,      0.757,     -0.233,     -0.401,     -0.918,    β:       1.000
α:       0.993,     -0.117,      0.759,     -0.232,     -0.402,     -0.926,    β:       1.000
α:       0.997,     -0.119,      0.760,     -0.232,     -0.402,     -0.934,    β:       1.000
α:       1.000,     -0.115,      0.763,     -0.231,     -0.402,     -0.941,    β:       1.000
α:       1.004,     -0.119,      0.765,     -0.233,     -0.402,     -0.948,    β:       1.000
α:       1.006,     -0.116,      0.765,     -0.231,     -0.401,     -0.955,    β:       1.000
α:       1.008,     -0.114,      0.764,     -0.230,     -0.400,     -0.963,    β:       1.000
α:       1.010,     -0.108,      0.761,     -0.228,     -0.400,     -0.969,    β:       1.000
α:       1.012,     -0.106,      0.761,     -0.227,     -0.400,     -0.975,    β:       1.000
α:       1.016,     -0.108,      0.762,     -0.227,     -0.401,     -0.983,    β:       1.000
α:       1.019,     -0.111,      0.761,     -0.227,     -0.403,     -0.990,    β:       1.000
α:       1.021,     -0.112,      0.762,     -0.226,     -0.402,     -0.997,    β:       1.000
α:       1.023,     -0.109,      0.762,     -0.226,     -0.402,     -1.004,    β:       1.000
α:       1.027,     -0.110,      0.762,     -0.228,     -0.404,     -1.010,    β:       1.000
α:       1.030,     -0.108,      0.763,     -0.227,     -0.404,     -1.015,    β:       1.000
α:       1.032,     -0.108,      0.761,     -0.227,     -0.404,     -1.022,    β:       1.000
α:       1.034,     -0.105,      0.759,     -0.225,     -0.403,     -1.028,    β:       1.000
α:       1.037,     -0.102,      0.760,     -0.225,     -0.404,     -1.035,    β:       1.000
α:       1.038,     -0.103,      0.760,     -0.225,     -0.404,     -1.040,    β:       1.000
α:       1.041,     -0.100,      0.761,     -0.225,     -0.404,     -1.045,    β:       1.000
α:       1.043,     -0.099,      0.761,     -0.225,     -0.404,     -1.050,    β:       1.000
α:       1.044,     -0.100,      0.762,     -0.223,     -0.404,     -1.056,    β:       1.000
α:       1.046,     -0.100,      0.764,     -0.224,     -0.403,     -1.063,    β:       1.000
α:       1.047,     -0.101,      0.766,     -0.223,     -0.403,     -1.069,    β:       1.000
α:       1.049,     -0.101,      0.766,     -0.222,     -0.402,     -1.074,    β:       1.000
α:       1.051,     -0.100,      0.766,     -0.222,     -0.402,     -1.081,    β:       1.000
α:       1.053,     -0.102,      0.765,     -0.221,     -0.402,     -1.086,    β:       1.000
α:       1.054,     -0.102,      0.765,     -0.220,     -0.403,     -1.091,    β:       1.000
α:       1.056,     -0.102,      0.765,     -0.219,     -0.402,     -1.097,    β:       1.000
α:       1.057,     -0.101,      0.764,     -0.218,     -0.402,     -1.102,    β:       1.000
α:       1.060,     -0.103,      0.763,     -0.218,     -0.402,     -1.108,    β:       1.000
α:       1.061,     -0.101,      0.764,     -0.217,     -0.402,     -1.113,    β:       1.000
α:       1.064,     -0.098,      0.765,     -0.216,     -0.402,     -1.118,    β:       1.000
α:       1.066,     -0.096,      0.765,     -0.215,     -0.403,     -1.124,    β:       1.000
α:       1.068,     -0.095,      0.766,     -0.214,     -0.403,     -1.128,    β:       1.000
α:       1.069,     -0.094,      0.764,     -0.212,     -0.401,     -1.134,    β:       1.000
α:       1.071,     -0.096,      0.764,     -0.212,     -0.402,     -1.139,    β:       1.000
α:       1.073,     -0.093,      0.765,     -0.211,     -0.401,     -1.144,    β:       1.000
α:       1.075,     -0.093,      0.764,     -0.212,     -0.402,     -1.149,    β:       1.000
α:       1.077,     -0.095,      0.766,     -0.212,     -0.403,     -1.155,    β:       1.000
α:       1.080,     -0.091,      0.765,     -0.212,     -0.403,     -1.160,    β:       1.000
α:       1.079,     -0.094,      0.766,     -0.211,     -0.403,     -1.165,    β:       1.000
α:       1.080,     -0.095,      0.765,     -0.210,     -0.402,     -1.170,    β:       1.000
α:       1.081,     -0.095,      0.766,     -0.209,     -0.402,     -1.174,    β:       1.000
α:       1.082,     -0.096,      0.767,     -0.208,     -0.402,     -1.179,    β:       1.000
α:       1.083,     -0.092,      0.767,     -0.208,     -0.401,     -1.184,    β:       1.000
α:       1.085,     -0.097,      0.768,     -0.208,     -0.401,     -1.189,    β:       1.000
α:       1.086,     -0.097,      0.766,     -0.207,     -0.400,     -1.194,    β:       1.000
α:       1.087,     -0.100,      0.766,     -0.205,     -0.400,     -1.199,    β:       1.000
α:       1.088,     -0.104,      0.768,     -0.205,     -0.400,     -1.205,    β:       1.000
α:       1.088,     -0.104,      0.767,     -0.204,     -0.400,     -1.210,    β:       1.000
α:       1.089,     -0.101,      0.767,     -0.203,     -0.400,     -1.215,    β:       1.000
α:       1.091,     -0.102,      0.768,     -0.204,     -0.400,     -1.220,    β:       1.000
α:       1.093,     -0.101,      0.769,     -0.204,     -0.400,     -1.224,    β:       1.000
α:       1.093,     -0.097,      0.769,     -0.202,     -0.400,     -1.229,    β:       1.000
α:       1.095,     -0.095,      0.768,     -0.202,     -0.400,     -1.234,    β:       1.000
α:       1.096,     -0.091,      0.769,     -0.201,     -0.399,     -1.239,    β:       1.000
α:       1.095,     -0.092,      0.769,     -0.200,     -0.399,     -1.244,    β:       1.000
α:       1.098,     -0.087,      0.769,     -0.198,     -0.399,     -1.249,    β:       1.000
α:       1.098,     -0.089,      0.768,     -0.198,     -0.399,     -1.253,    β:       1.000
α:       1.099,     -0.088,      0.767,     -0.197,     -0.398,     -1.257,    β:       1.000
α:       1.100,     -0.090,      0.767,     -0.196,     -0.398,     -1.262,    β:       1.000
α:       1.101,     -0.090,      0.767,     -0.196,     -0.398,     -1.265,    β:       1.000
α:       1.103,     -0.089,      0.765,     -0.195,     -0.397,     -1.270,    β:       1.000
α:       1.104,     -0.088,      0.763,     -0.194,     -0.397,     -1.275,    β:       1.000
α:       1.106,     -0.089,      0.764,     -0.194,     -0.398,     -1.279,    β:       1.000
α:       1.106,     -0.085,      0.764,     -0.193,     -0.397,     -1.283,    β:       1.000
α:       1.106,     -0.082,      0.762,     -0.192,     -0.397,     -1.287,    β:       1.000
α:       1.109,     -0.080,      0.762,     -0.190,     -0.398,     -1.290,    β:       1.000
α:       1.109,     -0.079,      0.762,     -0.188,     -0.397,     -1.295,    β:       1.000
α:       1.108,     -0.078,      0.761,     -0.188,     -0.397,     -1.298,    β:       1.000
α:       1.110,     -0.079,      0.762,     -0.187,     -0.398,     -1.302,    β:       1.000
α:       1.110,     -0.078,      0.760,     -0.185,     -0.397,     -1.305,    β:       1.000
α:       1.110,     -0.075,      0.760,     -0.183,     -0.398,     -1.309,    β:       1.000
α:       1.112,     -0.076,      0.761,     -0.183,     -0.397,     -1.313,    β:       1.000
α:       1.112,     -0.077,      0.762,     -0.182,     -0.397,     -1.317,    β:       1.000
α:       1.112,     -0.076,      0.762,     -0.182,     -0.396,     -1.322,    β:       1.000
α:       1.113,     -0.081,      0.762,     -0.183,     -0.396,     -1.326,    β:       1.000
α:       1.115,     -0.080,      0.762,     -0.183,     -0.396,     -1.330,    β:       1.000
α:       1.116,     -0.079,      0.762,     -0.184,     -0.397,     -1.333,    β:       1.000
α:       1.117,     -0.079,      0.760,     -0.182,     -0.396,     -1.337,    β:       1.000
α:       1.118,     -0.081,      0.759,     -0.181,     -0.396,     -1.340,    β:       1.000
α:       1.119,     -0.079,      0.760,     -0.181,     -0.396,     -1.344,    β:       1.000
α:       1.121,     -0.079,      0.760,     -0.182,     -0.396,     -1.348,    β:       1.000
α:       1.122,     -0.079,      0.761,     -0.183,     -0.396,     -1.351,    β:       1.000
α:       1.121,     -0.078,      0.760,     -0.182,     -0.394,     -1.355,    β:       1.000
α:       1.121,     -0.077,      0.760,     -0.182,     -0.393,     -1.358,    β:       1.000
α:       1.122,     -0.073,      0.760,     -0.179,     -0.393,     -1.362,    β:       1.000
α:       1.123,     -0.074,      0.760,     -0.181,     -0.392,     -1.366,    β:       1.000
α:       1.124,     -0.075,      0.758,     -0.180,     -0.391,     -1.370,    β:       1.000
α:       1.126,     -0.075,      0.758,     -0.180,     -0.391,     -1.374,    β:       1.000
α:       1.127,     -0.076,      0.758,     -0.180,     -0.391,     -1.378,    β:       1.000
α:       1.126,     -0.073,      0.758,     -0.180,     -0.390,     -1.381,    β:       1.000
α:       1.127,     -0.073,      0.757,     -0.180,     -0.389,     -1.385,    β:       1.000
α:       1.128,     -0.074,      0.757,     -0.180,     -0.390,     -1.387,    β:       1.000
α:       1.129,     -0.073,      0.757,     -0.179,     -0.391,     -1.392,    β:       1.000
α:       1.130,     -0.070,      0.758,     -0.177,     -0.390,     -1.394,    β:       1.000
α:       1.131,     -0.076,      0.758,     -0.178,     -0.389,     -1.398,    β:       1.000
α:       1.131,     -0.075,      0.759,     -0.176,     -0.389,     -1.402,    β:       1.000
α:       1.131,     -0.075,      0.760,     -0.174,     -0.390,     -1.404,    β:       1.000
α:       1.132,     -0.076,      0.759,     -0.175,     -0.389,     -1.408,    β:       1.000
α:       1.134,     -0.077,      0.760,     -0.174,     -0.389,     -1.411,    β:       1.000
α:       1.135,     -0.074,      0.759,     -0.174,     -0.389,     -1.414,    β:       1.000
α:       1.136,     -0.068,      0.758,     -0.172,     -0.388,     -1.416,    β:       1.000
α:       1.136,     -0.069,      0.757,     -0.173,     -0.387,     -1.420,    β:       1.000
α:       1.136,     -0.070,      0.759,     -0.172,     -0.387,     -1.423,    β:       1.000
α:       1.137,     -0.074,      0.759,     -0.172,     -0.387,     -1.426,    β:       1.000
α:       1.137,     -0.073,      0.760,     -0.171,     -0.386,     -1.428,    β:       1.000
α:       1.137,     -0.070,      0.763,     -0.169,     -0.386,     -1.431,    β:       1.000
α:       1.138,     -0.072,      0.762,     -0.169,     -0.385,     -1.435,    β:       1.000
α:       1.139,     -0.072,      0.763,     -0.169,     -0.385,     -1.438,    β:       1.000
α:       1.141,     -0.069,      0.761,     -0.168,     -0.385,     -1.441,    β:       1.000
α:       1.141,     -0.071,      0.761,     -0.170,     -0.384,     -1.445,    β:       1.000
α:       1.140,     -0.075,      0.759,     -0.169,     -0.384,     -1.448,    β:       1.000
α:       1.140,     -0.077,      0.760,     -0.170,     -0.383,     -1.451,    β:       1.000
α:       1.139,     -0.076,      0.763,     -0.171,     -0.382,     -1.454,    β:       1.000
α:       1.141,     -0.074,      0.762,     -0.170,     -0.382,     -1.457,    β:       1.000
α:       1.141,     -0.071,      0.760,     -0.168,     -0.380,     -1.459,    β:       1.000
α:       1.141,     -0.069,      0.760,     -0.167,     -0.380,     -1.461,    β:       1.000
α:       1.142,     -0.068,      0.758,     -0.166,     -0.380,     -1.464,    β:       1.000
α:       1.143,     -0.066,      0.757,     -0.165,     -0.380,     -1.467,    β:       1.000
α:       1.144,     -0.063,      0.758,     -0.164,     -0.379,     -1.470,    β:       1.000
α:       1.145,     -0.064,      0.757,     -0.163,     -0.379,     -1.473,    β:       1.000
α:       1.146,     -0.064,      0.757,     -0.163,     -0.379,     -1.476,    β:       1.000
α:       1.146,     -0.069,      0.757,     -0.163,     -0.378,     -1.480,    β:       1.000
α:       1.147,     -0.070,      0.756,     -0.162,     -0.378,     -1.482,    β:       1.000
α:       1.146,     -0.070,      0.756,     -0.161,     -0.377,     -1.485,    β:       1.000
α:       1.147,     -0.071,      0.756,     -0.162,     -0.377,     -1.489,    β:       1.000
α:       1.148,     -0.071,      0.756,     -0.162,     -0.377,     -1.492,    β:       1.000
α:       1.148,     -0.069,      0.757,     -0.162,     -0.377,     -1.494,    β:       1.000
α:       1.150,     -0.065,      0.758,     -0.160,     -0.377,     -1.496,    β:       1.000
α:       1.150,     -0.066,      0.760,     -0.159,     -0.377,     -1.499,    β:       1.000
α:       1.150,     -0.067,      0.760,     -0.160,     -0.378,     -1.502,    β:       1.000
α:       1.149,     -0.068,      0.759,     -0.159,     -0.377,     -1.505,    β:       1.000
α:       1.148,     -0.068,      0.759,     -0.157,     -0.376,     -1.508,    β:       1.000
α:       1.148,     -0.070,      0.760,     -0.157,     -0.375,     -1.511,    β:       1.000
α:       1.149,     -0.071,      0.758,     -0.158,     -0.373,     -1.515,    β:       1.000
α:       1.150,     -0.069,      0.757,     -0.158,     -0.373,     -1.517,    β:       1.000
α:       1.150,     -0.067,      0.756,     -0.158,     -0.373,     -1.519,    β:       1.000
α:       1.150,     -0.071,      0.755,     -0.158,     -0.373,     -1.522,    β:       1.000
α:       1.149,     -0.070,      0.755,     -0.157,     -0.373,     -1.524,    β:       1.000
α:       1.150,     -0.070,      0.755,     -0.157,     -0.373,     -1.526,    β:       1.000
α:       1.150,     -0.068,      0.754,     -0.158,     -0.372,     -1.529,    β:       1.000
α:       1.149,     -0.066,      0.752,     -0.156,     -0.372,     -1.531,    β:       1.000
α:       1.150,     -0.065,      0.751,     -0.155,     -0.371,     -1.534,    β:       1.000
α:       1.149,     -0.066,      0.753,     -0.154,     -0.371,     -1.536,    β:       1.000
α:       1.150,     -0.069,      0.755,     -0.155,     -0.371,     -1.539,    β:       1.000
α:       1.151,     -0.070,      0.754,     -0.156,     -0.372,     -1.541,    β:       1.000
α:       1.152,     -0.066,      0.753,     -0.156,     -0.371,     -1.543,    β:       1.000
α:       1.151,     -0.067,      0.751,     -0.153,     -0.371,     -1.545,    β:       1.000
α:       1.151,     -0.064,      0.749,     -0.153,     -0.370,     -1.548,    β:       1.000
α:       1.153,     -0.066,      0.749,     -0.153,     -0.371,     -1.550,    β:       1.000
α:       1.153,     -0.065,      0.748,     -0.152,     -0.370,     -1.553,    β:       1.000
α:       1.153,     -0.063,      0.748,     -0.151,     -0.371,     -1.555,    β:       1.000
α:       1.152,     -0.060,      0.748,     -0.150,     -0.369,     -1.557,    β:       1.000
α:       1.152,     -0.060,      0.747,     -0.149,     -0.370,     -1.560,    β:       1.000
α:       1.151,     -0.061,      0.746,     -0.148,     -0.369,     -1.562,    β:       1.000
α:       1.153,     -0.064,      0.747,     -0.149,     -0.369,     -1.564,    β:       1.000
α:       1.154,     -0.065,      0.747,     -0.149,     -0.369,     -1.567,    β:       1.000
α:       1.155,     -0.063,      0.747,     -0.149,     -0.369,     -1.569,    β:       1.000
α:       1.154,     -0.062,      0.748,     -0.148,     -0.368,     -1.572,    β:       1.000
α:       1.155,     -0.062,      0.749,     -0.147,     -0.368,     -1.575,    β:       1.000
α:       1.156,     -0.062,      0.749,     -0.148,     -0.368,     -1.577,    β:       1.000
α:       1.156,     -0.057,      0.751,     -0.146,     -0.368,     -1.580,    β:       1.000
α:       1.157,     -0.059,      0.751,     -0.145,     -0.368,     -1.582,    β:       1.000
α:       1.158,     -0.061,      0.752,     -0.144,     -0.369,     -1.585,    β:       1.000
α:       1.157,     -0.061,      0.753,     -0.144,     -0.368,     -1.587,    β:       1.000
α:       1.157,     -0.061,      0.753,     -0.144,     -0.367,     -1.588,    β:       1.000
α:       1.158,     -0.058,      0.753,     -0.144,     -0.368,     -1.591,    β:       1.000
α:       1.159,     -0.061,      0.753,     -0.145,     -0.368,     -1.593,    β:       1.000
α:       1.159,     -0.062,      0.752,     -0.145,     -0.368,     -1.595,    β:       1.000
α:       1.160,     -0.062,      0.753,     -0.144,     -0.368,     -1.597,    β:       1.000
α:       1.161,     -0.058,      0.754,     -0.144,     -0.368,     -1.599,    β:       1.000
α:       1.162,     -0.058,      0.753,     -0.144,     -0.366,     -1.601,    β:       1.000
α:       1.162,     -0.060,      0.754,     -0.143,     -0.367,     -1.603,    β:       1.000
α:       1.162,     -0.059,      0.756,     -0.143,     -0.367,     -1.605,    β:       1.000
α:       1.162,     -0.057,      0.756,     -0.144,     -0.366,     -1.608,    β:       1.000
α:       1.162,     -0.061,      0.757,     -0.145,     -0.365,     -1.609,    β:       1.000
α:       1.163,     -0.063,      0.758,     -0.145,     -0.366,     -1.611,    β:       1.000
α:       1.165,     -0.062,      0.760,     -0.144,     -0.366,     -1.612,    β:       1.000
α:       1.163,     -0.064,      0.762,     -0.142,     -0.366,     -1.614,    β:       1.000
α:       1.163,     -0.061,      0.761,     -0.141,     -0.365,     -1.616,    β:       1.000
α:       1.162,     -0.057,      0.761,     -0.140,     -0.365,     -1.618,    β:       1.000
α:       1.161,     -0.055,      0.759,     -0.138,     -0.364,     -1.619,    β:       1.000
α:       1.160,     -0.060,      0.759,     -0.137,     -0.363,     -1.621,    β:       1.000
α:       1.160,     -0.061,      0.758,     -0.136,     -0.363,     -1.623,    β:       1.000
α:       1.160,     -0.056,      0.760,     -0.135,     -0.362,     -1.625,    β:       1.000
α:       1.161,     -0.053,      0.760,     -0.134,     -0.362,     -1.626,    β:       1.000
α:       1.159,     -0.056,      0.760,     -0.134,     -0.361,     -1.628,    β:       1.000
α:       1.159,     -0.055,      0.762,     -0.135,     -0.361,     -1.629,    β:       1.000
α:       1.159,     -0.058,      0.761,     -0.134,     -0.360,     -1.631,    β:       1.000
α:       1.159,     -0.058,      0.761,     -0.134,     -0.360,     -1.632,    β:       1.000
α:       1.159,     -0.060,      0.761,     -0.135,     -0.359,     -1.635,    β:       1.000
α:       1.160,     -0.062,      0.760,     -0.134,     -0.360,     -1.637,    β:       1.000
α:       1.160,     -0.060,      0.760,     -0.134,     -0.359,     -1.638,    β:       1.000
α:       1.161,     -0.060,      0.760,     -0.135,     -0.359,     -1.640,    β:       1.000
α:       1.161,     -0.059,      0.761,     -0.134,     -0.358,     -1.641,    β:       1.000
α:       1.161,     -0.058,      0.761,     -0.132,     -0.358,     -1.642,    β:       1.000
α:       1.160,     -0.057,      0.759,     -0.131,     -0.358,     -1.643,    β:       1.000
α:       1.159,     -0.055,      0.759,     -0.130,     -0.357,     -1.646,    β:       1.000
α:       1.158,     -0.055,      0.759,     -0.130,     -0.356,     -1.648,    β:       1.000
α:       1.158,     -0.052,      0.761,     -0.130,     -0.355,     -1.650,    β:       1.000
α:       1.160,     -0.055,      0.760,     -0.129,     -0.355,     -1.652,    β:       1.000
α:       1.161,     -0.055,      0.759,     -0.130,     -0.355,     -1.654,    β:       1.000
α:       1.161,     -0.056,      0.758,     -0.129,     -0.355,     -1.656,    β:       1.000
α:       1.161,     -0.056,      0.759,     -0.128,     -0.355,     -1.657,    β:       1.000
α:       1.161,     -0.061,      0.759,     -0.130,     -0.354,     -1.659,    β:       1.000
α:       1.160,     -0.065,      0.759,     -0.130,     -0.353,     -1.661,    β:       1.000
α:       1.162,     -0.063,      0.760,     -0.129,     -0.354,     -1.663,    β:       1.000
α:       1.162,     -0.066,      0.759,     -0.129,     -0.353,     -1.664,    β:       1.000
α:       1.162,     -0.066,      0.759,     -0.128,     -0.353,     -1.666,    β:       1.000
α:       1.163,     -0.065,      0.757,     -0.129,     -0.353,     -1.668,    β:       1.000
α:       1.163,     -0.066,      0.758,     -0.129,     -0.353,     -1.669,    β:       1.000
α:       1.164,     -0.067,      0.759,     -0.129,     -0.353,     -1.671,    β:       1.000
α:       1.163,     -0.067,      0.756,     -0.128,     -0.352,     -1.673,    β:       1.000
α:       1.164,     -0.065,      0.756,     -0.128,     -0.352,     -1.674,    β:       1.000
α:       1.166,     -0.063,      0.756,     -0.129,     -0.351,     -1.676,    β:       1.000
α:       1.166,     -0.062,      0.754,     -0.128,     -0.350,     -1.676,    β:       1.000
α:       1.166,     -0.064,      0.754,     -0.127,     -0.350,     -1.679,    β:       1.000
α:       1.166,     -0.056,      0.754,     -0.126,     -0.350,     -1.680,    β:       1.000
α:       1.166,     -0.056,      0.755,     -0.126,     -0.352,     -1.683,    β:       1.000
α:       1.166,     -0.056,      0.754,     -0.125,     -0.351,     -1.683,    β:       1.000
α:       1.165,     -0.057,      0.754,     -0.124,     -0.350,     -1.686,    β:       1.000
α:       1.166,     -0.055,      0.754,     -0.123,     -0.350,     -1.687,    β:       1.000
α:       1.166,     -0.055,      0.754,     -0.123,     -0.351,     -1.689,    β:       1.000
α:       1.165,     -0.055,      0.753,     -0.123,     -0.350,     -1.690,    β:       1.000
α:       1.167,     -0.053,      0.755,     -0.123,     -0.351,     -1.691,    β:       1.000
α:       1.168,     -0.052,      0.756,     -0.123,     -0.353,     -1.692,    β:       1.000
α:       1.167,     -0.052,      0.755,     -0.121,     -0.352,     -1.694,    β:       1.000
α:       1.167,     -0.048,      0.755,     -0.120,     -0.353,     -1.695,    β:       1.000
α:       1.167,     -0.049,      0.755,     -0.121,     -0.353,     -1.697,    β:       1.000
α:       1.167,     -0.050,      0.753,     -0.121,     -0.353,     -1.698,    β:       1.000
α:       1.167,     -0.050,      0.754,     -0.122,     -0.353,     -1.699,    β:       1.000
α:       1.166,     -0.053,      0.755,     -0.122,     -0.353,     -1.701,    β:       1.000
α:       1.165,     -0.049,      0.754,     -0.121,     -0.351,     -1.702,    β:       1.000
α:       1.165,     -0.049,      0.752,     -0.118,     -0.350,     -1.703,    β:       1.000
α:       1.166,     -0.048,      0.753,     -0.117,     -0.351,     -1.705,    β:       1.000
α:       1.167,     -0.049,      0.751,     -0.118,     -0.351,     -1.706,    β:       1.000
α:       1.168,     -0.051,      0.749,     -0.119,     -0.349,     -1.708,    β:       1.000
α:       1.168,     -0.053,      0.751,     -0.118,     -0.349,     -1.710,    β:       1.000
α:       1.170,     -0.052,      0.751,     -0.119,     -0.349,     -1.711,    β:       1.000
α:       1.170,     -0.053,      0.752,     -0.120,     -0.348,     -1.713,    β:       1.000
α:       1.170,     -0.054,      0.752,     -0.119,     -0.349,     -1.715,    β:       1.000
α:       1.170,     -0.055,      0.753,     -0.118,     -0.349,     -1.717,    β:       1.000
α:       1.171,     -0.051,      0.754,     -0.118,     -0.350,     -1.718,    β:       1.000
α:       1.171,     -0.047,      0.755,     -0.117,     -0.351,     -1.719,    β:       1.000
α:       1.172,     -0.047,      0.756,     -0.117,     -0.350,     -1.721,    β:       1.000
α:       1.171,     -0.049,      0.756,     -0.116,     -0.349,     -1.723,    β:       1.000
α:       1.172,     -0.050,      0.757,     -0.115,     -0.350,     -1.723,    β:       1.000
α:       1.172,     -0.054,      0.757,     -0.116,     -0.350,     -1.725,    β:       1.000
α:       1.172,     -0.056,      0.755,     -0.116,     -0.349,     -1.727,    β:       1.000
α:       1.172,     -0.056,      0.756,     -0.116,     -0.349,     -1.729,    β:       1.000
α:       1.173,     -0.056,      0.756,     -0.117,     -0.349,     -1.731,    β:       1.000
α:       1.173,     -0.057,      0.756,     -0.117,     -0.349,     -1.732,    β:       1.000
α:       1.174,     -0.058,      0.757,     -0.117,     -0.349,     -1.733,    β:       1.000
α:       1.173,     -0.060,      0.758,     -0.117,     -0.349,     -1.734,    β:       1.000
α:       1.171,     -0.062,      0.757,     -0.115,     -0.348,     -1.736,    β:       1.000
α:       1.172,     -0.064,      0.757,     -0.117,     -0.348,     -1.738,    β:       1.000
α:       1.172,     -0.062,      0.756,     -0.117,     -0.348,     -1.739,    β:       1.000
α:       1.172,     -0.060,      0.755,     -0.117,     -0.347,     -1.740,    β:       1.000
α:       1.172,     -0.060,      0.756,     -0.118,     -0.347,     -1.742,    β:       1.000
α:       1.173,     -0.059,      0.756,     -0.117,     -0.347,     -1.742,    β:       1.000
α:       1.172,     -0.056,      0.755,     -0.116,     -0.346,     -1.743,    β:       1.000
α:       1.172,     -0.058,      0.754,     -0.116,     -0.347,     -1.744,    β:       1.000
α:       1.172,     -0.055,      0.756,     -0.116,     -0.347,     -1.744,    β:       1.000
α:       1.175,     -0.061,      0.756,     -0.118,     -0.348,     -1.746,    β:       1.000
α:       1.174,     -0.058,      0.756,     -0.117,     -0.348,     -1.748,    β:       1.000
α:       1.174,     -0.056,      0.756,     -0.116,     -0.347,     -1.750,    β:       1.000
α:       1.175,     -0.056,      0.756,     -0.116,     -0.347,     -1.751,    β:       1.000
α:       1.174,     -0.057,      0.755,     -0.115,     -0.346,     -1.753,    β:       1.000
α:       1.173,     -0.055,      0.754,     -0.114,     -0.345,     -1.754,    β:       1.000
α:       1.174,     -0.058,      0.755,     -0.113,     -0.346,     -1.756,    β:       1.000
α:       1.174,     -0.061,      0.756,     -0.115,     -0.346,     -1.758,    β:       1.000
α:       1.174,     -0.059,      0.754,     -0.113,     -0.345,     -1.758,    β:       1.000
α:       1.174,     -0.059,      0.756,     -0.113,     -0.345,     -1.758,    β:       1.000
α:       1.175,     -0.055,      0.756,     -0.113,     -0.345,     -1.759,    β:       1.000
α:       1.175,     -0.057,      0.755,     -0.112,     -0.344,     -1.760,    β:       1.000
α:       1.173,     -0.060,      0.756,     -0.112,     -0.343,     -1.760,    β:       1.000
α:       1.173,     -0.059,      0.755,     -0.110,     -0.343,     -1.761,    β:       1.000
α:       1.173,     -0.060,      0.756,     -0.111,     -0.343,     -1.763,    β:       1.000
α:       1.174,     -0.060,      0.756,     -0.110,     -0.343,     -1.765,    β:       1.000
α:       1.173,     -0.062,      0.757,     -0.110,     -0.343,     -1.767,    β:       1.000
α:       1.173,     -0.060,      0.756,     -0.110,     -0.342,     -1.767,    β:       1.000
α:       1.172,     -0.058,      0.755,     -0.109,     -0.342,     -1.768,    β:       1.000
α:       1.171,     -0.058,      0.756,     -0.109,     -0.342,     -1.770,    β:       1.000
α:       1.172,     -0.061,      0.754,     -0.112,     -0.341,     -1.771,    β:       1.000
α:       1.173,     -0.060,      0.754,     -0.113,     -0.341,     -1.772,    β:       1.000
α:       1.173,     -0.060,      0.754,     -0.113,     -0.342,     -1.774,    β:       1.000
α:       1.174,     -0.062,      0.755,     -0.114,     -0.341,     -1.775,    β:       1.000
α:       1.173,     -0.059,      0.755,     -0.113,     -0.341,     -1.775,    β:       1.000
α:       1.173,     -0.060,      0.754,     -0.113,     -0.341,     -1.777,    β:       1.000
α:       1.172,     -0.058,      0.754,     -0.113,     -0.340,     -1.778,    β:       1.000
α:       1.171,     -0.061,      0.754,     -0.113,     -0.341,     -1.778,    β:       1.000
α:       1.171,     -0.054,      0.754,     -0.111,     -0.341,     -1.779,    β:       1.000
α:       1.171,     -0.052,      0.753,     -0.109,     -0.341,     -1.780,    β:       1.000
α:       1.172,     -0.052,      0.753,     -0.110,     -0.341,     -1.781,    β:       1.000
α:       1.172,     -0.054,      0.754,     -0.110,     -0.341,     -1.782,    β:       1.000
α:       1.172,     -0.051,      0.754,     -0.108,     -0.341,     -1.782,    β:       1.000
α:       1.172,     -0.051,      0.754,     -0.107,     -0.341,     -1.784,    β:       1.000
α:       1.172,     -0.051,      0.755,     -0.107,     -0.340,     -1.785,    β:       1.000
α:       1.173,     -0.052,      0.755,     -0.108,     -0.341,     -1.787,    β:       1.000
α:       1.172,     -0.049,      0.758,     -0.109,     -0.341,     -1.788,    β:       1.000
α:       1.172,     -0.046,      0.757,     -0.109,     -0.340,     -1.789,    β:       1.000
α:       1.172,     -0.047,      0.757,     -0.109,     -0.340,     -1.790,    β:       1.000
α:       1.171,     -0.052,      0.755,     -0.110,     -0.339,     -1.792,    β:       1.000
α:       1.172,     -0.049,      0.756,     -0.111,     -0.340,     -1.792,    β:       1.000
α:       1.172,     -0.053,      0.759,     -0.112,     -0.340,     -1.793,    β:       1.000
α:       1.173,     -0.052,      0.760,     -0.111,     -0.340,     -1.794,    β:       1.000
α:       1.174,     -0.051,      0.761,     -0.113,     -0.340,     -1.795,    β:       1.000
α:       1.174,     -0.056,      0.761,     -0.113,     -0.341,     -1.795,    β:       1.000
α:       1.175,     -0.056,      0.763,     -0.113,     -0.341,     -1.797,    β:       1.000
α:       1.176,     -0.053,      0.762,     -0.112,     -0.342,     -1.798,    β:       1.000
α:       1.176,     -0.052,      0.762,     -0.112,     -0.342,     -1.799,    β:       1.000
α:       1.175,     -0.054,      0.761,     -0.113,     -0.342,     -1.799,    β:       1.000
α:       1.175,     -0.057,      0.760,     -0.114,     -0.341,     -1.801,    β:       1.000
α:       1.175,     -0.053,      0.761,     -0.113,     -0.342,     -1.802,    β:       1.000
α:       1.174,     -0.053,      0.759,     -0.113,     -0.341,     -1.803,    β:       1.000
α:       1.173,     -0.050,      0.760,     -0.112,     -0.341,     -1.802,    β:       1.000
α:       1.175,     -0.050,      0.759,     -0.113,     -0.342,     -1.802,    β:       1.000
α:       1.175,     -0.053,      0.759,     -0.114,     -0.342,     -1.803,    β:       1.000
α:       1.177,     -0.053,      0.758,     -0.112,     -0.341,     -1.804,    β:       1.000
α:       1.177,     -0.050,      0.757,     -0.113,     -0.340,     -1.806,    β:       1.000
α:       1.176,     -0.048,      0.755,     -0.111,     -0.340,     -1.807,    β:       1.000
α:       1.175,     -0.051,      0.757,     -0.110,     -0.339,     -1.807,    β:       1.000
α:       1.176,     -0.049,      0.755,     -0.110,     -0.338,     -1.807,    β:       1.000
α:       1.175,     -0.051,      0.754,     -0.110,     -0.338,     -1.808,    β:       1.000
α:       1.175,     -0.050,      0.755,     -0.110,     -0.338,     -1.809,    β:       1.000
α:       1.175,     -0.052,      0.755,     -0.110,     -0.338,     -1.811,    β:       1.000
α:       1.174,     -0.050,      0.754,     -0.110,     -0.338,     -1.812,    β:       1.000
α:       1.175,     -0.052,      0.755,     -0.110,     -0.338,     -1.812,    β:       1.000
α:       1.174,     -0.050,      0.756,     -0.109,     -0.338,     -1.813,    β:       1.000
α:       1.175,     -0.048,      0.754,     -0.107,     -0.338,     -1.813,    β:       1.000
α:       1.174,     -0.050,      0.755,     -0.107,     -0.338,     -1.814,    β:       1.000
α:       1.174,     -0.051,      0.756,     -0.107,     -0.338,     -1.815,    β:       1.000
α:       1.175,     -0.051,      0.757,     -0.108,     -0.339,     -1.817,    β:       1.000
α:       1.174,     -0.049,      0.758,     -0.107,     -0.338,     -1.817,    β:       1.000
α:       1.175,     -0.051,      0.760,     -0.109,     -0.337,     -1.817,    β:       1.000
α:       1.175,     -0.053,      0.760,     -0.109,     -0.337,     -1.819,    β:       1.000
α:       1.176,     -0.051,      0.759,     -0.108,     -0.336,     -1.819,    β:       1.000
α:       1.175,     -0.052,      0.759,     -0.109,     -0.336,     -1.820,    β:       1.000
α:       1.173,     -0.049,      0.758,     -0.106,     -0.335,     -1.820,    β:       1.000
α:       1.173,     -0.051,      0.760,     -0.107,     -0.335,     -1.821,    β:       1.000
α:       1.172,     -0.048,      0.761,     -0.107,     -0.335,     -1.822,    β:       1.000
α:       1.170,     -0.052,      0.761,     -0.108,     -0.336,     -1.823,    β:       1.000
α:       1.170,     -0.052,      0.762,     -0.108,     -0.337,     -1.824,    β:       1.000
α:       1.171,     -0.053,      0.764,     -0.107,     -0.338,     -1.826,    β:       1.000
α:       1.172,     -0.055,      0.762,     -0.107,     -0.339,     -1.826,    β:       1.000
α:       1.172,     -0.054,      0.762,     -0.107,     -0.338,     -1.827,    β:       1.000
α:       1.172,     -0.053,      0.764,     -0.108,     -0.338,     -1.827,    β:       1.000
α:       1.173,     -0.052,      0.764,     -0.109,     -0.338,     -1.828,    β:       1.000
α:       1.173,     -0.051,      0.764,     -0.107,     -0.337,     -1.830,    β:       1.000
α:       1.172,     -0.050,      0.764,     -0.105,     -0.338,     -1.830,    β:       1.000
α:       1.172,     -0.053,      0.764,     -0.104,     -0.337,     -1.832,    β:       1.000
α:       1.173,     -0.052,      0.763,     -0.104,     -0.337,     -1.832,    β:       1.000
α:       1.173,     -0.049,      0.763,     -0.102,     -0.337,     -1.834,    β:       1.000
α:       1.173,     -0.052,      0.763,     -0.103,     -0.337,     -1.835,    β:       1.000
α:       1.173,     -0.049,      0.763,     -0.102,     -0.336,     -1.835,    β:       1.000
α:       1.173,     -0.050,      0.763,     -0.103,     -0.335,     -1.836,    β:       1.000
α:       1.173,     -0.051,      0.761,     -0.103,     -0.335,     -1.837,    β:       1.000
α:       1.172,     -0.050,      0.762,     -0.101,     -0.336,     -1.838,    β:       1.000
α:       1.172,     -0.049,      0.762,     -0.102,     -0.335,     -1.839,    β:       1.000
α:       1.173,     -0.049,      0.764,     -0.103,     -0.335,     -1.840,    β:       1.000
α:       1.173,     -0.050,      0.762,     -0.103,     -0.336,     -1.840,    β:       1.000
α:       1.173,     -0.051,      0.763,     -0.104,     -0.335,     -1.841,    β:       1.000
α:       1.173,     -0.053,      0.762,     -0.103,     -0.335,     -1.841,    β:       1.000
α:       1.173,     -0.054,      0.761,     -0.103,     -0.334,     -1.841,    β:       1.000
α:       1.173,     -0.051,      0.760,     -0.103,     -0.333,     -1.842,    β:       1.000
α:       1.172,     -0.051,      0.762,     -0.103,     -0.333,     -1.842,    β:       1.000
α:       1.171,     -0.054,      0.761,     -0.104,     -0.334,     -1.843,    β:       1.000
α:       1.171,     -0.050,      0.760,     -0.103,     -0.333,     -1.843,    β:       1.000
α:       1.172,     -0.051,      0.760,     -0.102,     -0.333,     -1.844,    β:       1.000
α:       1.171,     -0.050,      0.759,     -0.102,     -0.334,     -1.844,    β:       1.000
α:       1.170,     -0.049,      0.758,     -0.103,     -0.333,     -1.845,    β:       1.000
α:       1.171,     -0.050,      0.757,     -0.103,     -0.332,     -1.846,    β:       1.000
α:       1.170,     -0.051,      0.756,     -0.104,     -0.333,     -1.846,    β:       1.000
α:       1.170,     -0.053,      0.757,     -0.103,     -0.333,     -1.847,    β:       1.000
α:       1.170,     -0.050,      0.758,     -0.102,     -0.333,     -1.847,    β:       1.000
α:       1.169,     -0.050,      0.755,     -0.101,     -0.333,     -1.847,    β:       1.000
α:       1.169,     -0.047,      0.757,     -0.102,     -0.334,     -1.848,    β:       1.000
α:       1.169,     -0.048,      0.758,     -0.103,     -0.333,     -1.849,    β:       1.000
α:       1.169,     -0.049,      0.759,     -0.103,     -0.334,     -1.849,    β:       1.000
α:       1.170,     -0.052,      0.761,     -0.105,     -0.335,     -1.850,    β:       1.000
α:       1.169,     -0.051,      0.760,     -0.104,     -0.335,     -1.850,    β:       1.000
α:       1.169,     -0.051,      0.761,     -0.103,     -0.334,     -1.852,    β:       1.000
α:       1.171,     -0.043,      0.763,     -0.103,     -0.334,     -1.851,    β:       1.000
α:       1.172,     -0.046,      0.763,     -0.103,     -0.335,     -1.852,    β:       1.000
α:       1.173,     -0.044,      0.763,     -0.104,     -0.335,     -1.852,    β:       1.000
α:       1.173,     -0.045,      0.764,     -0.104,     -0.335,     -1.853,    β:       1.000
α:       1.172,     -0.042,      0.763,     -0.103,     -0.334,     -1.853,    β:       1.000
α:       1.172,     -0.043,      0.763,     -0.102,     -0.335,     -1.855,    β:       1.000
α:       1.172,     -0.045,      0.764,     -0.104,     -0.335,     -1.856,    β:       1.000
α:       1.171,     -0.050,      0.764,     -0.106,     -0.335,     -1.858,    β:       1.000
α:       1.171,     -0.043,      0.762,     -0.104,     -0.334,     -1.858,    β:       1.000
α:       1.170,     -0.041,      0.763,     -0.104,     -0.332,     -1.857,    β:       1.000
α:       1.171,     -0.043,      0.763,     -0.104,     -0.332,     -1.858,    β:       1.000
α:       1.171,     -0.044,      0.764,     -0.105,     -0.332,     -1.857,    β:       1.000
α:       1.171,     -0.044,      0.763,     -0.105,     -0.332,     -1.858,    β:       1.000
α:       1.172,     -0.043,      0.763,     -0.106,     -0.332,     -1.858,    β:       1.000
α:       1.172,     -0.044,      0.762,     -0.107,     -0.332,     -1.859,    β:       1.000
α:       1.172,     -0.049,      0.765,     -0.108,     -0.333,     -1.860,    β:       1.000
α:       1.172,     -0.056,      0.765,     -0.110,     -0.332,     -1.861,    β:       1.000
α:       1.173,     -0.055,      0.765,     -0.111,     -0.333,     -1.863,    β:       1.000
α:       1.174,     -0.055,      0.765,     -0.111,     -0.334,     -1.863,    β:       1.000
α:       1.174,     -0.055,      0.765,     -0.111,     -0.334,     -1.865,    β:       1.000
α:       1.174,     -0.052,      0.763,     -0.109,     -0.333,     -1.865,    β:       1.000
α:       1.176,     -0.050,      0.762,     -0.108,     -0.333,     -1.866,    β:       1.000
α:       1.174,     -0.053,      0.761,     -0.107,     -0.332,     -1.867,    β:       1.000
α:       1.174,     -0.053,      0.763,     -0.108,     -0.332,     -1.867,    β:       1.000
α:       1.175,     -0.052,      0.764,     -0.108,     -0.333,     -1.868,    β:       1.000
α:       1.176,     -0.049,      0.763,     -0.107,     -0.333,     -1.869,    β:       1.000
α:       1.176,     -0.051,      0.764,     -0.107,     -0.333,     -1.871,    β:       1.000
α:       1.175,     -0.051,      0.761,     -0.107,     -0.332,     -1.871,    β:       1.000
α:       1.176,     -0.055,      0.761,     -0.108,     -0.333,     -1.871,    β:       1.000
α:       1.177,     -0.054,      0.760,     -0.107,     -0.333,     -1.872,    β:       1.000
α:       1.176,     -0.055,      0.762,     -0.107,     -0.332,     -1.873,    β:       1.000
α:       1.176,     -0.055,      0.761,     -0.106,     -0.332,     -1.873,    β:       1.000
α:       1.176,     -0.054,      0.762,     -0.106,     -0.333,     -1.873,    β:       1.000
α:       1.176,     -0.052,      0.762,     -0.104,     -0.333,     -1.873,    β:       1.000
α:       1.175,     -0.051,      0.761,     -0.105,     -0.333,     -1.873,    β:       1.000
α:       1.174,     -0.051,      0.763,     -0.103,     -0.334,     -1.873,    β:       1.000
α:       1.175,     -0.052,      0.763,     -0.103,     -0.333,     -1.874,    β:       1.000
α:       1.174,     -0.054,      0.763,     -0.104,     -0.333,     -1.875,    β:       1.000
α:       1.174,     -0.054,      0.765,     -0.106,     -0.332,     -1.875,    β:       1.000
α:       1.174,     -0.053,      0.765,     -0.106,     -0.333,     -1.875,    β:       1.000
α:       1.174,     -0.053,      0.767,     -0.106,     -0.333,     -1.875,    β:       1.000
α:       1.174,     -0.054,      0.768,     -0.107,     -0.333,     -1.875,    β:       1.000
α:       1.175,     -0.049,      0.769,     -0.106,     -0.333,     -1.876,    β:       1.000
α:       1.175,     -0.049,      0.770,     -0.105,     -0.333,     -1.876,    β:       1.000
α:       1.176,     -0.049,      0.768,     -0.106,     -0.332,     -1.877,    β:       1.000
α:       1.176,     -0.046,      0.767,     -0.107,     -0.331,     -1.876,    β:       1.000
α:       1.174,     -0.043,      0.767,     -0.105,     -0.330,     -1.876,    β:       1.000
α:       1.175,     -0.043,      0.767,     -0.106,     -0.330,     -1.877,    β:       1.000
α:       1.177,     -0.043,      0.768,     -0.105,     -0.332,     -1.877,    β:       1.000
