α0:     -1.656,      0.941,     -0.055,      0.072,      2.226,      0.073,    β0:      1.000
α:      -0.119,      0.106,     -0.085,      0.055,      0.062,     -0.046,    β:       1.000
α:      -0.199,      0.179,     -0.138,      0.092,      0.104,     -0.074,    β:       1.000
α:      -0.263,      0.233,     -0.180,      0.120,      0.139,     -0.093,    β:       1.000
α:      -0.317,      0.280,     -0.205,      0.144,      0.169,     -0.107,    β:       1.000
α:      -0.363,      0.317,     -0.226,      0.163,      0.195,     -0.120,    β:       1.000
α:      -0.406,      0.352,     -0.242,      0.181,      0.219,     -0.130,    β:       1.000
α:      -0.442,      0.382,     -0.257,      0.196,      0.240,     -0.138,    β:       1.000
α:      -0.478,      0.405,     -0.270,      0.209,      0.260,     -0.145,    β:       1.000
α:      -0.511,      0.428,     -0.279,      0.220,      0.278,     -0.149,    β:       1.000
α:      -0.541,      0.447,     -0.287,      0.229,      0.296,     -0.154,    β:       1.000
α:      -0.570,      0.465,     -0.293,      0.240,      0.312,     -0.159,    β:       1.000
α:      -0.595,      0.483,     -0.299,      0.250,      0.328,     -0.162,    β:       1.000
α:      -0.619,      0.500,     -0.304,      0.259,      0.343,     -0.165,    β:       1.000
α:      -0.645,      0.515,     -0.309,      0.266,      0.357,     -0.169,    β:       1.000
α:      -0.666,      0.530,     -0.310,      0.274,      0.371,     -0.169,    β:       1.000
α:      -0.686,      0.543,     -0.312,      0.281,      0.385,     -0.173,    β:       1.000
α:      -0.709,      0.555,     -0.313,      0.288,      0.398,     -0.174,    β:       1.000
α:      -0.728,      0.568,     -0.313,      0.295,      0.410,     -0.176,    β:       1.000
α:      -0.746,      0.580,     -0.313,      0.302,      0.421,     -0.177,    β:       1.000
α:      -0.763,      0.591,     -0.314,      0.307,      0.433,     -0.178,    β:       1.000
α:      -0.780,      0.600,     -0.317,      0.312,      0.446,     -0.179,    β:       1.000
α:      -0.798,      0.610,     -0.314,      0.316,      0.458,     -0.178,    β:       1.000
α:      -0.813,      0.617,     -0.313,      0.320,      0.469,     -0.178,    β:       1.000
α:      -0.828,      0.627,     -0.313,      0.324,      0.479,     -0.178,    β:       1.000
α:      -0.843,      0.636,     -0.315,      0.329,      0.491,     -0.178,    β:       1.000
α:      -0.857,      0.645,     -0.313,      0.333,      0.501,     -0.178,    β:       1.000
α:      -0.872,      0.653,     -0.313,      0.336,      0.511,     -0.177,    β:       1.000
α:      -0.883,      0.660,     -0.311,      0.339,      0.521,     -0.177,    β:       1.000
α:      -0.896,      0.667,     -0.311,      0.342,      0.531,     -0.176,    β:       1.000
α:      -0.908,      0.674,     -0.308,      0.345,      0.540,     -0.176,    β:       1.000
α:      -0.922,      0.679,     -0.310,      0.348,      0.550,     -0.177,    β:       1.000
α:      -0.933,      0.684,     -0.305,      0.351,      0.558,     -0.175,    β:       1.000
α:      -0.944,      0.689,     -0.301,      0.353,      0.566,     -0.173,    β:       1.000
α:      -0.955,      0.696,     -0.297,      0.355,      0.575,     -0.171,    β:       1.000
α:      -0.966,      0.701,     -0.296,      0.357,      0.584,     -0.171,    β:       1.000
α:      -0.976,      0.706,     -0.297,      0.359,      0.593,     -0.169,    β:       1.000
α:      -0.987,      0.711,     -0.294,      0.361,      0.601,     -0.168,    β:       1.000
α:      -0.998,      0.716,     -0.295,      0.364,      0.610,     -0.167,    β:       1.000
α:      -1.008,      0.721,     -0.294,      0.365,      0.619,     -0.165,    β:       1.000
α:      -1.017,      0.723,     -0.293,      0.366,      0.628,     -0.163,    β:       1.000
α:      -1.026,      0.726,     -0.291,      0.368,      0.636,     -0.163,    β:       1.000
α:      -1.034,      0.730,     -0.290,      0.368,      0.645,     -0.163,    β:       1.000
α:      -1.044,      0.733,     -0.290,      0.369,      0.654,     -0.162,    β:       1.000
α:      -1.053,      0.737,     -0.289,      0.371,      0.662,     -0.159,    β:       1.000
α:      -1.061,      0.741,     -0.288,      0.373,      0.669,     -0.160,    β:       1.000
α:      -1.071,      0.744,     -0.288,      0.375,      0.678,     -0.159,    β:       1.000
α:      -1.079,      0.748,     -0.287,      0.376,      0.685,     -0.157,    β:       1.000
α:      -1.087,      0.751,     -0.284,      0.377,      0.693,     -0.154,    β:       1.000
α:      -1.095,      0.754,     -0.283,      0.379,      0.701,     -0.154,    β:       1.000
α:      -1.103,      0.757,     -0.278,      0.380,      0.707,     -0.152,    β:       1.000
α:      -1.113,      0.759,     -0.276,      0.381,      0.715,     -0.150,    β:       1.000
α:      -1.120,      0.763,     -0.275,      0.383,      0.722,     -0.147,    β:       1.000
α:      -1.128,      0.767,     -0.274,      0.383,      0.730,     -0.146,    β:       1.000
α:      -1.134,      0.769,     -0.273,      0.383,      0.737,     -0.144,    β:       1.000
α:      -1.142,      0.771,     -0.271,      0.384,      0.744,     -0.142,    β:       1.000
α:      -1.148,      0.773,     -0.268,      0.385,      0.751,     -0.140,    β:       1.000
α:      -1.155,      0.776,     -0.267,      0.385,      0.758,     -0.139,    β:       1.000
α:      -1.160,      0.777,     -0.267,      0.385,      0.765,     -0.138,    β:       1.000
α:      -1.167,      0.780,     -0.266,      0.386,      0.772,     -0.137,    β:       1.000
α:      -1.173,      0.784,     -0.266,      0.386,      0.778,     -0.135,    β:       1.000
α:      -1.179,      0.785,     -0.265,      0.387,      0.785,     -0.134,    β:       1.000
α:      -1.185,      0.787,     -0.270,      0.386,      0.792,     -0.134,    β:       1.000
α:      -1.192,      0.787,     -0.266,      0.385,      0.799,     -0.130,    β:       1.000
α:      -1.197,      0.790,     -0.266,      0.386,      0.805,     -0.129,    β:       1.000
α:      -1.203,      0.792,     -0.266,      0.386,      0.812,     -0.127,    β:       1.000
α:      -1.209,      0.795,     -0.266,      0.387,      0.818,     -0.126,    β:       1.000
α:      -1.215,      0.797,     -0.263,      0.388,      0.824,     -0.125,    β:       1.000
α:      -1.221,      0.801,     -0.262,      0.389,      0.830,     -0.125,    β:       1.000
α:      -1.227,      0.802,     -0.263,      0.388,      0.836,     -0.123,    β:       1.000
α:      -1.233,      0.806,     -0.263,      0.389,      0.843,     -0.121,    β:       1.000
α:      -1.237,      0.806,     -0.262,      0.388,      0.849,     -0.120,    β:       1.000
α:      -1.242,      0.809,     -0.261,      0.388,      0.854,     -0.119,    β:       1.000
α:      -1.247,      0.812,     -0.260,      0.389,      0.860,     -0.118,    β:       1.000
α:      -1.253,      0.815,     -0.257,      0.390,      0.866,     -0.119,    β:       1.000
α:      -1.257,      0.817,     -0.255,      0.389,      0.872,     -0.117,    β:       1.000
α:      -1.262,      0.820,     -0.256,      0.389,      0.879,     -0.116,    β:       1.000
α:      -1.267,      0.822,     -0.256,      0.389,      0.885,     -0.113,    β:       1.000
α:      -1.272,      0.820,     -0.253,      0.389,      0.891,     -0.110,    β:       1.000
α:      -1.276,      0.821,     -0.251,      0.388,      0.896,     -0.109,    β:       1.000
α:      -1.281,      0.822,     -0.250,      0.387,      0.902,     -0.108,    β:       1.000
α:      -1.284,      0.824,     -0.252,      0.388,      0.908,     -0.106,    β:       1.000
α:      -1.288,      0.826,     -0.251,      0.388,      0.914,     -0.105,    β:       1.000
α:      -1.293,      0.827,     -0.252,      0.388,      0.919,     -0.103,    β:       1.000
α:      -1.297,      0.828,     -0.251,      0.387,      0.924,     -0.102,    β:       1.000
α:      -1.302,      0.829,     -0.248,      0.387,      0.929,     -0.100,    β:       1.000
α:      -1.304,      0.830,     -0.252,      0.386,      0.934,     -0.099,    β:       1.000
α:      -1.308,      0.832,     -0.249,      0.386,      0.940,     -0.097,    β:       1.000
α:      -1.312,      0.832,     -0.246,      0.386,      0.945,     -0.094,    β:       1.000
α:      -1.317,      0.834,     -0.247,      0.385,      0.950,     -0.092,    β:       1.000
α:      -1.321,      0.834,     -0.246,      0.384,      0.956,     -0.090,    β:       1.000
α:      -1.325,      0.834,     -0.244,      0.383,      0.961,     -0.089,    β:       1.000
α:      -1.329,      0.835,     -0.240,      0.383,      0.967,     -0.087,    β:       1.000
α:      -1.333,      0.835,     -0.238,      0.382,      0.972,     -0.086,    β:       1.000
α:      -1.337,      0.835,     -0.237,      0.380,      0.977,     -0.085,    β:       1.000
α:      -1.340,      0.837,     -0.238,      0.380,      0.982,     -0.085,    β:       1.000
α:      -1.343,      0.837,     -0.236,      0.379,      0.987,     -0.083,    β:       1.000
α:      -1.345,      0.840,     -0.232,      0.380,      0.992,     -0.082,    β:       1.000
α:      -1.348,      0.840,     -0.231,      0.378,      0.997,     -0.080,    β:       1.000
α:      -1.351,      0.840,     -0.232,      0.378,      1.003,     -0.079,    β:       1.000
α:      -1.354,      0.840,     -0.232,      0.377,      1.008,     -0.077,    β:       1.000
α:      -1.357,      0.841,     -0.234,      0.377,      1.013,     -0.076,    β:       1.000
α:      -1.359,      0.843,     -0.233,      0.376,      1.018,     -0.075,    β:       1.000
α:      -1.362,      0.844,     -0.230,      0.376,      1.023,     -0.075,    β:       1.000
α:      -1.365,      0.845,     -0.230,      0.375,      1.028,     -0.074,    β:       1.000
α:      -1.367,      0.846,     -0.232,      0.374,      1.033,     -0.074,    β:       1.000
α:      -1.369,      0.846,     -0.231,      0.373,      1.037,     -0.072,    β:       1.000
α:      -1.373,      0.847,     -0.231,      0.372,      1.042,     -0.070,    β:       1.000
α:      -1.377,      0.848,     -0.227,      0.372,      1.046,     -0.067,    β:       1.000
α:      -1.379,      0.848,     -0.227,      0.370,      1.051,     -0.066,    β:       1.000
α:      -1.382,      0.848,     -0.226,      0.369,      1.056,     -0.064,    β:       1.000
α:      -1.385,      0.846,     -0.226,      0.368,      1.060,     -0.064,    β:       1.000
α:      -1.388,      0.846,     -0.224,      0.368,      1.065,     -0.064,    β:       1.000
α:      -1.390,      0.847,     -0.223,      0.368,      1.069,     -0.063,    β:       1.000
α:      -1.393,      0.847,     -0.221,      0.367,      1.074,     -0.060,    β:       1.000
α:      -1.395,      0.846,     -0.218,      0.366,      1.078,     -0.058,    β:       1.000
α:      -1.398,      0.847,     -0.218,      0.365,      1.083,     -0.058,    β:       1.000
α:      -1.401,      0.848,     -0.215,      0.365,      1.087,     -0.058,    β:       1.000
α:      -1.404,      0.846,     -0.220,      0.365,      1.092,     -0.057,    β:       1.000
α:      -1.406,      0.847,     -0.222,      0.365,      1.097,     -0.056,    β:       1.000
α:      -1.408,      0.849,     -0.222,      0.363,      1.102,     -0.056,    β:       1.000
α:      -1.412,      0.850,     -0.222,      0.364,      1.106,     -0.055,    β:       1.000
α:      -1.415,      0.849,     -0.221,      0.362,      1.111,     -0.053,    β:       1.000
α:      -1.418,      0.849,     -0.222,      0.361,      1.115,     -0.052,    β:       1.000
α:      -1.420,      0.850,     -0.221,      0.360,      1.119,     -0.051,    β:       1.000
α:      -1.422,      0.850,     -0.219,      0.360,      1.124,     -0.050,    β:       1.000
α:      -1.426,      0.851,     -0.221,      0.360,      1.128,     -0.049,    β:       1.000
α:      -1.427,      0.850,     -0.219,      0.359,      1.133,     -0.047,    β:       1.000
α:      -1.429,      0.850,     -0.218,      0.358,      1.136,     -0.044,    β:       1.000
α:      -1.431,      0.851,     -0.218,      0.358,      1.140,     -0.045,    β:       1.000
α:      -1.432,      0.852,     -0.217,      0.358,      1.145,     -0.044,    β:       1.000
α:      -1.433,      0.853,     -0.216,      0.357,      1.149,     -0.043,    β:       1.000
α:      -1.435,      0.854,     -0.216,      0.356,      1.153,     -0.041,    β:       1.000
α:      -1.436,      0.855,     -0.215,      0.355,      1.157,     -0.041,    β:       1.000
α:      -1.438,      0.857,     -0.215,      0.355,      1.162,     -0.041,    β:       1.000
α:      -1.441,      0.856,     -0.212,      0.355,      1.166,     -0.039,    β:       1.000
α:      -1.444,      0.857,     -0.210,      0.355,      1.170,     -0.039,    β:       1.000
α:      -1.444,      0.857,     -0.214,      0.354,      1.174,     -0.039,    β:       1.000
α:      -1.446,      0.858,     -0.212,      0.354,      1.179,     -0.038,    β:       1.000
α:      -1.449,      0.859,     -0.214,      0.353,      1.183,     -0.038,    β:       1.000
α:      -1.452,      0.860,     -0.212,      0.353,      1.187,     -0.038,    β:       1.000
α:      -1.452,      0.861,     -0.213,      0.351,      1.190,     -0.037,    β:       1.000
α:      -1.454,      0.862,     -0.212,      0.351,      1.195,     -0.035,    β:       1.000
α:      -1.456,      0.862,     -0.210,      0.351,      1.198,     -0.034,    β:       1.000
α:      -1.458,      0.862,     -0.208,      0.350,      1.202,     -0.031,    β:       1.000
α:      -1.460,      0.862,     -0.211,      0.349,      1.206,     -0.031,    β:       1.000
α:      -1.460,      0.862,     -0.213,      0.349,      1.210,     -0.031,    β:       1.000
α:      -1.463,      0.862,     -0.212,      0.349,      1.214,     -0.030,    β:       1.000
α:      -1.465,      0.862,     -0.212,      0.347,      1.218,     -0.028,    β:       1.000
α:      -1.467,      0.867,     -0.213,      0.348,      1.222,     -0.030,    β:       1.000
α:      -1.469,      0.866,     -0.212,      0.348,      1.226,     -0.028,    β:       1.000
α:      -1.471,      0.864,     -0.211,      0.346,      1.230,     -0.026,    β:       1.000
α:      -1.472,      0.864,     -0.211,      0.345,      1.233,     -0.025,    β:       1.000
α:      -1.474,      0.864,     -0.210,      0.344,      1.237,     -0.023,    β:       1.000
α:      -1.475,      0.865,     -0.209,      0.343,      1.240,     -0.023,    β:       1.000
α:      -1.477,      0.865,     -0.209,      0.344,      1.244,     -0.024,    β:       1.000
α:      -1.478,      0.865,     -0.208,      0.342,      1.248,     -0.024,    β:       1.000
α:      -1.480,      0.865,     -0.207,      0.342,      1.252,     -0.023,    β:       1.000
α:      -1.481,      0.866,     -0.205,      0.342,      1.255,     -0.021,    β:       1.000
α:      -1.483,      0.866,     -0.208,      0.340,      1.260,     -0.020,    β:       1.000
α:      -1.484,      0.866,     -0.203,      0.339,      1.263,     -0.018,    β:       1.000
α:      -1.486,      0.866,     -0.202,      0.338,      1.266,     -0.019,    β:       1.000
α:      -1.488,      0.865,     -0.207,      0.337,      1.269,     -0.019,    β:       1.000
α:      -1.490,      0.866,     -0.204,      0.337,      1.272,     -0.018,    β:       1.000
α:      -1.492,      0.866,     -0.201,      0.336,      1.275,     -0.017,    β:       1.000
α:      -1.492,      0.867,     -0.198,      0.335,      1.278,     -0.016,    β:       1.000
α:      -1.494,      0.867,     -0.200,      0.335,      1.282,     -0.015,    β:       1.000
α:      -1.494,      0.868,     -0.198,      0.334,      1.285,     -0.014,    β:       1.000
α:      -1.494,      0.871,     -0.198,      0.333,      1.288,     -0.014,    β:       1.000
α:      -1.496,      0.872,     -0.197,      0.332,      1.292,     -0.014,    β:       1.000
α:      -1.496,      0.873,     -0.197,      0.331,      1.295,     -0.015,    β:       1.000
α:      -1.497,      0.874,     -0.193,      0.330,      1.298,     -0.014,    β:       1.000
α:      -1.499,      0.874,     -0.193,      0.329,      1.302,     -0.015,    β:       1.000
α:      -1.500,      0.874,     -0.195,      0.329,      1.306,     -0.014,    β:       1.000
α:      -1.503,      0.873,     -0.194,      0.328,      1.309,     -0.015,    β:       1.000
α:      -1.504,      0.874,     -0.190,      0.327,      1.312,     -0.012,    β:       1.000
α:      -1.505,      0.874,     -0.189,      0.325,      1.315,     -0.011,    β:       1.000
α:      -1.507,      0.875,     -0.189,      0.324,      1.318,     -0.008,    β:       1.000
α:      -1.508,      0.876,     -0.191,      0.323,      1.322,     -0.007,    β:       1.000
α:      -1.508,      0.876,     -0.191,      0.323,      1.325,     -0.006,    β:       1.000
α:      -1.509,      0.876,     -0.190,      0.323,      1.328,     -0.006,    β:       1.000
α:      -1.510,      0.875,     -0.191,      0.322,      1.331,     -0.005,    β:       1.000
α:      -1.512,      0.876,     -0.195,      0.322,      1.335,     -0.006,    β:       1.000
α:      -1.514,      0.875,     -0.195,      0.321,      1.338,     -0.006,    β:       1.000
α:      -1.514,      0.876,     -0.195,      0.320,      1.342,     -0.007,    β:       1.000
α:      -1.516,      0.876,     -0.194,      0.319,      1.345,     -0.007,    β:       1.000
α:      -1.518,      0.877,     -0.196,      0.318,      1.349,     -0.007,    β:       1.000
α:      -1.517,      0.878,     -0.193,      0.317,      1.352,     -0.006,    β:       1.000
α:      -1.519,      0.878,     -0.189,      0.316,      1.354,     -0.005,    β:       1.000
α:      -1.520,      0.876,     -0.190,      0.316,      1.357,     -0.004,    β:       1.000
α:      -1.522,      0.876,     -0.190,      0.314,      1.361,     -0.004,    β:       1.000
α:      -1.523,      0.876,     -0.187,      0.314,      1.363,     -0.003,    β:       1.000
α:      -1.525,      0.875,     -0.186,      0.313,      1.366,     -0.002,    β:       1.000
α:      -1.526,      0.874,     -0.185,      0.313,      1.369,     -0.003,    β:       1.000
α:      -1.528,      0.875,     -0.188,      0.312,      1.372,     -0.003,    β:       1.000
α:      -1.529,      0.878,     -0.186,      0.312,      1.375,     -0.003,    β:       1.000
α:      -1.529,      0.880,     -0.186,      0.310,      1.379,     -0.004,    β:       1.000
α:      -1.530,      0.880,     -0.188,      0.309,      1.382,     -0.004,    β:       1.000
α:      -1.532,      0.881,     -0.188,      0.309,      1.385,     -0.004,    β:       1.000
α:      -1.534,      0.882,     -0.186,      0.308,      1.387,     -0.005,    β:       1.000
α:      -1.535,      0.882,     -0.186,      0.308,      1.391,     -0.004,    β:       1.000
α:      -1.537,      0.881,     -0.185,      0.307,      1.394,     -0.004,    β:       1.000
α:      -1.537,      0.881,     -0.182,      0.306,      1.396,     -0.004,    β:       1.000
α:      -1.538,      0.883,     -0.180,      0.306,      1.399,     -0.003,    β:       1.000
α:      -1.539,      0.883,     -0.183,      0.305,      1.402,     -0.002,    β:       1.000
α:      -1.540,      0.884,     -0.183,      0.305,      1.405,     -0.003,    β:       1.000
α:      -1.541,      0.881,     -0.186,      0.303,      1.408,     -0.002,    β:       1.000
α:      -1.541,      0.880,     -0.184,      0.302,      1.412,     -0.001,    β:       1.000
α:      -1.542,      0.880,     -0.183,      0.301,      1.414,     -0.002,    β:       1.000
α:      -1.542,      0.880,     -0.184,      0.300,      1.417,     -0.001,    β:       1.000
α:      -1.544,      0.879,     -0.185,      0.300,      1.419,     -0.001,    β:       1.000
α:      -1.545,      0.881,     -0.186,      0.299,      1.422,     -0.001,    β:       1.000
α:      -1.545,      0.884,     -0.185,      0.299,      1.425,     -0.001,    β:       1.000
α:      -1.545,      0.885,     -0.187,      0.299,      1.428,     -0.001,    β:       1.000
α:      -1.547,      0.885,     -0.187,      0.299,      1.430,      0.000,    β:       1.000
α:      -1.547,      0.884,     -0.185,      0.297,      1.433,      0.000,    β:       1.000
α:      -1.548,      0.883,     -0.182,      0.297,      1.435,     -0.000,    β:       1.000
α:      -1.549,      0.883,     -0.180,      0.297,      1.438,      0.002,    β:       1.000
α:      -1.549,      0.883,     -0.182,      0.296,      1.441,      0.002,    β:       1.000
α:      -1.549,      0.884,     -0.179,      0.295,      1.444,      0.001,    β:       1.000
α:      -1.549,      0.886,     -0.181,      0.294,      1.447,      0.003,    β:       1.000
α:      -1.550,      0.887,     -0.185,      0.295,      1.450,      0.004,    β:       1.000
α:      -1.550,      0.889,     -0.183,      0.295,      1.453,      0.004,    β:       1.000
α:      -1.551,      0.888,     -0.182,      0.295,      1.456,      0.005,    β:       1.000
α:      -1.552,      0.888,     -0.184,      0.295,      1.459,      0.007,    β:       1.000
α:      -1.554,      0.888,     -0.183,      0.294,      1.460,      0.005,    β:       1.000
α:      -1.556,      0.887,     -0.185,      0.293,      1.463,      0.006,    β:       1.000
α:      -1.556,      0.888,     -0.183,      0.293,      1.465,      0.006,    β:       1.000
α:      -1.556,      0.887,     -0.180,      0.292,      1.468,      0.005,    β:       1.000
α:      -1.557,      0.888,     -0.177,      0.291,      1.470,      0.004,    β:       1.000
α:      -1.558,      0.889,     -0.178,      0.290,      1.473,      0.004,    β:       1.000
α:      -1.559,      0.890,     -0.179,      0.288,      1.476,      0.001,    β:       1.000
α:      -1.560,      0.891,     -0.181,      0.288,      1.479,      0.003,    β:       1.000
α:      -1.560,      0.890,     -0.178,      0.286,      1.480,      0.001,    β:       1.000
α:      -1.561,      0.892,     -0.174,      0.286,      1.483,      0.001,    β:       1.000
α:      -1.562,      0.892,     -0.174,      0.285,      1.485,      0.001,    β:       1.000
α:      -1.563,      0.891,     -0.175,      0.285,      1.488,      0.002,    β:       1.000
α:      -1.564,      0.893,     -0.176,      0.285,      1.490,      0.001,    β:       1.000
α:      -1.565,      0.893,     -0.174,      0.285,      1.492,      0.001,    β:       1.000
α:      -1.566,      0.892,     -0.174,      0.284,      1.494,      0.000,    β:       1.000
α:      -1.567,      0.892,     -0.174,      0.282,      1.497,      0.001,    β:       1.000
α:      -1.568,      0.891,     -0.175,      0.281,      1.500,      0.001,    β:       1.000
α:      -1.569,      0.891,     -0.173,      0.280,      1.502,      0.000,    β:       1.000
α:      -1.570,      0.893,     -0.173,      0.281,      1.505,      0.002,    β:       1.000
α:      -1.571,      0.894,     -0.172,      0.281,      1.507,      0.001,    β:       1.000
α:      -1.572,      0.893,     -0.171,      0.280,      1.509,      0.002,    β:       1.000
α:      -1.573,      0.894,     -0.170,      0.280,      1.512,      0.003,    β:       1.000
α:      -1.574,      0.895,     -0.172,      0.279,      1.514,      0.003,    β:       1.000
α:      -1.573,      0.896,     -0.173,      0.278,      1.517,      0.003,    β:       1.000
α:      -1.574,      0.895,     -0.173,      0.276,      1.520,      0.002,    β:       1.000
α:      -1.575,      0.897,     -0.171,      0.276,      1.522,      0.002,    β:       1.000
α:      -1.574,      0.897,     -0.171,      0.276,      1.524,      0.003,    β:       1.000
α:      -1.575,      0.898,     -0.172,      0.276,      1.527,      0.003,    β:       1.000
α:      -1.575,      0.899,     -0.171,      0.275,      1.529,      0.003,    β:       1.000
α:      -1.576,      0.900,     -0.170,      0.275,      1.531,      0.004,    β:       1.000
α:      -1.576,      0.899,     -0.172,      0.275,      1.534,      0.005,    β:       1.000
α:      -1.577,      0.900,     -0.173,      0.274,      1.536,      0.006,    β:       1.000
α:      -1.576,      0.899,     -0.171,      0.274,      1.538,      0.006,    β:       1.000
α:      -1.577,      0.899,     -0.172,      0.274,      1.540,      0.007,    β:       1.000
α:      -1.578,      0.897,     -0.170,      0.273,      1.543,      0.006,    β:       1.000
α:      -1.578,      0.898,     -0.168,      0.273,      1.545,      0.005,    β:       1.000
α:      -1.578,      0.896,     -0.166,      0.272,      1.547,      0.005,    β:       1.000
α:      -1.577,      0.897,     -0.168,      0.271,      1.549,      0.006,    β:       1.000
α:      -1.577,      0.898,     -0.164,      0.271,      1.551,      0.005,    β:       1.000
α:      -1.576,      0.897,     -0.162,      0.269,      1.553,      0.003,    β:       1.000
α:      -1.575,      0.897,     -0.159,      0.268,      1.556,      0.003,    β:       1.000
α:      -1.576,      0.899,     -0.157,      0.268,      1.558,      0.004,    β:       1.000
α:      -1.577,      0.898,     -0.157,      0.268,      1.560,      0.003,    β:       1.000
α:      -1.577,      0.898,     -0.156,      0.267,      1.562,      0.003,    β:       1.000
α:      -1.576,      0.899,     -0.158,      0.267,      1.564,      0.004,    β:       1.000
α:      -1.576,      0.900,     -0.156,      0.267,      1.567,      0.005,    β:       1.000
α:      -1.576,      0.899,     -0.156,      0.266,      1.569,      0.004,    β:       1.000
α:      -1.576,      0.899,     -0.158,      0.266,      1.571,      0.004,    β:       1.000
α:      -1.576,      0.900,     -0.159,      0.265,      1.573,      0.004,    β:       1.000
α:      -1.576,      0.900,     -0.158,      0.265,      1.576,      0.004,    β:       1.000
α:      -1.577,      0.899,     -0.161,      0.263,      1.578,      0.003,    β:       1.000
α:      -1.578,      0.898,     -0.158,      0.262,      1.579,      0.002,    β:       1.000
α:      -1.579,      0.898,     -0.157,      0.263,      1.581,      0.002,    β:       1.000
α:      -1.581,      0.897,     -0.159,      0.263,      1.582,      0.002,    β:       1.000
α:      -1.581,      0.899,     -0.157,      0.262,      1.584,      0.002,    β:       1.000
α:      -1.582,      0.898,     -0.157,      0.263,      1.586,      0.003,    β:       1.000
α:      -1.583,      0.897,     -0.158,      0.262,      1.589,      0.003,    β:       1.000
α:      -1.582,      0.897,     -0.159,      0.262,      1.591,      0.005,    β:       1.000
α:      -1.582,      0.897,     -0.160,      0.262,      1.593,      0.005,    β:       1.000
α:      -1.584,      0.897,     -0.160,      0.261,      1.594,      0.005,    β:       1.000
α:      -1.584,      0.896,     -0.158,      0.261,      1.597,      0.005,    β:       1.000
α:      -1.585,      0.899,     -0.157,      0.261,      1.598,      0.005,    β:       1.000
α:      -1.585,      0.899,     -0.156,      0.260,      1.600,      0.005,    β:       1.000
α:      -1.585,      0.900,     -0.154,      0.260,      1.603,      0.004,    β:       1.000
α:      -1.586,      0.901,     -0.157,      0.260,      1.605,      0.005,    β:       1.000
α:      -1.586,      0.899,     -0.155,      0.260,      1.607,      0.005,    β:       1.000
α:      -1.586,      0.897,     -0.154,      0.259,      1.608,      0.005,    β:       1.000
α:      -1.586,      0.899,     -0.150,      0.259,      1.610,      0.003,    β:       1.000
α:      -1.587,      0.900,     -0.150,      0.259,      1.611,      0.003,    β:       1.000
α:      -1.588,      0.901,     -0.150,      0.259,      1.613,      0.004,    β:       1.000
α:      -1.589,      0.903,     -0.148,      0.260,      1.615,      0.005,    β:       1.000
α:      -1.589,      0.902,     -0.147,      0.259,      1.617,      0.004,    β:       1.000
α:      -1.590,      0.902,     -0.145,      0.259,      1.619,      0.005,    β:       1.000
α:      -1.591,      0.902,     -0.145,      0.259,      1.621,      0.004,    β:       1.000
α:      -1.590,      0.903,     -0.142,      0.259,      1.622,      0.005,    β:       1.000
α:      -1.591,      0.902,     -0.140,      0.258,      1.624,      0.003,    β:       1.000
α:      -1.592,      0.901,     -0.141,      0.258,      1.626,      0.003,    β:       1.000
α:      -1.592,      0.901,     -0.144,      0.258,      1.628,      0.004,    β:       1.000
α:      -1.592,      0.902,     -0.143,      0.258,      1.630,      0.005,    β:       1.000
α:      -1.592,      0.902,     -0.142,      0.257,      1.632,      0.005,    β:       1.000
α:      -1.592,      0.902,     -0.145,      0.258,      1.634,      0.004,    β:       1.000
α:      -1.593,      0.904,     -0.145,      0.257,      1.636,      0.003,    β:       1.000
α:      -1.592,      0.904,     -0.147,      0.256,      1.638,      0.003,    β:       1.000
α:      -1.593,      0.903,     -0.151,      0.256,      1.640,      0.004,    β:       1.000
α:      -1.594,      0.903,     -0.144,      0.256,      1.642,      0.002,    β:       1.000
α:      -1.593,      0.902,     -0.143,      0.255,      1.643,      0.001,    β:       1.000
α:      -1.593,      0.902,     -0.144,      0.255,      1.645,      0.002,    β:       1.000
α:      -1.593,      0.903,     -0.144,      0.255,      1.647,      0.002,    β:       1.000
α:      -1.594,      0.904,     -0.142,      0.255,      1.649,      0.000,    β:       1.000
α:      -1.593,      0.903,     -0.143,      0.255,      1.651,     -0.000,    β:       1.000
α:      -1.593,      0.904,     -0.144,      0.253,      1.653,     -0.000,    β:       1.000
α:      -1.594,      0.902,     -0.145,      0.252,      1.655,     -0.000,    β:       1.000
α:      -1.594,      0.903,     -0.145,      0.252,      1.656,      0.000,    β:       1.000
α:      -1.595,      0.904,     -0.144,      0.252,      1.658,      0.000,    β:       1.000
α:      -1.597,      0.904,     -0.145,      0.252,      1.661,      0.002,    β:       1.000
α:      -1.597,      0.903,     -0.145,      0.251,      1.662,      0.002,    β:       1.000
α:      -1.597,      0.904,     -0.145,      0.252,      1.665,      0.003,    β:       1.000
α:      -1.597,      0.905,     -0.145,      0.251,      1.667,      0.003,    β:       1.000
α:      -1.597,      0.905,     -0.144,      0.250,      1.669,      0.002,    β:       1.000
α:      -1.596,      0.906,     -0.143,      0.250,      1.670,      0.001,    β:       1.000
α:      -1.598,      0.906,     -0.146,      0.249,      1.673,      0.001,    β:       1.000
α:      -1.598,      0.908,     -0.147,      0.249,      1.675,      0.002,    β:       1.000
α:      -1.598,      0.906,     -0.147,      0.246,      1.677,     -0.000,    β:       1.000
α:      -1.597,      0.907,     -0.145,      0.246,      1.678,     -0.000,    β:       1.000
α:      -1.598,      0.908,     -0.143,      0.246,      1.680,     -0.000,    β:       1.000
α:      -1.598,      0.909,     -0.145,      0.246,      1.682,      0.001,    β:       1.000
α:      -1.598,      0.908,     -0.145,      0.246,      1.684,      0.001,    β:       1.000
α:      -1.599,      0.908,     -0.146,      0.247,      1.686,      0.003,    β:       1.000
α:      -1.600,      0.908,     -0.144,      0.247,      1.687,      0.002,    β:       1.000
α:      -1.601,      0.910,     -0.146,      0.247,      1.689,      0.003,    β:       1.000
α:      -1.600,      0.911,     -0.144,      0.246,      1.691,      0.003,    β:       1.000
α:      -1.600,      0.912,     -0.146,      0.247,      1.693,      0.004,    β:       1.000
α:      -1.600,      0.913,     -0.146,      0.247,      1.694,      0.005,    β:       1.000
α:      -1.601,      0.912,     -0.145,      0.246,      1.696,      0.005,    β:       1.000
α:      -1.600,      0.912,     -0.145,      0.246,      1.697,      0.004,    β:       1.000
α:      -1.601,      0.912,     -0.144,      0.244,      1.699,      0.004,    β:       1.000
α:      -1.600,      0.913,     -0.145,      0.244,      1.701,      0.005,    β:       1.000
α:      -1.601,      0.912,     -0.145,      0.244,      1.702,      0.005,    β:       1.000
α:      -1.601,      0.914,     -0.141,      0.244,      1.703,      0.005,    β:       1.000
α:      -1.601,      0.915,     -0.140,      0.243,      1.704,      0.004,    β:       1.000
α:      -1.601,      0.914,     -0.140,      0.242,      1.706,      0.005,    β:       1.000
α:      -1.601,      0.915,     -0.141,      0.242,      1.707,      0.005,    β:       1.000
α:      -1.603,      0.914,     -0.141,      0.242,      1.709,      0.005,    β:       1.000
α:      -1.602,      0.913,     -0.138,      0.241,      1.711,      0.005,    β:       1.000
α:      -1.602,      0.913,     -0.138,      0.242,      1.712,      0.007,    β:       1.000
α:      -1.603,      0.915,     -0.137,      0.241,      1.713,      0.008,    β:       1.000
α:      -1.602,      0.917,     -0.135,      0.241,      1.715,      0.008,    β:       1.000
α:      -1.603,      0.917,     -0.136,      0.241,      1.716,      0.008,    β:       1.000
α:      -1.603,      0.915,     -0.135,      0.240,      1.718,      0.008,    β:       1.000
α:      -1.603,      0.914,     -0.135,      0.239,      1.720,      0.009,    β:       1.000
α:      -1.603,      0.914,     -0.137,      0.239,      1.722,      0.008,    β:       1.000
α:      -1.604,      0.915,     -0.135,      0.237,      1.723,      0.007,    β:       1.000
α:      -1.603,      0.915,     -0.135,      0.237,      1.724,      0.008,    β:       1.000
α:      -1.603,      0.914,     -0.132,      0.236,      1.725,      0.007,    β:       1.000
α:      -1.603,      0.914,     -0.132,      0.235,      1.726,      0.005,    β:       1.000
α:      -1.603,      0.913,     -0.133,      0.234,      1.728,      0.006,    β:       1.000
α:      -1.603,      0.913,     -0.134,      0.234,      1.730,      0.006,    β:       1.000
α:      -1.603,      0.912,     -0.132,      0.233,      1.732,      0.006,    β:       1.000
α:      -1.603,      0.912,     -0.136,      0.233,      1.734,      0.007,    β:       1.000
α:      -1.604,      0.915,     -0.135,      0.233,      1.736,      0.007,    β:       1.000
α:      -1.604,      0.914,     -0.133,      0.233,      1.737,      0.007,    β:       1.000
α:      -1.605,      0.914,     -0.130,      0.232,      1.737,      0.006,    β:       1.000
α:      -1.606,      0.913,     -0.129,      0.230,      1.738,      0.004,    β:       1.000
α:      -1.605,      0.914,     -0.130,      0.230,      1.740,      0.004,    β:       1.000
α:      -1.607,      0.913,     -0.135,      0.230,      1.742,      0.005,    β:       1.000
α:      -1.607,      0.912,     -0.133,      0.229,      1.744,      0.004,    β:       1.000
α:      -1.608,      0.913,     -0.135,      0.228,      1.745,      0.005,    β:       1.000
α:      -1.608,      0.913,     -0.137,      0.228,      1.747,      0.004,    β:       1.000
α:      -1.609,      0.914,     -0.135,      0.228,      1.748,      0.004,    β:       1.000
α:      -1.608,      0.914,     -0.134,      0.228,      1.749,      0.003,    β:       1.000
α:      -1.608,      0.915,     -0.134,      0.227,      1.750,      0.003,    β:       1.000
α:      -1.609,      0.913,     -0.135,      0.226,      1.752,      0.001,    β:       1.000
α:      -1.609,      0.912,     -0.134,      0.227,      1.754,      0.002,    β:       1.000
α:      -1.610,      0.914,     -0.134,      0.227,      1.755,      0.003,    β:       1.000
α:      -1.610,      0.915,     -0.135,      0.227,      1.757,      0.004,    β:       1.000
α:      -1.611,      0.915,     -0.134,      0.229,      1.758,      0.004,    β:       1.000
α:      -1.610,      0.914,     -0.133,      0.227,      1.760,      0.003,    β:       1.000
α:      -1.609,      0.913,     -0.133,      0.227,      1.762,      0.004,    β:       1.000
α:      -1.609,      0.914,     -0.134,      0.227,      1.763,      0.004,    β:       1.000
α:      -1.611,      0.915,     -0.132,      0.227,      1.764,      0.005,    β:       1.000
α:      -1.611,      0.916,     -0.130,      0.227,      1.765,      0.004,    β:       1.000
α:      -1.611,      0.915,     -0.128,      0.227,      1.766,      0.005,    β:       1.000
α:      -1.611,      0.915,     -0.130,      0.225,      1.768,      0.005,    β:       1.000
α:      -1.612,      0.915,     -0.128,      0.225,      1.768,      0.005,    β:       1.000
α:      -1.612,      0.917,     -0.129,      0.227,      1.769,      0.006,    β:       1.000
α:      -1.612,      0.916,     -0.127,      0.227,      1.770,      0.006,    β:       1.000
α:      -1.612,      0.917,     -0.129,      0.225,      1.772,      0.004,    β:       1.000
α:      -1.611,      0.918,     -0.127,      0.225,      1.773,      0.004,    β:       1.000
α:      -1.613,      0.917,     -0.129,      0.225,      1.775,      0.005,    β:       1.000
α:      -1.613,      0.917,     -0.127,      0.225,      1.776,      0.005,    β:       1.000
α:      -1.614,      0.916,     -0.127,      0.224,      1.778,      0.005,    β:       1.000
α:      -1.615,      0.917,     -0.127,      0.225,      1.779,      0.006,    β:       1.000
α:      -1.615,      0.916,     -0.123,      0.224,      1.780,      0.005,    β:       1.000
α:      -1.615,      0.916,     -0.120,      0.224,      1.781,      0.005,    β:       1.000
α:      -1.615,      0.916,     -0.121,      0.224,      1.782,      0.004,    β:       1.000
α:      -1.615,      0.915,     -0.118,      0.223,      1.784,      0.003,    β:       1.000
α:      -1.616,      0.915,     -0.120,      0.223,      1.784,      0.003,    β:       1.000
α:      -1.615,      0.915,     -0.121,      0.222,      1.786,      0.003,    β:       1.000
α:      -1.615,      0.916,     -0.123,      0.222,      1.788,      0.004,    β:       1.000
α:      -1.615,      0.917,     -0.123,      0.222,      1.789,      0.005,    β:       1.000
α:      -1.614,      0.917,     -0.121,      0.222,      1.791,      0.004,    β:       1.000
α:      -1.615,      0.918,     -0.123,      0.221,      1.792,      0.004,    β:       1.000
α:      -1.616,      0.917,     -0.124,      0.220,      1.793,      0.004,    β:       1.000
α:      -1.616,      0.919,     -0.127,      0.219,      1.795,      0.003,    β:       1.000
α:      -1.616,      0.917,     -0.126,      0.218,      1.796,      0.003,    β:       1.000
α:      -1.616,      0.919,     -0.125,      0.219,      1.796,      0.004,    β:       1.000
α:      -1.617,      0.917,     -0.127,      0.219,      1.798,      0.004,    β:       1.000
α:      -1.617,      0.918,     -0.129,      0.218,      1.800,      0.005,    β:       1.000
α:      -1.617,      0.918,     -0.126,      0.218,      1.800,      0.003,    β:       1.000
α:      -1.617,      0.919,     -0.125,      0.217,      1.801,      0.002,    β:       1.000
α:      -1.618,      0.919,     -0.121,      0.216,      1.801,     -0.001,    β:       1.000
α:      -1.618,      0.919,     -0.123,      0.215,      1.803,     -0.001,    β:       1.000
α:      -1.619,      0.919,     -0.123,      0.214,      1.805,     -0.002,    β:       1.000
α:      -1.619,      0.916,     -0.124,      0.213,      1.806,     -0.001,    β:       1.000
α:      -1.619,      0.915,     -0.125,      0.213,      1.808,     -0.000,    β:       1.000
α:      -1.619,      0.914,     -0.123,      0.213,      1.808,     -0.000,    β:       1.000
α:      -1.621,      0.914,     -0.122,      0.213,      1.809,     -0.001,    β:       1.000
α:      -1.620,      0.916,     -0.125,      0.212,      1.811,     -0.002,    β:       1.000
α:      -1.620,      0.916,     -0.127,      0.212,      1.812,     -0.001,    β:       1.000
α:      -1.621,      0.916,     -0.129,      0.213,      1.814,     -0.001,    β:       1.000
α:      -1.621,      0.918,     -0.131,      0.213,      1.816,     -0.002,    β:       1.000
α:      -1.621,      0.918,     -0.130,      0.214,      1.816,     -0.002,    β:       1.000
α:      -1.621,      0.919,     -0.131,      0.214,      1.817,     -0.002,    β:       1.000
α:      -1.621,      0.919,     -0.129,      0.214,      1.818,     -0.002,    β:       1.000
α:      -1.620,      0.917,     -0.124,      0.212,      1.819,      0.000,    β:       1.000
α:      -1.621,      0.916,     -0.123,      0.212,      1.820,      0.000,    β:       1.000
α:      -1.622,      0.915,     -0.123,      0.213,      1.821,     -0.000,    β:       1.000
α:      -1.621,      0.916,     -0.122,      0.212,      1.822,      0.001,    β:       1.000
α:      -1.621,      0.917,     -0.125,      0.212,      1.824,      0.002,    β:       1.000
α:      -1.622,      0.917,     -0.126,      0.211,      1.825,      0.002,    β:       1.000
α:      -1.621,      0.919,     -0.126,      0.212,      1.826,      0.003,    β:       1.000
α:      -1.622,      0.917,     -0.126,      0.211,      1.828,      0.002,    β:       1.000
α:      -1.621,      0.917,     -0.126,      0.211,      1.829,      0.001,    β:       1.000
α:      -1.622,      0.917,     -0.129,      0.210,      1.830,     -0.001,    β:       1.000
α:      -1.622,      0.916,     -0.126,      0.210,      1.831,     -0.001,    β:       1.000
α:      -1.623,      0.915,     -0.129,      0.209,      1.833,     -0.001,    β:       1.000
α:      -1.623,      0.914,     -0.128,      0.209,      1.834,     -0.000,    β:       1.000
α:      -1.623,      0.914,     -0.126,      0.209,      1.834,     -0.001,    β:       1.000
α:      -1.623,      0.913,     -0.128,      0.210,      1.836,     -0.001,    β:       1.000
α:      -1.623,      0.912,     -0.126,      0.208,      1.837,      0.001,    β:       1.000
α:      -1.624,      0.911,     -0.123,      0.208,      1.837,     -0.000,    β:       1.000
α:      -1.623,      0.912,     -0.124,      0.210,      1.839,     -0.001,    β:       1.000
α:      -1.623,      0.912,     -0.126,      0.210,      1.840,     -0.000,    β:       1.000
α:      -1.622,      0.912,     -0.125,      0.210,      1.841,      0.000,    β:       1.000
α:      -1.622,      0.912,     -0.124,      0.210,      1.842,      0.000,    β:       1.000
α:      -1.621,      0.912,     -0.124,      0.210,      1.843,     -0.001,    β:       1.000
α:      -1.621,      0.912,     -0.122,      0.210,      1.843,      0.001,    β:       1.000
α:      -1.621,      0.911,     -0.120,      0.210,      1.844,     -0.000,    β:       1.000
α:      -1.623,      0.912,     -0.123,      0.210,      1.845,     -0.002,    β:       1.000
α:      -1.624,      0.911,     -0.123,      0.212,      1.846,     -0.001,    β:       1.000
α:      -1.626,      0.908,     -0.121,      0.211,      1.847,      0.000,    β:       1.000
α:      -1.625,      0.909,     -0.122,      0.211,      1.848,      0.000,    β:       1.000
α:      -1.625,      0.909,     -0.122,      0.212,      1.849,      0.001,    β:       1.000
α:      -1.626,      0.910,     -0.121,      0.212,      1.850,      0.002,    β:       1.000
α:      -1.627,      0.910,     -0.119,      0.212,      1.850,      0.002,    β:       1.000
α:      -1.626,      0.910,     -0.120,      0.210,      1.852,      0.000,    β:       1.000
α:      -1.626,      0.910,     -0.120,      0.210,      1.852,      0.000,    β:       1.000
α:      -1.625,      0.910,     -0.115,      0.210,      1.853,      0.000,    β:       1.000
α:      -1.626,      0.910,     -0.117,      0.209,      1.854,      0.001,    β:       1.000
α:      -1.626,      0.910,     -0.118,      0.208,      1.856,      0.001,    β:       1.000
α:      -1.627,      0.910,     -0.117,      0.209,      1.857,      0.001,    β:       1.000
α:      -1.627,      0.910,     -0.117,      0.209,      1.857,      0.001,    β:       1.000
α:      -1.626,      0.909,     -0.115,      0.208,      1.858,     -0.000,    β:       1.000
α:      -1.627,      0.909,     -0.117,      0.208,      1.859,      0.001,    β:       1.000
α:      -1.627,      0.909,     -0.115,      0.208,      1.860,      0.001,    β:       1.000
α:      -1.627,      0.910,     -0.114,      0.208,      1.861,      0.000,    β:       1.000
α:      -1.627,      0.909,     -0.112,      0.209,      1.862,     -0.001,    β:       1.000
α:      -1.629,      0.909,     -0.110,      0.210,      1.863,     -0.000,    β:       1.000
α:      -1.629,      0.910,     -0.110,      0.210,      1.863,      0.001,    β:       1.000
α:      -1.629,      0.910,     -0.111,      0.211,      1.864,      0.002,    β:       1.000
α:      -1.630,      0.911,     -0.112,      0.210,      1.865,      0.000,    β:       1.000
α:      -1.630,      0.910,     -0.111,      0.211,      1.866,      0.000,    β:       1.000
α:      -1.630,      0.911,     -0.112,      0.211,      1.867,      0.001,    β:       1.000
α:      -1.631,      0.911,     -0.113,      0.210,      1.868,      0.000,    β:       1.000
α:      -1.632,      0.911,     -0.116,      0.211,      1.869,      0.003,    β:       1.000
α:      -1.632,      0.911,     -0.117,      0.210,      1.870,      0.002,    β:       1.000
α:      -1.632,      0.911,     -0.116,      0.210,      1.871,      0.002,    β:       1.000
α:      -1.632,      0.912,     -0.115,      0.211,      1.871,      0.002,    β:       1.000
α:      -1.632,      0.912,     -0.112,      0.210,      1.871,      0.001,    β:       1.000
α:      -1.632,      0.912,     -0.110,      0.211,      1.871,      0.002,    β:       1.000
α:      -1.632,      0.913,     -0.111,      0.212,      1.872,      0.003,    β:       1.000
α:      -1.632,      0.912,     -0.114,      0.212,      1.874,      0.004,    β:       1.000
α:      -1.633,      0.914,     -0.116,      0.212,      1.876,      0.004,    β:       1.000
α:      -1.633,      0.913,     -0.115,      0.212,      1.876,      0.003,    β:       1.000
α:      -1.633,      0.912,     -0.116,      0.211,      1.878,      0.005,    β:       1.000
α:      -1.632,      0.911,     -0.116,      0.211,      1.879,      0.006,    β:       1.000
α:      -1.631,      0.912,     -0.115,      0.211,      1.880,      0.005,    β:       1.000
α:      -1.631,      0.913,     -0.114,      0.210,      1.881,      0.004,    β:       1.000
α:      -1.631,      0.913,     -0.113,      0.209,      1.882,      0.004,    β:       1.000
α:      -1.632,      0.914,     -0.115,      0.210,      1.883,      0.005,    β:       1.000
α:      -1.631,      0.915,     -0.117,      0.209,      1.884,      0.005,    β:       1.000
α:      -1.631,      0.916,     -0.116,      0.209,      1.885,      0.005,    β:       1.000
α:      -1.632,      0.915,     -0.116,      0.209,      1.885,      0.004,    β:       1.000
α:      -1.632,      0.916,     -0.116,      0.210,      1.886,      0.005,    β:       1.000
α:      -1.632,      0.917,     -0.118,      0.210,      1.888,      0.006,    β:       1.000
α:      -1.632,      0.918,     -0.119,      0.211,      1.889,      0.007,    β:       1.000
