α0:     -0.322,      0.246,     -0.179,     -1.478,     -0.185,      1.270,    β0:      1.000
α:       0.090,      0.094,     -0.082,     -0.059,     -0.051,      0.054,    β:       1.000
α:       0.140,      0.156,     -0.129,     -0.101,     -0.084,      0.094,    β:       1.000
α:       0.175,      0.203,     -0.167,     -0.134,     -0.112,      0.126,    β:       1.000
α:       0.204,      0.234,     -0.195,     -0.163,     -0.135,      0.152,    β:       1.000
α:       0.222,      0.264,     -0.215,     -0.187,     -0.152,      0.177,    β:       1.000
α:       0.237,      0.283,     -0.231,     -0.209,     -0.167,      0.197,    β:       1.000
α:       0.249,      0.304,     -0.242,     -0.230,     -0.182,      0.215,    β:       1.000
α:       0.256,      0.318,     -0.250,     -0.250,     -0.194,      0.233,    β:       1.000
α:       0.266,      0.336,     -0.261,     -0.268,     -0.206,      0.250,    β:       1.000
α:       0.272,      0.350,     -0.265,     -0.285,     -0.217,      0.264,    β:       1.000
α:       0.280,      0.361,     -0.268,     -0.302,     -0.226,      0.279,    β:       1.000
α:       0.289,      0.370,     -0.270,     -0.318,     -0.235,      0.293,    β:       1.000
α:       0.293,      0.381,     -0.273,     -0.333,     -0.243,      0.307,    β:       1.000
α:       0.297,      0.387,     -0.271,     -0.347,     -0.250,      0.319,    β:       1.000
α:       0.300,      0.392,     -0.271,     -0.359,     -0.256,      0.329,    β:       1.000
α:       0.304,      0.397,     -0.271,     -0.372,     -0.264,      0.340,    β:       1.000
α:       0.304,      0.401,     -0.272,     -0.383,     -0.270,      0.351,    β:       1.000
α:       0.303,      0.405,     -0.272,     -0.395,     -0.277,      0.361,    β:       1.000
α:       0.302,      0.408,     -0.272,     -0.407,     -0.284,      0.372,    β:       1.000
α:       0.301,      0.411,     -0.273,     -0.419,     -0.290,      0.382,    β:       1.000
α:       0.299,      0.413,     -0.269,     -0.430,     -0.295,      0.392,    β:       1.000
α:       0.297,      0.416,     -0.268,     -0.441,     -0.301,      0.401,    β:       1.000
α:       0.295,      0.418,     -0.267,     -0.452,     -0.307,      0.410,    β:       1.000
α:       0.293,      0.420,     -0.265,     -0.463,     -0.312,      0.419,    β:       1.000
α:       0.288,      0.423,     -0.260,     -0.473,     -0.316,      0.428,    β:       1.000
α:       0.288,      0.424,     -0.257,     -0.483,     -0.320,      0.436,    β:       1.000
α:       0.290,      0.428,     -0.257,     -0.493,     -0.325,      0.445,    β:       1.000
α:       0.287,      0.431,     -0.256,     -0.503,     -0.330,      0.454,    β:       1.000
α:       0.286,      0.433,     -0.256,     -0.513,     -0.335,      0.462,    β:       1.000
α:       0.287,      0.431,     -0.255,     -0.522,     -0.339,      0.470,    β:       1.000
α:       0.282,      0.429,     -0.253,     -0.530,     -0.343,      0.477,    β:       1.000
α:       0.280,      0.431,     -0.248,     -0.540,     -0.347,      0.485,    β:       1.000
α:       0.279,      0.432,     -0.247,     -0.548,     -0.352,      0.493,    β:       1.000
α:       0.277,      0.434,     -0.247,     -0.557,     -0.356,      0.501,    β:       1.000
α:       0.276,      0.434,     -0.248,     -0.565,     -0.360,      0.508,    β:       1.000
α:       0.273,      0.433,     -0.247,     -0.573,     -0.363,      0.517,    β:       1.000
α:       0.272,      0.432,     -0.249,     -0.581,     -0.367,      0.524,    β:       1.000
α:       0.274,      0.432,     -0.243,     -0.590,     -0.371,      0.531,    β:       1.000
α:       0.271,      0.430,     -0.237,     -0.598,     -0.372,      0.537,    β:       1.000
α:       0.270,      0.430,     -0.236,     -0.605,     -0.376,      0.543,    β:       1.000
α:       0.269,      0.430,     -0.237,     -0.613,     -0.379,      0.549,    β:       1.000
α:       0.266,      0.430,     -0.234,     -0.620,     -0.381,      0.554,    β:       1.000
α:       0.268,      0.429,     -0.227,     -0.628,     -0.384,      0.560,    β:       1.000
α:       0.266,      0.428,     -0.227,     -0.635,     -0.389,      0.566,    β:       1.000
α:       0.270,      0.428,     -0.228,     -0.643,     -0.392,      0.572,    β:       1.000
α:       0.267,      0.425,     -0.225,     -0.648,     -0.394,      0.578,    β:       1.000
α:       0.261,      0.423,     -0.227,     -0.656,     -0.397,      0.584,    β:       1.000
α:       0.260,      0.422,     -0.224,     -0.663,     -0.398,      0.588,    β:       1.000
α:       0.259,      0.419,     -0.224,     -0.670,     -0.403,      0.594,    β:       1.000
α:       0.261,      0.420,     -0.225,     -0.677,     -0.406,      0.601,    β:       1.000
α:       0.259,      0.416,     -0.225,     -0.685,     -0.409,      0.607,    β:       1.000
α:       0.261,      0.415,     -0.223,     -0.692,     -0.413,      0.613,    β:       1.000
α:       0.257,      0.410,     -0.221,     -0.699,     -0.414,      0.618,    β:       1.000
α:       0.255,      0.406,     -0.218,     -0.706,     -0.417,      0.623,    β:       1.000
α:       0.255,      0.406,     -0.220,     -0.712,     -0.419,      0.628,    β:       1.000
α:       0.252,      0.406,     -0.220,     -0.719,     -0.421,      0.633,    β:       1.000
α:       0.251,      0.405,     -0.216,     -0.724,     -0.424,      0.639,    β:       1.000
α:       0.249,      0.403,     -0.216,     -0.730,     -0.425,      0.644,    β:       1.000
α:       0.246,      0.402,     -0.212,     -0.735,     -0.426,      0.648,    β:       1.000
α:       0.244,      0.401,     -0.214,     -0.742,     -0.429,      0.654,    β:       1.000
α:       0.238,      0.398,     -0.210,     -0.747,     -0.430,      0.658,    β:       1.000
α:       0.240,      0.396,     -0.206,     -0.753,     -0.433,      0.662,    β:       1.000
α:       0.240,      0.394,     -0.205,     -0.759,     -0.435,      0.668,    β:       1.000
α:       0.234,      0.393,     -0.206,     -0.764,     -0.435,      0.672,    β:       1.000
α:       0.236,      0.393,     -0.203,     -0.770,     -0.439,      0.677,    β:       1.000
α:       0.234,      0.390,     -0.200,     -0.777,     -0.440,      0.682,    β:       1.000
α:       0.229,      0.388,     -0.202,     -0.782,     -0.442,      0.688,    β:       1.000
α:       0.228,      0.388,     -0.200,     -0.787,     -0.444,      0.692,    β:       1.000
α:       0.230,      0.387,     -0.198,     -0.793,     -0.444,      0.697,    β:       1.000
α:       0.228,      0.386,     -0.196,     -0.799,     -0.446,      0.700,    β:       1.000
α:       0.229,      0.385,     -0.197,     -0.804,     -0.447,      0.705,    β:       1.000
α:       0.229,      0.385,     -0.196,     -0.808,     -0.449,      0.710,    β:       1.000
α:       0.230,      0.383,     -0.197,     -0.814,     -0.451,      0.714,    β:       1.000
α:       0.227,      0.386,     -0.199,     -0.819,     -0.452,      0.718,    β:       1.000
α:       0.228,      0.384,     -0.200,     -0.824,     -0.454,      0.723,    β:       1.000
α:       0.225,      0.383,     -0.195,     -0.830,     -0.456,      0.727,    β:       1.000
α:       0.225,      0.383,     -0.197,     -0.836,     -0.457,      0.731,    β:       1.000
α:       0.225,      0.380,     -0.195,     -0.840,     -0.457,      0.735,    β:       1.000
α:       0.225,      0.378,     -0.193,     -0.845,     -0.457,      0.738,    β:       1.000
α:       0.223,      0.379,     -0.196,     -0.849,     -0.460,      0.743,    β:       1.000
α:       0.222,      0.381,     -0.196,     -0.854,     -0.462,      0.746,    β:       1.000
α:       0.224,      0.380,     -0.195,     -0.859,     -0.465,      0.750,    β:       1.000
α:       0.221,      0.375,     -0.192,     -0.864,     -0.465,      0.753,    β:       1.000
α:       0.218,      0.376,     -0.191,     -0.868,     -0.465,      0.756,    β:       1.000
α:       0.218,      0.373,     -0.188,     -0.872,     -0.465,      0.760,    β:       1.000
α:       0.221,      0.373,     -0.189,     -0.878,     -0.467,      0.764,    β:       1.000
α:       0.222,      0.373,     -0.189,     -0.883,     -0.468,      0.767,    β:       1.000
α:       0.220,      0.373,     -0.188,     -0.888,     -0.468,      0.770,    β:       1.000
α:       0.218,      0.371,     -0.187,     -0.893,     -0.469,      0.773,    β:       1.000
α:       0.218,      0.367,     -0.189,     -0.897,     -0.471,      0.777,    β:       1.000
α:       0.216,      0.365,     -0.187,     -0.902,     -0.471,      0.781,    β:       1.000
α:       0.217,      0.362,     -0.186,     -0.905,     -0.471,      0.784,    β:       1.000
α:       0.216,      0.359,     -0.183,     -0.909,     -0.471,      0.786,    β:       1.000
α:       0.219,      0.360,     -0.181,     -0.915,     -0.473,      0.789,    β:       1.000
α:       0.218,      0.362,     -0.180,     -0.919,     -0.473,      0.792,    β:       1.000
α:       0.219,      0.364,     -0.182,     -0.924,     -0.474,      0.795,    β:       1.000
α:       0.219,      0.361,     -0.179,     -0.927,     -0.474,      0.799,    β:       1.000
α:       0.218,      0.360,     -0.182,     -0.931,     -0.475,      0.802,    β:       1.000
α:       0.220,      0.361,     -0.183,     -0.935,     -0.476,      0.806,    β:       1.000
α:       0.219,      0.360,     -0.183,     -0.940,     -0.476,      0.809,    β:       1.000
α:       0.216,      0.361,     -0.186,     -0.944,     -0.476,      0.813,    β:       1.000
α:       0.214,      0.360,     -0.185,     -0.948,     -0.475,      0.815,    β:       1.000
α:       0.212,      0.360,     -0.187,     -0.951,     -0.475,      0.817,    β:       1.000
α:       0.211,      0.360,     -0.187,     -0.954,     -0.475,      0.820,    β:       1.000
α:       0.213,      0.360,     -0.187,     -0.959,     -0.475,      0.823,    β:       1.000
α:       0.213,      0.358,     -0.184,     -0.962,     -0.475,      0.826,    β:       1.000
α:       0.214,      0.357,     -0.184,     -0.966,     -0.475,      0.828,    β:       1.000
α:       0.211,      0.357,     -0.183,     -0.970,     -0.474,      0.831,    β:       1.000
α:       0.207,      0.358,     -0.183,     -0.974,     -0.474,      0.835,    β:       1.000
α:       0.208,      0.357,     -0.184,     -0.978,     -0.474,      0.837,    β:       1.000
α:       0.210,      0.356,     -0.185,     -0.981,     -0.475,      0.839,    β:       1.000
α:       0.209,      0.354,     -0.184,     -0.984,     -0.476,      0.843,    β:       1.000
α:       0.207,      0.355,     -0.180,     -0.988,     -0.476,      0.845,    β:       1.000
α:       0.205,      0.356,     -0.182,     -0.992,     -0.476,      0.847,    β:       1.000
α:       0.205,      0.356,     -0.180,     -0.996,     -0.477,      0.851,    β:       1.000
α:       0.203,      0.355,     -0.180,     -1.000,     -0.477,      0.854,    β:       1.000
α:       0.203,      0.354,     -0.177,     -1.004,     -0.478,      0.856,    β:       1.000
α:       0.204,      0.355,     -0.178,     -1.007,     -0.479,      0.860,    β:       1.000
α:       0.205,      0.355,     -0.177,     -1.011,     -0.479,      0.862,    β:       1.000
α:       0.201,      0.353,     -0.172,     -1.015,     -0.479,      0.865,    β:       1.000
α:       0.201,      0.349,     -0.171,     -1.018,     -0.479,      0.867,    β:       1.000
α:       0.197,      0.348,     -0.172,     -1.021,     -0.478,      0.869,    β:       1.000
α:       0.196,      0.347,     -0.168,     -1.024,     -0.477,      0.871,    β:       1.000
α:       0.197,      0.346,     -0.165,     -1.027,     -0.475,      0.873,    β:       1.000
α:       0.195,      0.344,     -0.166,     -1.031,     -0.476,      0.875,    β:       1.000
α:       0.196,      0.346,     -0.170,     -1.035,     -0.476,      0.877,    β:       1.000
α:       0.194,      0.343,     -0.167,     -1.039,     -0.476,      0.879,    β:       1.000
α:       0.196,      0.342,     -0.170,     -1.041,     -0.476,      0.881,    β:       1.000
α:       0.189,      0.339,     -0.167,     -1.044,     -0.475,      0.884,    β:       1.000
α:       0.190,      0.338,     -0.172,     -1.047,     -0.476,      0.887,    β:       1.000
α:       0.191,      0.339,     -0.172,     -1.051,     -0.477,      0.889,    β:       1.000
α:       0.193,      0.338,     -0.169,     -1.055,     -0.479,      0.892,    β:       1.000
α:       0.191,      0.338,     -0.163,     -1.058,     -0.478,      0.893,    β:       1.000
α:       0.194,      0.338,     -0.166,     -1.061,     -0.479,      0.896,    β:       1.000
α:       0.197,      0.337,     -0.170,     -1.065,     -0.479,      0.897,    β:       1.000
α:       0.198,      0.339,     -0.172,     -1.067,     -0.478,      0.900,    β:       1.000
α:       0.198,      0.339,     -0.173,     -1.070,     -0.478,      0.902,    β:       1.000
α:       0.197,      0.339,     -0.174,     -1.073,     -0.478,      0.905,    β:       1.000
α:       0.198,      0.337,     -0.173,     -1.076,     -0.477,      0.907,    β:       1.000
α:       0.197,      0.336,     -0.175,     -1.079,     -0.479,      0.908,    β:       1.000
α:       0.194,      0.337,     -0.175,     -1.082,     -0.479,      0.911,    β:       1.000
α:       0.194,      0.336,     -0.172,     -1.085,     -0.477,      0.913,    β:       1.000
α:       0.193,      0.336,     -0.166,     -1.087,     -0.476,      0.915,    β:       1.000
α:       0.192,      0.336,     -0.166,     -1.090,     -0.477,      0.917,    β:       1.000
α:       0.190,      0.334,     -0.170,     -1.092,     -0.477,      0.919,    β:       1.000
α:       0.186,      0.336,     -0.171,     -1.095,     -0.476,      0.922,    β:       1.000
α:       0.188,      0.334,     -0.171,     -1.098,     -0.477,      0.924,    β:       1.000
α:       0.185,      0.334,     -0.169,     -1.099,     -0.476,      0.925,    β:       1.000
α:       0.187,      0.332,     -0.171,     -1.102,     -0.477,      0.927,    β:       1.000
α:       0.189,      0.332,     -0.173,     -1.106,     -0.478,      0.929,    β:       1.000
α:       0.190,      0.331,     -0.171,     -1.109,     -0.478,      0.931,    β:       1.000
α:       0.187,      0.329,     -0.173,     -1.111,     -0.476,      0.932,    β:       1.000
α:       0.188,      0.329,     -0.176,     -1.113,     -0.477,      0.935,    β:       1.000
α:       0.189,      0.330,     -0.177,     -1.116,     -0.477,      0.937,    β:       1.000
α:       0.188,      0.329,     -0.174,     -1.118,     -0.477,      0.939,    β:       1.000
α:       0.186,      0.331,     -0.171,     -1.120,     -0.476,      0.941,    β:       1.000
α:       0.184,      0.332,     -0.170,     -1.123,     -0.477,      0.943,    β:       1.000
α:       0.183,      0.335,     -0.170,     -1.126,     -0.476,      0.945,    β:       1.000
α:       0.185,      0.335,     -0.167,     -1.128,     -0.477,      0.946,    β:       1.000
α:       0.183,      0.334,     -0.168,     -1.131,     -0.477,      0.949,    β:       1.000
α:       0.184,      0.332,     -0.166,     -1.133,     -0.476,      0.950,    β:       1.000
α:       0.187,      0.332,     -0.166,     -1.135,     -0.476,      0.952,    β:       1.000
α:       0.186,      0.329,     -0.165,     -1.137,     -0.475,      0.953,    β:       1.000
α:       0.188,      0.328,     -0.165,     -1.140,     -0.475,      0.954,    β:       1.000
α:       0.186,      0.323,     -0.165,     -1.143,     -0.475,      0.956,    β:       1.000
α:       0.187,      0.321,     -0.166,     -1.145,     -0.475,      0.958,    β:       1.000
α:       0.184,      0.318,     -0.168,     -1.148,     -0.475,      0.959,    β:       1.000
α:       0.185,      0.318,     -0.165,     -1.150,     -0.474,      0.961,    β:       1.000
α:       0.186,      0.318,     -0.162,     -1.152,     -0.471,      0.962,    β:       1.000
α:       0.186,      0.320,     -0.163,     -1.155,     -0.471,      0.963,    β:       1.000
α:       0.190,      0.322,     -0.164,     -1.158,     -0.470,      0.965,    β:       1.000
α:       0.188,      0.321,     -0.166,     -1.160,     -0.470,      0.966,    β:       1.000
α:       0.185,      0.321,     -0.163,     -1.163,     -0.469,      0.967,    β:       1.000
α:       0.184,      0.320,     -0.166,     -1.166,     -0.469,      0.969,    β:       1.000
α:       0.185,      0.320,     -0.164,     -1.168,     -0.468,      0.970,    β:       1.000
α:       0.183,      0.319,     -0.160,     -1.170,     -0.466,      0.971,    β:       1.000
α:       0.183,      0.320,     -0.162,     -1.172,     -0.466,      0.973,    β:       1.000
α:       0.184,      0.320,     -0.164,     -1.175,     -0.467,      0.974,    β:       1.000
α:       0.180,      0.321,     -0.168,     -1.176,     -0.467,      0.976,    β:       1.000
α:       0.178,      0.317,     -0.168,     -1.178,     -0.467,      0.979,    β:       1.000
α:       0.178,      0.317,     -0.164,     -1.181,     -0.466,      0.980,    β:       1.000
α:       0.175,      0.316,     -0.162,     -1.183,     -0.465,      0.981,    β:       1.000
α:       0.179,      0.316,     -0.158,     -1.186,     -0.464,      0.982,    β:       1.000
α:       0.181,      0.318,     -0.155,     -1.189,     -0.464,      0.982,    β:       1.000
α:       0.181,      0.320,     -0.151,     -1.191,     -0.462,      0.983,    β:       1.000
α:       0.180,      0.317,     -0.151,     -1.192,     -0.462,      0.984,    β:       1.000
α:       0.181,      0.317,     -0.150,     -1.194,     -0.462,      0.985,    β:       1.000
α:       0.182,      0.316,     -0.150,     -1.196,     -0.462,      0.987,    β:       1.000
α:       0.179,      0.315,     -0.152,     -1.197,     -0.461,      0.989,    β:       1.000
α:       0.178,      0.315,     -0.157,     -1.199,     -0.461,      0.991,    β:       1.000
α:       0.178,      0.315,     -0.158,     -1.201,     -0.460,      0.992,    β:       1.000
α:       0.178,      0.315,     -0.162,     -1.202,     -0.460,      0.993,    β:       1.000
α:       0.175,      0.317,     -0.160,     -1.204,     -0.459,      0.994,    β:       1.000
α:       0.172,      0.320,     -0.160,     -1.207,     -0.458,      0.996,    β:       1.000
α:       0.174,      0.321,     -0.161,     -1.209,     -0.456,      0.997,    β:       1.000
α:       0.177,      0.322,     -0.158,     -1.211,     -0.457,      0.998,    β:       1.000
α:       0.176,      0.322,     -0.161,     -1.214,     -0.457,      1.000,    β:       1.000
α:       0.174,      0.321,     -0.160,     -1.216,     -0.456,      1.001,    β:       1.000
α:       0.176,      0.318,     -0.161,     -1.219,     -0.457,      1.003,    β:       1.000
α:       0.179,      0.318,     -0.160,     -1.221,     -0.458,      1.004,    β:       1.000
α:       0.182,      0.319,     -0.162,     -1.223,     -0.457,      1.005,    β:       1.000
α:       0.182,      0.320,     -0.163,     -1.225,     -0.457,      1.006,    β:       1.000
α:       0.182,      0.320,     -0.165,     -1.227,     -0.456,      1.008,    β:       1.000
α:       0.181,      0.320,     -0.165,     -1.229,     -0.456,      1.010,    β:       1.000
α:       0.180,      0.320,     -0.169,     -1.231,     -0.457,      1.012,    β:       1.000
α:       0.180,      0.319,     -0.168,     -1.232,     -0.457,      1.013,    β:       1.000
α:       0.182,      0.321,     -0.169,     -1.234,     -0.456,      1.013,    β:       1.000
α:       0.180,      0.319,     -0.171,     -1.235,     -0.456,      1.015,    β:       1.000
α:       0.177,      0.317,     -0.171,     -1.237,     -0.457,      1.016,    β:       1.000
α:       0.174,      0.318,     -0.170,     -1.238,     -0.456,      1.017,    β:       1.000
α:       0.176,      0.320,     -0.169,     -1.241,     -0.455,      1.018,    β:       1.000
α:       0.177,      0.319,     -0.171,     -1.242,     -0.455,      1.018,    β:       1.000
α:       0.176,      0.318,     -0.173,     -1.243,     -0.455,      1.019,    β:       1.000
α:       0.171,      0.318,     -0.171,     -1.245,     -0.453,      1.019,    β:       1.000
α:       0.168,      0.318,     -0.168,     -1.247,     -0.452,      1.020,    β:       1.000
α:       0.167,      0.318,     -0.168,     -1.248,     -0.450,      1.020,    β:       1.000
α:       0.166,      0.317,     -0.169,     -1.250,     -0.450,      1.021,    β:       1.000
α:       0.166,      0.316,     -0.169,     -1.252,     -0.449,      1.022,    β:       1.000
α:       0.166,      0.315,     -0.166,     -1.252,     -0.448,      1.023,    β:       1.000
α:       0.167,      0.315,     -0.167,     -1.254,     -0.447,      1.025,    β:       1.000
α:       0.168,      0.311,     -0.166,     -1.255,     -0.447,      1.025,    β:       1.000
α:       0.166,      0.313,     -0.165,     -1.256,     -0.446,      1.026,    β:       1.000
α:       0.165,      0.314,     -0.165,     -1.259,     -0.447,      1.026,    β:       1.000
α:       0.167,      0.313,     -0.163,     -1.261,     -0.446,      1.027,    β:       1.000
α:       0.166,      0.313,     -0.161,     -1.263,     -0.445,      1.028,    β:       1.000
α:       0.167,      0.312,     -0.157,     -1.265,     -0.444,      1.027,    β:       1.000
α:       0.165,      0.311,     -0.159,     -1.266,     -0.443,      1.027,    β:       1.000
α:       0.164,      0.312,     -0.161,     -1.267,     -0.442,      1.029,    β:       1.000
α:       0.166,      0.312,     -0.162,     -1.269,     -0.441,      1.030,    β:       1.000
α:       0.168,      0.311,     -0.161,     -1.271,     -0.441,      1.032,    β:       1.000
α:       0.165,      0.309,     -0.161,     -1.272,     -0.439,      1.032,    β:       1.000
α:       0.165,      0.310,     -0.162,     -1.273,     -0.439,      1.033,    β:       1.000
α:       0.166,      0.310,     -0.166,     -1.274,     -0.440,      1.034,    β:       1.000
α:       0.169,      0.308,     -0.164,     -1.276,     -0.441,      1.034,    β:       1.000
α:       0.169,      0.305,     -0.163,     -1.277,     -0.440,      1.034,    β:       1.000
α:       0.173,      0.305,     -0.163,     -1.279,     -0.440,      1.034,    β:       1.000
α:       0.174,      0.304,     -0.158,     -1.280,     -0.439,      1.034,    β:       1.000
α:       0.173,      0.306,     -0.154,     -1.282,     -0.437,      1.034,    β:       1.000
α:       0.177,      0.305,     -0.151,     -1.285,     -0.437,      1.035,    β:       1.000
α:       0.176,      0.306,     -0.153,     -1.286,     -0.437,      1.036,    β:       1.000
α:       0.177,      0.305,     -0.157,     -1.288,     -0.438,      1.037,    β:       1.000
α:       0.181,      0.305,     -0.158,     -1.290,     -0.438,      1.038,    β:       1.000
α:       0.175,      0.303,     -0.160,     -1.290,     -0.438,      1.040,    β:       1.000
α:       0.174,      0.304,     -0.160,     -1.292,     -0.439,      1.041,    β:       1.000
α:       0.174,      0.304,     -0.167,     -1.294,     -0.440,      1.043,    β:       1.000
α:       0.174,      0.304,     -0.167,     -1.295,     -0.440,      1.044,    β:       1.000
α:       0.173,      0.306,     -0.165,     -1.295,     -0.438,      1.045,    β:       1.000
α:       0.173,      0.307,     -0.164,     -1.297,     -0.438,      1.045,    β:       1.000
α:       0.175,      0.310,     -0.163,     -1.298,     -0.437,      1.046,    β:       1.000
α:       0.175,      0.308,     -0.163,     -1.300,     -0.437,      1.046,    β:       1.000
α:       0.175,      0.308,     -0.165,     -1.300,     -0.436,      1.046,    β:       1.000
α:       0.179,      0.307,     -0.169,     -1.302,     -0.437,      1.048,    β:       1.000
α:       0.176,      0.308,     -0.169,     -1.303,     -0.437,      1.049,    β:       1.000
α:       0.177,      0.308,     -0.169,     -1.305,     -0.437,      1.050,    β:       1.000
α:       0.177,      0.307,     -0.165,     -1.306,     -0.436,      1.050,    β:       1.000
α:       0.178,      0.305,     -0.163,     -1.307,     -0.435,      1.050,    β:       1.000
α:       0.176,      0.305,     -0.162,     -1.308,     -0.434,      1.052,    β:       1.000
α:       0.177,      0.304,     -0.162,     -1.310,     -0.434,      1.052,    β:       1.000
α:       0.175,      0.305,     -0.162,     -1.311,     -0.433,      1.053,    β:       1.000
α:       0.175,      0.306,     -0.159,     -1.312,     -0.432,      1.053,    β:       1.000
α:       0.176,      0.305,     -0.158,     -1.312,     -0.432,      1.053,    β:       1.000
α:       0.175,      0.305,     -0.156,     -1.313,     -0.430,      1.054,    β:       1.000
α:       0.171,      0.307,     -0.157,     -1.314,     -0.430,      1.055,    β:       1.000
α:       0.170,      0.307,     -0.162,     -1.315,     -0.431,      1.057,    β:       1.000
α:       0.172,      0.304,     -0.168,     -1.316,     -0.432,      1.058,    β:       1.000
α:       0.171,      0.303,     -0.169,     -1.318,     -0.432,      1.058,    β:       1.000
α:       0.167,      0.304,     -0.166,     -1.318,     -0.430,      1.059,    β:       1.000
α:       0.169,      0.306,     -0.164,     -1.320,     -0.429,      1.059,    β:       1.000
α:       0.168,      0.304,     -0.165,     -1.321,     -0.429,      1.061,    β:       1.000
α:       0.166,      0.305,     -0.165,     -1.321,     -0.427,      1.061,    β:       1.000
α:       0.171,      0.306,     -0.164,     -1.323,     -0.427,      1.060,    β:       1.000
α:       0.172,      0.308,     -0.161,     -1.324,     -0.426,      1.061,    β:       1.000
α:       0.173,      0.308,     -0.165,     -1.325,     -0.427,      1.062,    β:       1.000
α:       0.174,      0.308,     -0.165,     -1.326,     -0.427,      1.063,    β:       1.000
α:       0.174,      0.308,     -0.164,     -1.328,     -0.426,      1.064,    β:       1.000
α:       0.177,      0.307,     -0.165,     -1.329,     -0.426,      1.063,    β:       1.000
α:       0.172,      0.307,     -0.162,     -1.329,     -0.425,      1.064,    β:       1.000
α:       0.173,      0.310,     -0.165,     -1.331,     -0.425,      1.065,    β:       1.000
α:       0.173,      0.309,     -0.167,     -1.332,     -0.425,      1.065,    β:       1.000
α:       0.175,      0.308,     -0.165,     -1.333,     -0.425,      1.066,    β:       1.000
α:       0.176,      0.308,     -0.163,     -1.335,     -0.424,      1.067,    β:       1.000
α:       0.175,      0.307,     -0.163,     -1.337,     -0.424,      1.069,    β:       1.000
α:       0.173,      0.308,     -0.162,     -1.338,     -0.423,      1.070,    β:       1.000
α:       0.177,      0.310,     -0.162,     -1.339,     -0.422,      1.071,    β:       1.000
α:       0.178,      0.311,     -0.163,     -1.340,     -0.422,      1.070,    β:       1.000
α:       0.178,      0.310,     -0.161,     -1.342,     -0.421,      1.071,    β:       1.000
α:       0.176,      0.310,     -0.160,     -1.342,     -0.419,      1.071,    β:       1.000
α:       0.175,      0.307,     -0.163,     -1.342,     -0.419,      1.071,    β:       1.000
α:       0.174,      0.307,     -0.168,     -1.344,     -0.421,      1.074,    β:       1.000
α:       0.172,      0.305,     -0.167,     -1.344,     -0.419,      1.074,    β:       1.000
α:       0.173,      0.304,     -0.168,     -1.344,     -0.419,      1.075,    β:       1.000
α:       0.175,      0.301,     -0.169,     -1.345,     -0.419,      1.075,    β:       1.000
α:       0.177,      0.300,     -0.170,     -1.346,     -0.419,      1.074,    β:       1.000
α:       0.176,      0.301,     -0.169,     -1.348,     -0.418,      1.073,    β:       1.000
α:       0.177,      0.298,     -0.169,     -1.350,     -0.417,      1.073,    β:       1.000
α:       0.175,      0.298,     -0.167,     -1.351,     -0.417,      1.074,    β:       1.000
α:       0.176,      0.300,     -0.167,     -1.352,     -0.416,      1.074,    β:       1.000
α:       0.174,      0.299,     -0.168,     -1.352,     -0.414,      1.075,    β:       1.000
α:       0.172,      0.296,     -0.172,     -1.353,     -0.415,      1.076,    β:       1.000
α:       0.172,      0.300,     -0.171,     -1.354,     -0.414,      1.076,    β:       1.000
α:       0.171,      0.299,     -0.172,     -1.354,     -0.414,      1.076,    β:       1.000
α:       0.167,      0.297,     -0.166,     -1.355,     -0.412,      1.076,    β:       1.000
α:       0.166,      0.295,     -0.166,     -1.355,     -0.411,      1.076,    β:       1.000
α:       0.166,      0.295,     -0.163,     -1.356,     -0.412,      1.077,    β:       1.000
α:       0.166,      0.292,     -0.163,     -1.358,     -0.411,      1.078,    β:       1.000
α:       0.167,      0.291,     -0.162,     -1.358,     -0.411,      1.079,    β:       1.000
α:       0.166,      0.290,     -0.162,     -1.359,     -0.410,      1.079,    β:       1.000
α:       0.165,      0.289,     -0.163,     -1.360,     -0.409,      1.080,    β:       1.000
α:       0.164,      0.288,     -0.162,     -1.360,     -0.406,      1.079,    β:       1.000
α:       0.164,      0.288,     -0.162,     -1.362,     -0.407,      1.079,    β:       1.000
α:       0.168,      0.289,     -0.161,     -1.364,     -0.406,      1.079,    β:       1.000
α:       0.165,      0.289,     -0.163,     -1.365,     -0.407,      1.080,    β:       1.000
α:       0.163,      0.289,     -0.165,     -1.366,     -0.406,      1.079,    β:       1.000
α:       0.162,      0.290,     -0.168,     -1.367,     -0.406,      1.080,    β:       1.000
α:       0.162,      0.290,     -0.170,     -1.368,     -0.406,      1.081,    β:       1.000
α:       0.167,      0.293,     -0.170,     -1.369,     -0.406,      1.082,    β:       1.000
α:       0.162,      0.293,     -0.167,     -1.369,     -0.405,      1.081,    β:       1.000
α:       0.165,      0.287,     -0.168,     -1.370,     -0.406,      1.081,    β:       1.000
α:       0.163,      0.288,     -0.166,     -1.372,     -0.405,      1.082,    β:       1.000
α:       0.164,      0.289,     -0.169,     -1.372,     -0.405,      1.084,    β:       1.000
α:       0.167,      0.289,     -0.169,     -1.373,     -0.405,      1.084,    β:       1.000
α:       0.166,      0.287,     -0.168,     -1.374,     -0.404,      1.085,    β:       1.000
α:       0.160,      0.287,     -0.167,     -1.374,     -0.403,      1.086,    β:       1.000
α:       0.158,      0.289,     -0.167,     -1.375,     -0.402,      1.084,    β:       1.000
α:       0.164,      0.289,     -0.164,     -1.375,     -0.401,      1.085,    β:       1.000
α:       0.163,      0.292,     -0.163,     -1.376,     -0.401,      1.086,    β:       1.000
α:       0.161,      0.295,     -0.161,     -1.377,     -0.400,      1.087,    β:       1.000
α:       0.165,      0.297,     -0.164,     -1.378,     -0.401,      1.087,    β:       1.000
α:       0.165,      0.294,     -0.163,     -1.380,     -0.400,      1.087,    β:       1.000
α:       0.170,      0.294,     -0.158,     -1.380,     -0.400,      1.087,    β:       1.000
α:       0.170,      0.294,     -0.156,     -1.381,     -0.400,      1.086,    β:       1.000
α:       0.170,      0.293,     -0.156,     -1.382,     -0.400,      1.087,    β:       1.000
α:       0.171,      0.291,     -0.156,     -1.383,     -0.400,      1.088,    β:       1.000
α:       0.172,      0.290,     -0.159,     -1.384,     -0.400,      1.087,    β:       1.000
α:       0.171,      0.290,     -0.155,     -1.385,     -0.401,      1.088,    β:       1.000
α:       0.170,      0.294,     -0.153,     -1.387,     -0.401,      1.089,    β:       1.000
α:       0.173,      0.293,     -0.153,     -1.388,     -0.401,      1.090,    β:       1.000
α:       0.172,      0.293,     -0.155,     -1.389,     -0.401,      1.090,    β:       1.000
α:       0.170,      0.293,     -0.154,     -1.389,     -0.400,      1.090,    β:       1.000
α:       0.173,      0.291,     -0.157,     -1.390,     -0.401,      1.091,    β:       1.000
α:       0.172,      0.291,     -0.158,     -1.391,     -0.400,      1.091,    β:       1.000
α:       0.170,      0.290,     -0.160,     -1.392,     -0.400,      1.092,    β:       1.000
α:       0.171,      0.292,     -0.161,     -1.394,     -0.399,      1.092,    β:       1.000
α:       0.172,      0.293,     -0.164,     -1.394,     -0.398,      1.093,    β:       1.000
α:       0.173,      0.291,     -0.165,     -1.394,     -0.398,      1.093,    β:       1.000
α:       0.171,      0.290,     -0.169,     -1.396,     -0.400,      1.094,    β:       1.000
α:       0.168,      0.292,     -0.170,     -1.396,     -0.401,      1.095,    β:       1.000
α:       0.171,      0.293,     -0.167,     -1.397,     -0.400,      1.096,    β:       1.000
α:       0.168,      0.293,     -0.166,     -1.398,     -0.400,      1.096,    β:       1.000
α:       0.162,      0.293,     -0.167,     -1.398,     -0.399,      1.097,    β:       1.000
α:       0.159,      0.294,     -0.165,     -1.399,     -0.398,      1.097,    β:       1.000
α:       0.160,      0.296,     -0.163,     -1.400,     -0.396,      1.098,    β:       1.000
α:       0.160,      0.296,     -0.166,     -1.400,     -0.396,      1.098,    β:       1.000
α:       0.161,      0.295,     -0.166,     -1.402,     -0.396,      1.098,    β:       1.000
α:       0.160,      0.292,     -0.165,     -1.402,     -0.396,      1.098,    β:       1.000
α:       0.161,      0.294,     -0.165,     -1.402,     -0.395,      1.098,    β:       1.000
α:       0.162,      0.293,     -0.167,     -1.403,     -0.395,      1.098,    β:       1.000
α:       0.162,      0.294,     -0.168,     -1.404,     -0.395,      1.099,    β:       1.000
α:       0.163,      0.291,     -0.163,     -1.404,     -0.393,      1.098,    β:       1.000
α:       0.165,      0.293,     -0.164,     -1.406,     -0.392,      1.098,    β:       1.000
α:       0.164,      0.293,     -0.162,     -1.407,     -0.392,      1.098,    β:       1.000
α:       0.166,      0.292,     -0.160,     -1.407,     -0.391,      1.097,    β:       1.000
α:       0.169,      0.289,     -0.158,     -1.408,     -0.391,      1.097,    β:       1.000
α:       0.170,      0.292,     -0.162,     -1.409,     -0.390,      1.097,    β:       1.000
α:       0.169,      0.290,     -0.162,     -1.410,     -0.390,      1.098,    β:       1.000
α:       0.172,      0.289,     -0.162,     -1.411,     -0.390,      1.099,    β:       1.000
α:       0.169,      0.288,     -0.166,     -1.412,     -0.390,      1.100,    β:       1.000
α:       0.165,      0.287,     -0.168,     -1.411,     -0.389,      1.099,    β:       1.000
α:       0.169,      0.288,     -0.170,     -1.412,     -0.389,      1.100,    β:       1.000
α:       0.166,      0.289,     -0.170,     -1.412,     -0.389,      1.099,    β:       1.000
α:       0.167,      0.291,     -0.171,     -1.413,     -0.388,      1.099,    β:       1.000
α:       0.168,      0.290,     -0.170,     -1.414,     -0.388,      1.099,    β:       1.000
α:       0.168,      0.291,     -0.170,     -1.414,     -0.387,      1.100,    β:       1.000
α:       0.166,      0.292,     -0.172,     -1.415,     -0.387,      1.101,    β:       1.000
α:       0.167,      0.287,     -0.168,     -1.416,     -0.387,      1.099,    β:       1.000
α:       0.167,      0.286,     -0.165,     -1.417,     -0.386,      1.099,    β:       1.000
α:       0.169,      0.287,     -0.165,     -1.418,     -0.386,      1.099,    β:       1.000
α:       0.165,      0.288,     -0.168,     -1.419,     -0.386,      1.100,    β:       1.000
α:       0.167,      0.288,     -0.170,     -1.420,     -0.386,      1.100,    β:       1.000
α:       0.168,      0.290,     -0.165,     -1.420,     -0.386,      1.099,    β:       1.000
α:       0.166,      0.288,     -0.165,     -1.421,     -0.385,      1.099,    β:       1.000
α:       0.168,      0.288,     -0.162,     -1.423,     -0.384,      1.100,    β:       1.000
α:       0.166,      0.287,     -0.165,     -1.423,     -0.384,      1.100,    β:       1.000
α:       0.165,      0.285,     -0.167,     -1.422,     -0.384,      1.101,    β:       1.000
α:       0.163,      0.288,     -0.166,     -1.423,     -0.383,      1.101,    β:       1.000
α:       0.163,      0.287,     -0.160,     -1.422,     -0.381,      1.101,    β:       1.000
α:       0.164,      0.289,     -0.163,     -1.423,     -0.381,      1.102,    β:       1.000
α:       0.163,      0.291,     -0.158,     -1.424,     -0.381,      1.103,    β:       1.000
α:       0.163,      0.289,     -0.162,     -1.425,     -0.382,      1.103,    β:       1.000
α:       0.164,      0.291,     -0.162,     -1.426,     -0.382,      1.104,    β:       1.000
α:       0.165,      0.291,     -0.159,     -1.427,     -0.382,      1.103,    β:       1.000
α:       0.167,      0.292,     -0.161,     -1.428,     -0.380,      1.103,    β:       1.000
α:       0.169,      0.294,     -0.163,     -1.429,     -0.382,      1.104,    β:       1.000
α:       0.169,      0.298,     -0.166,     -1.429,     -0.381,      1.105,    β:       1.000
α:       0.172,      0.297,     -0.167,     -1.430,     -0.381,      1.105,    β:       1.000
α:       0.170,      0.296,     -0.167,     -1.430,     -0.380,      1.105,    β:       1.000
α:       0.168,      0.296,     -0.166,     -1.431,     -0.380,      1.105,    β:       1.000
α:       0.166,      0.297,     -0.167,     -1.432,     -0.379,      1.106,    β:       1.000
α:       0.164,      0.296,     -0.170,     -1.432,     -0.379,      1.107,    β:       1.000
α:       0.163,      0.298,     -0.168,     -1.433,     -0.379,      1.107,    β:       1.000
α:       0.165,      0.300,     -0.168,     -1.434,     -0.379,      1.108,    β:       1.000
α:       0.170,      0.303,     -0.167,     -1.435,     -0.378,      1.109,    β:       1.000
α:       0.168,      0.300,     -0.171,     -1.435,     -0.378,      1.109,    β:       1.000
α:       0.167,      0.300,     -0.173,     -1.435,     -0.379,      1.110,    β:       1.000
α:       0.165,      0.302,     -0.175,     -1.436,     -0.380,      1.110,    β:       1.000
α:       0.163,      0.300,     -0.176,     -1.437,     -0.379,      1.110,    β:       1.000
α:       0.161,      0.301,     -0.178,     -1.438,     -0.381,      1.112,    β:       1.000
α:       0.160,      0.303,     -0.178,     -1.438,     -0.381,      1.111,    β:       1.000
α:       0.160,      0.307,     -0.175,     -1.438,     -0.380,      1.112,    β:       1.000
α:       0.162,      0.307,     -0.175,     -1.439,     -0.379,      1.113,    β:       1.000
α:       0.160,      0.306,     -0.173,     -1.440,     -0.379,      1.114,    β:       1.000
α:       0.161,      0.304,     -0.171,     -1.439,     -0.378,      1.114,    β:       1.000
α:       0.163,      0.305,     -0.171,     -1.441,     -0.378,      1.115,    β:       1.000
α:       0.161,      0.304,     -0.169,     -1.442,     -0.377,      1.114,    β:       1.000
α:       0.161,      0.306,     -0.170,     -1.443,     -0.377,      1.115,    β:       1.000
α:       0.161,      0.306,     -0.168,     -1.444,     -0.377,      1.115,    β:       1.000
α:       0.158,      0.301,     -0.168,     -1.444,     -0.378,      1.115,    β:       1.000
α:       0.160,      0.299,     -0.165,     -1.444,     -0.378,      1.116,    β:       1.000
α:       0.162,      0.299,     -0.166,     -1.445,     -0.377,      1.115,    β:       1.000
α:       0.162,      0.300,     -0.167,     -1.446,     -0.377,      1.116,    β:       1.000
α:       0.167,      0.301,     -0.169,     -1.447,     -0.378,      1.117,    β:       1.000
α:       0.166,      0.300,     -0.168,     -1.447,     -0.377,      1.118,    β:       1.000
α:       0.164,      0.300,     -0.167,     -1.448,     -0.377,      1.119,    β:       1.000
α:       0.164,      0.301,     -0.167,     -1.449,     -0.378,      1.119,    β:       1.000
α:       0.166,      0.304,     -0.168,     -1.450,     -0.377,      1.120,    β:       1.000
α:       0.165,      0.302,     -0.165,     -1.450,     -0.376,      1.120,    β:       1.000
α:       0.168,      0.301,     -0.164,     -1.451,     -0.376,      1.120,    β:       1.000
α:       0.166,      0.300,     -0.161,     -1.451,     -0.374,      1.119,    β:       1.000
α:       0.167,      0.302,     -0.161,     -1.451,     -0.375,      1.120,    β:       1.000
α:       0.165,      0.300,     -0.163,     -1.451,     -0.374,      1.120,    β:       1.000
α:       0.163,      0.303,     -0.165,     -1.453,     -0.373,      1.119,    β:       1.000
α:       0.163,      0.302,     -0.162,     -1.453,     -0.372,      1.120,    β:       1.000
α:       0.160,      0.303,     -0.163,     -1.453,     -0.372,      1.121,    β:       1.000
α:       0.162,      0.300,     -0.160,     -1.454,     -0.372,      1.122,    β:       1.000
α:       0.164,      0.299,     -0.158,     -1.454,     -0.371,      1.121,    β:       1.000
α:       0.163,      0.299,     -0.159,     -1.454,     -0.371,      1.122,    β:       1.000
α:       0.165,      0.300,     -0.156,     -1.455,     -0.369,      1.121,    β:       1.000
α:       0.166,      0.299,     -0.157,     -1.456,     -0.370,      1.121,    β:       1.000
α:       0.166,      0.299,     -0.161,     -1.457,     -0.371,      1.123,    β:       1.000
α:       0.167,      0.298,     -0.161,     -1.457,     -0.371,      1.123,    β:       1.000
α:       0.170,      0.298,     -0.159,     -1.458,     -0.371,      1.123,    β:       1.000
α:       0.167,      0.298,     -0.158,     -1.458,     -0.371,      1.123,    β:       1.000
α:       0.168,      0.299,     -0.159,     -1.458,     -0.370,      1.124,    β:       1.000
α:       0.168,      0.298,     -0.163,     -1.459,     -0.371,      1.125,    β:       1.000
α:       0.168,      0.297,     -0.162,     -1.460,     -0.371,      1.126,    β:       1.000
α:       0.170,      0.295,     -0.159,     -1.460,     -0.371,      1.126,    β:       1.000
α:       0.169,      0.294,     -0.160,     -1.460,     -0.372,      1.127,    β:       1.000
α:       0.169,      0.292,     -0.158,     -1.460,     -0.370,      1.127,    β:       1.000
α:       0.170,      0.291,     -0.162,     -1.460,     -0.370,      1.127,    β:       1.000
α:       0.167,      0.291,     -0.158,     -1.461,     -0.370,      1.128,    β:       1.000
α:       0.167,      0.291,     -0.159,     -1.461,     -0.370,      1.128,    β:       1.000
α:       0.169,      0.289,     -0.161,     -1.461,     -0.370,      1.128,    β:       1.000
α:       0.172,      0.287,     -0.158,     -1.462,     -0.368,      1.128,    β:       1.000
α:       0.169,      0.288,     -0.159,     -1.461,     -0.368,      1.128,    β:       1.000
α:       0.171,      0.289,     -0.159,     -1.461,     -0.366,      1.128,    β:       1.000
α:       0.171,      0.291,     -0.158,     -1.461,     -0.365,      1.128,    β:       1.000
α:       0.168,      0.290,     -0.162,     -1.462,     -0.366,      1.128,    β:       1.000
α:       0.167,      0.290,     -0.161,     -1.463,     -0.366,      1.128,    β:       1.000
α:       0.166,      0.290,     -0.161,     -1.464,     -0.367,      1.128,    β:       1.000
α:       0.167,      0.289,     -0.159,     -1.464,     -0.365,      1.128,    β:       1.000
α:       0.170,      0.285,     -0.159,     -1.465,     -0.366,      1.128,    β:       1.000
α:       0.167,      0.285,     -0.159,     -1.465,     -0.367,      1.128,    β:       1.000
α:       0.167,      0.283,     -0.158,     -1.465,     -0.366,      1.128,    β:       1.000
α:       0.164,      0.283,     -0.160,     -1.464,     -0.366,      1.129,    β:       1.000
α:       0.160,      0.284,     -0.160,     -1.465,     -0.366,      1.129,    β:       1.000
α:       0.160,      0.282,     -0.159,     -1.465,     -0.366,      1.129,    β:       1.000
α:       0.159,      0.280,     -0.161,     -1.466,     -0.366,      1.130,    β:       1.000
α:       0.160,      0.281,     -0.161,     -1.467,     -0.365,      1.131,    β:       1.000
α:       0.161,      0.281,     -0.163,     -1.467,     -0.365,      1.131,    β:       1.000
α:       0.163,      0.281,     -0.163,     -1.468,     -0.365,      1.132,    β:       1.000
α:       0.164,      0.281,     -0.165,     -1.469,     -0.365,      1.132,    β:       1.000
α:       0.165,      0.281,     -0.167,     -1.470,     -0.367,      1.132,    β:       1.000
α:       0.165,      0.280,     -0.165,     -1.470,     -0.366,      1.132,    β:       1.000
α:       0.163,      0.280,     -0.163,     -1.469,     -0.365,      1.131,    β:       1.000
α:       0.165,      0.282,     -0.165,     -1.470,     -0.365,      1.132,    β:       1.000
α:       0.164,      0.281,     -0.167,     -1.470,     -0.363,      1.132,    β:       1.000
α:       0.163,      0.282,     -0.167,     -1.470,     -0.362,      1.131,    β:       1.000
α:       0.163,      0.282,     -0.171,     -1.470,     -0.362,      1.133,    β:       1.000
α:       0.165,      0.285,     -0.173,     -1.470,     -0.362,      1.132,    β:       1.000
α:       0.162,      0.285,     -0.176,     -1.471,     -0.362,      1.132,    β:       1.000
α:       0.162,      0.285,     -0.174,     -1.472,     -0.361,      1.132,    β:       1.000
α:       0.164,      0.284,     -0.177,     -1.472,     -0.361,      1.133,    β:       1.000
α:       0.162,      0.281,     -0.175,     -1.471,     -0.360,      1.133,    β:       1.000
α:       0.162,      0.284,     -0.176,     -1.472,     -0.360,      1.133,    β:       1.000
α:       0.164,      0.284,     -0.173,     -1.473,     -0.360,      1.134,    β:       1.000
α:       0.161,      0.286,     -0.169,     -1.473,     -0.359,      1.133,    β:       1.000
α:       0.165,      0.285,     -0.171,     -1.473,     -0.359,      1.133,    β:       1.000
α:       0.163,      0.284,     -0.171,     -1.474,     -0.360,      1.134,    β:       1.000
α:       0.164,      0.284,     -0.168,     -1.474,     -0.360,      1.134,    β:       1.000
α:       0.163,      0.286,     -0.170,     -1.475,     -0.360,      1.134,    β:       1.000
α:       0.163,      0.287,     -0.171,     -1.475,     -0.360,      1.135,    β:       1.000
α:       0.161,      0.286,     -0.170,     -1.476,     -0.360,      1.134,    β:       1.000
α:       0.164,      0.284,     -0.171,     -1.476,     -0.360,      1.135,    β:       1.000
α:       0.166,      0.283,     -0.170,     -1.476,     -0.360,      1.136,    β:       1.000
α:       0.166,      0.283,     -0.170,     -1.477,     -0.360,      1.136,    β:       1.000
α:       0.166,      0.283,     -0.169,     -1.477,     -0.359,      1.136,    β:       1.000
α:       0.166,      0.283,     -0.167,     -1.478,     -0.359,      1.136,    β:       1.000
α:       0.168,      0.285,     -0.169,     -1.479,     -0.359,      1.137,    β:       1.000
α:       0.173,      0.286,     -0.168,     -1.480,     -0.360,      1.137,    β:       1.000
α:       0.173,      0.284,     -0.167,     -1.479,     -0.359,      1.138,    β:       1.000
