α0:      0.301,      0.487,      1.948,      1.096,      0.464,     -0.649,    β0:      1.000
α:       0.095,      0.098,      0.119,      0.054,     -0.050,      0.050,    β:       1.000
α:       0.156,      0.166,      0.206,      0.095,     -0.086,      0.088,    β:       1.000
α:       0.199,      0.221,      0.274,      0.126,     -0.112,      0.118,    β:       1.000
α:       0.232,      0.263,      0.331,      0.152,     -0.133,      0.140,    β:       1.000
α:       0.257,      0.295,      0.379,      0.175,     -0.151,      0.156,    β:       1.000
α:       0.280,      0.323,      0.423,      0.195,     -0.166,      0.173,    β:       1.000
α:       0.297,      0.347,      0.463,      0.212,     -0.180,      0.186,    β:       1.000
α:       0.312,      0.368,      0.500,      0.229,     -0.191,      0.198,    β:       1.000
α:       0.325,      0.387,      0.534,      0.245,     -0.202,      0.210,    β:       1.000
α:       0.335,      0.406,      0.564,      0.261,     -0.212,      0.220,    β:       1.000
α:       0.347,      0.421,      0.594,      0.275,     -0.220,      0.228,    β:       1.000
α:       0.359,      0.436,      0.621,      0.290,     -0.229,      0.236,    β:       1.000
α:       0.363,      0.448,      0.648,      0.303,     -0.236,      0.244,    β:       1.000
α:       0.371,      0.458,      0.673,      0.315,     -0.242,      0.250,    β:       1.000
α:       0.375,      0.468,      0.697,      0.325,     -0.248,      0.256,    β:       1.000
α:       0.382,      0.479,      0.721,      0.337,     -0.254,      0.263,    β:       1.000
α:       0.386,      0.484,      0.745,      0.347,     -0.261,      0.269,    β:       1.000
α:       0.388,      0.492,      0.765,      0.356,     -0.264,      0.273,    β:       1.000
α:       0.390,      0.501,      0.786,      0.366,     -0.269,      0.277,    β:       1.000
α:       0.391,      0.510,      0.805,      0.374,     -0.273,      0.281,    β:       1.000
α:       0.394,      0.515,      0.825,      0.383,     -0.278,      0.287,    β:       1.000
α:       0.394,      0.521,      0.843,      0.392,     -0.282,      0.291,    β:       1.000
α:       0.396,      0.529,      0.860,      0.399,     -0.284,      0.294,    β:       1.000
α:       0.399,      0.535,      0.877,      0.407,     -0.288,      0.297,    β:       1.000
α:       0.400,      0.540,      0.894,      0.415,     -0.291,      0.299,    β:       1.000
α:       0.401,      0.545,      0.911,      0.422,     -0.295,      0.303,    β:       1.000
α:       0.403,      0.549,      0.927,      0.429,     -0.299,      0.305,    β:       1.000
α:       0.403,      0.554,      0.942,      0.437,     -0.301,      0.307,    β:       1.000
α:       0.401,      0.558,      0.958,      0.444,     -0.302,      0.308,    β:       1.000
α:       0.402,      0.560,      0.972,      0.451,     -0.305,      0.309,    β:       1.000
α:       0.403,      0.562,      0.987,      0.458,     -0.308,      0.311,    β:       1.000
α:       0.406,      0.564,      1.001,      0.464,     -0.310,      0.312,    β:       1.000
α:       0.408,      0.566,      1.015,      0.471,     -0.313,      0.314,    β:       1.000
α:       0.406,      0.569,      1.029,      0.479,     -0.314,      0.315,    β:       1.000
α:       0.406,      0.569,      1.041,      0.485,     -0.316,      0.316,    β:       1.000
α:       0.405,      0.571,      1.053,      0.491,     -0.317,      0.317,    β:       1.000
α:       0.404,      0.576,      1.066,      0.498,     -0.319,      0.319,    β:       1.000
α:       0.403,      0.580,      1.079,      0.503,     -0.319,      0.320,    β:       1.000
α:       0.404,      0.581,      1.091,      0.508,     -0.321,      0.321,    β:       1.000
α:       0.404,      0.583,      1.103,      0.514,     -0.322,      0.322,    β:       1.000
α:       0.402,      0.582,      1.114,      0.520,     -0.322,      0.323,    β:       1.000
α:       0.400,      0.583,      1.126,      0.525,     -0.324,      0.324,    β:       1.000
α:       0.400,      0.584,      1.137,      0.530,     -0.324,      0.326,    β:       1.000
α:       0.400,      0.582,      1.147,      0.535,     -0.324,      0.326,    β:       1.000
α:       0.402,      0.584,      1.159,      0.541,     -0.326,      0.327,    β:       1.000
α:       0.403,      0.585,      1.170,      0.547,     -0.327,      0.328,    β:       1.000
α:       0.402,      0.587,      1.179,      0.551,     -0.327,      0.327,    β:       1.000
α:       0.400,      0.588,      1.190,      0.556,     -0.327,      0.327,    β:       1.000
α:       0.397,      0.588,      1.199,      0.561,     -0.327,      0.327,    β:       1.000
α:       0.396,      0.589,      1.209,      0.566,     -0.328,      0.328,    β:       1.000
α:       0.396,      0.588,      1.218,      0.570,     -0.328,      0.328,    β:       1.000
α:       0.397,      0.589,      1.227,      0.575,     -0.329,      0.328,    β:       1.000
α:       0.395,      0.590,      1.236,      0.579,     -0.329,      0.328,    β:       1.000
α:       0.391,      0.590,      1.245,      0.584,     -0.328,      0.328,    β:       1.000
α:       0.393,      0.590,      1.254,      0.589,     -0.329,      0.327,    β:       1.000
α:       0.392,      0.589,      1.262,      0.594,     -0.330,      0.325,    β:       1.000
α:       0.390,      0.590,      1.271,      0.600,     -0.330,      0.325,    β:       1.000
α:       0.390,      0.592,      1.279,      0.604,     -0.332,      0.325,    β:       1.000
α:       0.389,      0.594,      1.289,      0.609,     -0.334,      0.326,    β:       1.000
α:       0.388,      0.593,      1.298,      0.614,     -0.334,      0.327,    β:       1.000
α:       0.388,      0.595,      1.306,      0.618,     -0.334,      0.327,    β:       1.000
α:       0.385,      0.595,      1.314,      0.622,     -0.334,      0.327,    β:       1.000
α:       0.385,      0.595,      1.321,      0.626,     -0.334,      0.327,    β:       1.000
α:       0.385,      0.595,      1.328,      0.631,     -0.334,      0.326,    β:       1.000
α:       0.382,      0.595,      1.335,      0.634,     -0.334,      0.326,    β:       1.000
α:       0.383,      0.596,      1.343,      0.639,     -0.335,      0.326,    β:       1.000
α:       0.382,      0.596,      1.350,      0.642,     -0.335,      0.325,    β:       1.000
α:       0.382,      0.598,      1.357,      0.646,     -0.334,      0.324,    β:       1.000
α:       0.382,      0.597,      1.363,      0.650,     -0.336,      0.323,    β:       1.000
α:       0.381,      0.598,      1.369,      0.653,     -0.336,      0.323,    β:       1.000
α:       0.380,      0.596,      1.375,      0.657,     -0.337,      0.322,    β:       1.000
α:       0.380,      0.598,      1.382,      0.661,     -0.336,      0.323,    β:       1.000
α:       0.379,      0.597,      1.388,      0.665,     -0.336,      0.321,    β:       1.000
α:       0.384,      0.598,      1.395,      0.669,     -0.337,      0.320,    β:       1.000
α:       0.383,      0.596,      1.401,      0.673,     -0.337,      0.320,    β:       1.000
α:       0.382,      0.597,      1.407,      0.677,     -0.336,      0.320,    β:       1.000
α:       0.380,      0.597,      1.413,      0.680,     -0.336,      0.319,    β:       1.000
α:       0.382,      0.596,      1.418,      0.685,     -0.337,      0.318,    β:       1.000
α:       0.382,      0.598,      1.424,      0.688,     -0.337,      0.317,    β:       1.000
α:       0.379,      0.599,      1.430,      0.691,     -0.337,      0.316,    β:       1.000
α:       0.379,      0.600,      1.437,      0.695,     -0.337,      0.316,    β:       1.000
α:       0.377,      0.598,      1.443,      0.698,     -0.336,      0.316,    β:       1.000
α:       0.375,      0.598,      1.449,      0.701,     -0.335,      0.315,    β:       1.000
α:       0.371,      0.597,      1.455,      0.704,     -0.333,      0.314,    β:       1.000
α:       0.368,      0.597,      1.461,      0.708,     -0.333,      0.315,    β:       1.000
α:       0.366,      0.596,      1.467,      0.711,     -0.333,      0.315,    β:       1.000
α:       0.364,      0.593,      1.473,      0.714,     -0.333,      0.315,    β:       1.000
α:       0.367,      0.594,      1.479,      0.717,     -0.333,      0.314,    β:       1.000
α:       0.366,      0.594,      1.484,      0.721,     -0.334,      0.312,    β:       1.000
α:       0.364,      0.594,      1.488,      0.724,     -0.332,      0.311,    β:       1.000
α:       0.360,      0.593,      1.495,      0.727,     -0.332,      0.309,    β:       1.000
α:       0.361,      0.591,      1.500,      0.730,     -0.332,      0.308,    β:       1.000
α:       0.361,      0.592,      1.506,      0.733,     -0.331,      0.308,    β:       1.000
α:       0.361,      0.591,      1.510,      0.738,     -0.332,      0.307,    β:       1.000
α:       0.359,      0.590,      1.516,      0.740,     -0.332,      0.307,    β:       1.000
α:       0.360,      0.591,      1.521,      0.743,     -0.331,      0.307,    β:       1.000
α:       0.361,      0.590,      1.526,      0.747,     -0.332,      0.306,    β:       1.000
α:       0.360,      0.588,      1.530,      0.750,     -0.332,      0.305,    β:       1.000
α:       0.362,      0.589,      1.535,      0.754,     -0.333,      0.303,    β:       1.000
α:       0.360,      0.589,      1.540,      0.754,     -0.332,      0.303,    β:       1.000
α:       0.357,      0.590,      1.545,      0.757,     -0.331,      0.303,    β:       1.000
α:       0.357,      0.591,      1.551,      0.759,     -0.331,      0.303,    β:       1.000
α:       0.357,      0.592,      1.555,      0.762,     -0.330,      0.303,    β:       1.000
α:       0.356,      0.590,      1.559,      0.765,     -0.329,      0.301,    β:       1.000
α:       0.354,      0.590,      1.564,      0.767,     -0.328,      0.302,    β:       1.000
α:       0.349,      0.589,      1.569,      0.769,     -0.326,      0.300,    β:       1.000
α:       0.349,      0.588,      1.573,      0.772,     -0.326,      0.299,    β:       1.000
α:       0.349,      0.589,      1.577,      0.775,     -0.325,      0.299,    β:       1.000
α:       0.347,      0.588,      1.581,      0.778,     -0.325,      0.297,    β:       1.000
α:       0.347,      0.587,      1.586,      0.780,     -0.325,      0.296,    β:       1.000
α:       0.344,      0.586,      1.591,      0.784,     -0.325,      0.295,    β:       1.000
α:       0.342,      0.586,      1.595,      0.786,     -0.324,      0.294,    β:       1.000
α:       0.343,      0.588,      1.600,      0.789,     -0.324,      0.293,    β:       1.000
α:       0.343,      0.586,      1.605,      0.792,     -0.324,      0.293,    β:       1.000
α:       0.345,      0.588,      1.609,      0.796,     -0.325,      0.293,    β:       1.000
α:       0.346,      0.588,      1.613,      0.797,     -0.324,      0.292,    β:       1.000
α:       0.348,      0.588,      1.617,      0.800,     -0.324,      0.291,    β:       1.000
α:       0.349,      0.588,      1.621,      0.802,     -0.325,      0.291,    β:       1.000
α:       0.350,      0.587,      1.625,      0.805,     -0.324,      0.290,    β:       1.000
α:       0.348,      0.586,      1.629,      0.807,     -0.322,      0.288,    β:       1.000
α:       0.349,      0.587,      1.632,      0.809,     -0.322,      0.287,    β:       1.000
α:       0.350,      0.588,      1.635,      0.812,     -0.323,      0.286,    β:       1.000
α:       0.351,      0.586,      1.639,      0.814,     -0.323,      0.285,    β:       1.000
α:       0.352,      0.586,      1.643,      0.817,     -0.322,      0.284,    β:       1.000
α:       0.350,      0.585,      1.647,      0.820,     -0.323,      0.282,    β:       1.000
α:       0.349,      0.582,      1.651,      0.822,     -0.323,      0.282,    β:       1.000
α:       0.348,      0.581,      1.655,      0.824,     -0.322,      0.281,    β:       1.000
α:       0.346,      0.581,      1.658,      0.826,     -0.321,      0.279,    β:       1.000
α:       0.346,      0.581,      1.660,      0.828,     -0.320,      0.279,    β:       1.000
α:       0.345,      0.580,      1.663,      0.831,     -0.318,      0.277,    β:       1.000
α:       0.347,      0.582,      1.667,      0.835,     -0.318,      0.275,    β:       1.000
α:       0.345,      0.583,      1.671,      0.837,     -0.317,      0.276,    β:       1.000
α:       0.348,      0.583,      1.674,      0.839,     -0.317,      0.275,    β:       1.000
α:       0.347,      0.585,      1.676,      0.841,     -0.316,      0.274,    β:       1.000
α:       0.345,      0.586,      1.679,      0.843,     -0.316,      0.274,    β:       1.000
α:       0.347,      0.586,      1.682,      0.846,     -0.316,      0.273,    β:       1.000
α:       0.349,      0.586,      1.685,      0.849,     -0.316,      0.272,    β:       1.000
α:       0.350,      0.585,      1.688,      0.852,     -0.315,      0.270,    β:       1.000
α:       0.346,      0.586,      1.691,      0.854,     -0.314,      0.269,    β:       1.000
α:       0.348,      0.587,      1.693,      0.857,     -0.315,      0.268,    β:       1.000
α:       0.350,      0.588,      1.697,      0.858,     -0.314,      0.268,    β:       1.000
α:       0.351,      0.587,      1.700,      0.861,     -0.314,      0.267,    β:       1.000
α:       0.347,      0.586,      1.703,      0.863,     -0.313,      0.267,    β:       1.000
α:       0.347,      0.586,      1.707,      0.865,     -0.313,      0.266,    β:       1.000
α:       0.344,      0.587,      1.710,      0.867,     -0.312,      0.266,    β:       1.000
α:       0.344,      0.586,      1.713,      0.870,     -0.312,      0.264,    β:       1.000
α:       0.345,      0.585,      1.716,      0.872,     -0.312,      0.262,    β:       1.000
α:       0.344,      0.586,      1.719,      0.874,     -0.311,      0.262,    β:       1.000
α:       0.344,      0.587,      1.721,      0.876,     -0.311,      0.262,    β:       1.000
α:       0.345,      0.587,      1.723,      0.879,     -0.310,      0.261,    β:       1.000
α:       0.346,      0.588,      1.726,      0.881,     -0.309,      0.261,    β:       1.000
α:       0.346,      0.590,      1.730,      0.883,     -0.309,      0.260,    β:       1.000
α:       0.348,      0.589,      1.733,      0.884,     -0.310,      0.259,    β:       1.000
α:       0.348,      0.588,      1.735,      0.887,     -0.309,      0.258,    β:       1.000
α:       0.345,      0.589,      1.738,      0.888,     -0.308,      0.257,    β:       1.000
α:       0.346,      0.586,      1.741,      0.891,     -0.308,      0.255,    β:       1.000
α:       0.345,      0.585,      1.744,      0.893,     -0.307,      0.255,    β:       1.000
α:       0.345,      0.584,      1.746,      0.895,     -0.306,      0.255,    β:       1.000
α:       0.344,      0.584,      1.748,      0.896,     -0.304,      0.255,    β:       1.000
α:       0.345,      0.584,      1.750,      0.898,     -0.304,      0.254,    β:       1.000
α:       0.343,      0.580,      1.754,      0.899,     -0.303,      0.252,    β:       1.000
α:       0.342,      0.582,      1.756,      0.900,     -0.302,      0.252,    β:       1.000
α:       0.340,      0.585,      1.759,      0.902,     -0.300,      0.251,    β:       1.000
α:       0.341,      0.585,      1.761,      0.905,     -0.301,      0.251,    β:       1.000
α:       0.343,      0.586,      1.764,      0.908,     -0.301,      0.250,    β:       1.000
α:       0.342,      0.584,      1.768,      0.909,     -0.301,      0.249,    β:       1.000
α:       0.341,      0.584,      1.770,      0.911,     -0.300,      0.247,    β:       1.000
α:       0.340,      0.583,      1.772,      0.912,     -0.299,      0.246,    β:       1.000
α:       0.340,      0.583,      1.774,      0.913,     -0.299,      0.245,    β:       1.000
α:       0.340,      0.582,      1.777,      0.915,     -0.299,      0.245,    β:       1.000
α:       0.339,      0.581,      1.780,      0.917,     -0.298,      0.244,    β:       1.000
α:       0.339,      0.581,      1.783,      0.919,     -0.298,      0.242,    β:       1.000
α:       0.342,      0.580,      1.785,      0.921,     -0.297,      0.240,    β:       1.000
α:       0.343,      0.580,      1.787,      0.923,     -0.296,      0.239,    β:       1.000
α:       0.340,      0.579,      1.789,      0.923,     -0.296,      0.238,    β:       1.000
α:       0.341,      0.579,      1.791,      0.925,     -0.294,      0.237,    β:       1.000
α:       0.339,      0.578,      1.794,      0.927,     -0.293,      0.236,    β:       1.000
α:       0.337,      0.578,      1.796,      0.928,     -0.292,      0.236,    β:       1.000
α:       0.337,      0.580,      1.798,      0.931,     -0.292,      0.235,    β:       1.000
α:       0.334,      0.579,      1.801,      0.932,     -0.291,      0.236,    β:       1.000
α:       0.336,      0.579,      1.803,      0.934,     -0.291,      0.236,    β:       1.000
α:       0.335,      0.580,      1.805,      0.935,     -0.290,      0.236,    β:       1.000
α:       0.337,      0.582,      1.806,      0.937,     -0.290,      0.235,    β:       1.000
α:       0.337,      0.582,      1.808,      0.939,     -0.290,      0.234,    β:       1.000
α:       0.337,      0.582,      1.810,      0.940,     -0.289,      0.233,    β:       1.000
α:       0.337,      0.582,      1.812,      0.942,     -0.289,      0.232,    β:       1.000
α:       0.337,      0.584,      1.814,      0.944,     -0.287,      0.233,    β:       1.000
α:       0.335,      0.583,      1.816,      0.945,     -0.286,      0.232,    β:       1.000
α:       0.334,      0.584,      1.818,      0.948,     -0.286,      0.231,    β:       1.000
α:       0.335,      0.585,      1.821,      0.950,     -0.287,      0.231,    β:       1.000
α:       0.337,      0.582,      1.823,      0.951,     -0.287,      0.230,    β:       1.000
α:       0.335,      0.580,      1.824,      0.952,     -0.285,      0.229,    β:       1.000
α:       0.334,      0.579,      1.826,      0.954,     -0.285,      0.227,    β:       1.000
α:       0.335,      0.580,      1.830,      0.955,     -0.286,      0.227,    β:       1.000
α:       0.335,      0.579,      1.832,      0.956,     -0.286,      0.226,    β:       1.000
α:       0.337,      0.580,      1.834,      0.958,     -0.286,      0.225,    β:       1.000
α:       0.336,      0.580,      1.834,      0.959,     -0.285,      0.224,    β:       1.000
α:       0.336,      0.580,      1.836,      0.961,     -0.285,      0.222,    β:       1.000
α:       0.334,      0.578,      1.838,      0.961,     -0.284,      0.221,    β:       1.000
α:       0.333,      0.580,      1.841,      0.963,     -0.283,      0.220,    β:       1.000
α:       0.329,      0.580,      1.844,      0.965,     -0.282,      0.220,    β:       1.000
α:       0.331,      0.580,      1.846,      0.966,     -0.283,      0.219,    β:       1.000
α:       0.332,      0.581,      1.847,      0.968,     -0.283,      0.219,    β:       1.000
α:       0.330,      0.581,      1.848,      0.969,     -0.282,      0.219,    β:       1.000
α:       0.328,      0.578,      1.851,      0.972,     -0.282,      0.217,    β:       1.000
α:       0.331,      0.579,      1.852,      0.974,     -0.282,      0.216,    β:       1.000
α:       0.332,      0.579,      1.854,      0.976,     -0.283,      0.216,    β:       1.000
α:       0.334,      0.579,      1.856,      0.977,     -0.284,      0.214,    β:       1.000
α:       0.333,      0.580,      1.858,      0.978,     -0.283,      0.215,    β:       1.000
α:       0.332,      0.582,      1.860,      0.979,     -0.281,      0.214,    β:       1.000
α:       0.329,      0.579,      1.861,      0.980,     -0.280,      0.212,    β:       1.000
α:       0.332,      0.579,      1.862,      0.981,     -0.281,      0.212,    β:       1.000
α:       0.334,      0.580,      1.863,      0.983,     -0.281,      0.212,    β:       1.000
α:       0.335,      0.580,      1.866,      0.983,     -0.280,      0.211,    β:       1.000
α:       0.335,      0.580,      1.867,      0.984,     -0.279,      0.210,    β:       1.000
α:       0.333,      0.578,      1.868,      0.985,     -0.278,      0.209,    β:       1.000
α:       0.333,      0.578,      1.869,      0.986,     -0.279,      0.207,    β:       1.000
α:       0.334,      0.579,      1.871,      0.988,     -0.279,      0.207,    β:       1.000
α:       0.336,      0.583,      1.873,      0.990,     -0.279,      0.207,    β:       1.000
α:       0.333,      0.582,      1.874,      0.991,     -0.278,      0.206,    β:       1.000
α:       0.333,      0.583,      1.875,      0.991,     -0.277,      0.205,    β:       1.000
α:       0.333,      0.582,      1.877,      0.994,     -0.275,      0.204,    β:       1.000
α:       0.333,      0.580,      1.879,      0.995,     -0.274,      0.203,    β:       1.000
α:       0.335,      0.581,      1.880,      0.997,     -0.273,      0.202,    β:       1.000
α:       0.334,      0.579,      1.882,      0.998,     -0.273,      0.201,    β:       1.000
α:       0.332,      0.579,      1.884,      0.999,     -0.274,      0.200,    β:       1.000
α:       0.331,      0.580,      1.886,      1.000,     -0.275,      0.200,    β:       1.000
α:       0.332,      0.581,      1.888,      1.001,     -0.275,      0.201,    β:       1.000
α:       0.333,      0.578,      1.889,      1.002,     -0.275,      0.199,    β:       1.000
α:       0.333,      0.577,      1.890,      1.003,     -0.276,      0.199,    β:       1.000
α:       0.331,      0.578,      1.891,      1.003,     -0.276,      0.199,    β:       1.000
α:       0.331,      0.579,      1.893,      1.005,     -0.277,      0.199,    β:       1.000
α:       0.332,      0.580,      1.895,      1.006,     -0.276,      0.199,    β:       1.000
α:       0.331,      0.580,      1.897,      1.007,     -0.275,      0.199,    β:       1.000
α:       0.332,      0.579,      1.898,      1.008,     -0.276,      0.198,    β:       1.000
α:       0.332,      0.578,      1.898,      1.009,     -0.276,      0.197,    β:       1.000
α:       0.332,      0.580,      1.899,      1.012,     -0.276,      0.197,    β:       1.000
α:       0.334,      0.579,      1.900,      1.012,     -0.276,      0.196,    β:       1.000
α:       0.335,      0.579,      1.901,      1.014,     -0.276,      0.195,    β:       1.000
α:       0.334,      0.578,      1.902,      1.015,     -0.276,      0.194,    β:       1.000
α:       0.332,      0.578,      1.903,      1.015,     -0.274,      0.193,    β:       1.000
α:       0.333,      0.578,      1.904,      1.016,     -0.274,      0.194,    β:       1.000
α:       0.336,      0.578,      1.906,      1.017,     -0.274,      0.194,    β:       1.000
α:       0.334,      0.577,      1.907,      1.018,     -0.274,      0.193,    β:       1.000
α:       0.333,      0.578,      1.908,      1.018,     -0.273,      0.194,    β:       1.000
α:       0.334,      0.579,      1.908,      1.020,     -0.273,      0.192,    β:       1.000
α:       0.334,      0.579,      1.910,      1.021,     -0.273,      0.191,    β:       1.000
α:       0.333,      0.580,      1.911,      1.022,     -0.272,      0.190,    β:       1.000
α:       0.334,      0.580,      1.912,      1.022,     -0.271,      0.188,    β:       1.000
α:       0.334,      0.581,      1.913,      1.023,     -0.271,      0.187,    β:       1.000
α:       0.332,      0.580,      1.914,      1.023,     -0.270,      0.186,    β:       1.000
α:       0.330,      0.578,      1.916,      1.024,     -0.268,      0.185,    β:       1.000
α:       0.331,      0.578,      1.917,      1.025,     -0.268,      0.183,    β:       1.000
α:       0.329,      0.577,      1.918,      1.025,     -0.268,      0.183,    β:       1.000
α:       0.327,      0.577,      1.920,      1.025,     -0.267,      0.182,    β:       1.000
α:       0.327,      0.576,      1.920,      1.025,     -0.266,      0.182,    β:       1.000
α:       0.328,      0.578,      1.921,      1.027,     -0.266,      0.183,    β:       1.000
α:       0.326,      0.579,      1.923,      1.028,     -0.265,      0.184,    β:       1.000
α:       0.327,      0.580,      1.924,      1.029,     -0.266,      0.182,    β:       1.000
α:       0.328,      0.580,      1.926,      1.029,     -0.265,      0.182,    β:       1.000
α:       0.327,      0.581,      1.928,      1.030,     -0.264,      0.181,    β:       1.000
α:       0.327,      0.581,      1.929,      1.031,     -0.263,      0.180,    β:       1.000
α:       0.323,      0.580,      1.929,      1.032,     -0.262,      0.180,    β:       1.000
α:       0.327,      0.582,      1.930,      1.034,     -0.262,      0.179,    β:       1.000
α:       0.326,      0.583,      1.931,      1.034,     -0.262,      0.179,    β:       1.000
α:       0.324,      0.581,      1.932,      1.035,     -0.262,      0.178,    β:       1.000
α:       0.321,      0.582,      1.933,      1.035,     -0.260,      0.178,    β:       1.000
α:       0.321,      0.583,      1.934,      1.036,     -0.260,      0.177,    β:       1.000
α:       0.323,      0.582,      1.935,      1.037,     -0.260,      0.176,    β:       1.000
α:       0.322,      0.584,      1.936,      1.038,     -0.259,      0.176,    β:       1.000
α:       0.324,      0.586,      1.938,      1.039,     -0.260,      0.176,    β:       1.000
α:       0.326,      0.586,      1.940,      1.040,     -0.261,      0.175,    β:       1.000
α:       0.328,      0.587,      1.941,      1.042,     -0.261,      0.175,    β:       1.000
α:       0.327,      0.589,      1.942,      1.042,     -0.259,      0.175,    β:       1.000
α:       0.328,      0.588,      1.943,      1.043,     -0.259,      0.174,    β:       1.000
α:       0.329,      0.587,      1.943,      1.043,     -0.258,      0.173,    β:       1.000
α:       0.331,      0.587,      1.944,      1.044,     -0.258,      0.171,    β:       1.000
α:       0.332,      0.586,      1.946,      1.045,     -0.258,      0.171,    β:       1.000
α:       0.332,      0.584,      1.947,      1.045,     -0.258,      0.169,    β:       1.000
α:       0.333,      0.583,      1.949,      1.047,     -0.258,      0.168,    β:       1.000
α:       0.331,      0.585,      1.950,      1.048,     -0.258,      0.168,    β:       1.000
α:       0.330,      0.587,      1.952,      1.049,     -0.258,      0.168,    β:       1.000
α:       0.328,      0.586,      1.954,      1.049,     -0.256,      0.169,    β:       1.000
α:       0.328,      0.585,      1.954,      1.050,     -0.255,      0.168,    β:       1.000
α:       0.328,      0.583,      1.956,      1.050,     -0.255,      0.168,    β:       1.000
α:       0.330,      0.584,      1.957,      1.051,     -0.256,      0.167,    β:       1.000
α:       0.331,      0.583,      1.959,      1.052,     -0.256,      0.167,    β:       1.000
α:       0.331,      0.582,      1.960,      1.052,     -0.256,      0.166,    β:       1.000
α:       0.332,      0.584,      1.962,      1.054,     -0.257,      0.167,    β:       1.000
α:       0.332,      0.583,      1.963,      1.054,     -0.257,      0.167,    β:       1.000
α:       0.335,      0.585,      1.965,      1.056,     -0.257,      0.169,    β:       1.000
α:       0.335,      0.586,      1.966,      1.057,     -0.256,      0.169,    β:       1.000
α:       0.337,      0.587,      1.966,      1.057,     -0.255,      0.170,    β:       1.000
α:       0.335,      0.587,      1.967,      1.058,     -0.255,      0.169,    β:       1.000
α:       0.336,      0.585,      1.968,      1.059,     -0.254,      0.168,    β:       1.000
α:       0.336,      0.586,      1.969,      1.060,     -0.254,      0.169,    β:       1.000
α:       0.340,      0.586,      1.970,      1.061,     -0.254,      0.169,    β:       1.000
α:       0.338,      0.586,      1.972,      1.060,     -0.253,      0.169,    β:       1.000
α:       0.338,      0.587,      1.973,      1.062,     -0.253,      0.168,    β:       1.000
α:       0.336,      0.588,      1.974,      1.063,     -0.252,      0.168,    β:       1.000
α:       0.336,      0.587,      1.974,      1.063,     -0.252,      0.167,    β:       1.000
α:       0.335,      0.583,      1.975,      1.063,     -0.252,      0.166,    β:       1.000
α:       0.334,      0.582,      1.975,      1.064,     -0.251,      0.165,    β:       1.000
α:       0.332,      0.581,      1.976,      1.065,     -0.251,      0.165,    β:       1.000
α:       0.331,      0.580,      1.976,      1.066,     -0.250,      0.163,    β:       1.000
α:       0.332,      0.582,      1.978,      1.068,     -0.250,      0.163,    β:       1.000
α:       0.330,      0.582,      1.978,      1.069,     -0.251,      0.163,    β:       1.000
α:       0.333,      0.582,      1.979,      1.069,     -0.252,      0.163,    β:       1.000
α:       0.331,      0.582,      1.980,      1.070,     -0.250,      0.162,    β:       1.000
α:       0.331,      0.584,      1.982,      1.070,     -0.248,      0.163,    β:       1.000
α:       0.330,      0.586,      1.982,      1.070,     -0.248,      0.163,    β:       1.000
α:       0.331,      0.588,      1.983,      1.072,     -0.247,      0.164,    β:       1.000
α:       0.333,      0.589,      1.984,      1.073,     -0.247,      0.165,    β:       1.000
α:       0.334,      0.590,      1.986,      1.073,     -0.248,      0.165,    β:       1.000
α:       0.332,      0.590,      1.986,      1.075,     -0.247,      0.164,    β:       1.000
α:       0.332,      0.593,      1.987,      1.076,     -0.248,      0.165,    β:       1.000
α:       0.330,      0.590,      1.989,      1.076,     -0.248,      0.164,    β:       1.000
α:       0.328,      0.588,      1.989,      1.076,     -0.247,      0.163,    β:       1.000
α:       0.328,      0.589,      1.990,      1.077,     -0.247,      0.162,    β:       1.000
α:       0.327,      0.585,      1.992,      1.077,     -0.247,      0.161,    β:       1.000
α:       0.327,      0.586,      1.992,      1.078,     -0.246,      0.161,    β:       1.000
α:       0.326,      0.586,      1.993,      1.078,     -0.245,      0.161,    β:       1.000
α:       0.325,      0.586,      1.993,      1.078,     -0.245,      0.160,    β:       1.000
α:       0.325,      0.585,      1.994,      1.079,     -0.245,      0.159,    β:       1.000
α:       0.326,      0.584,      1.994,      1.079,     -0.244,      0.158,    β:       1.000
α:       0.325,      0.582,      1.994,      1.080,     -0.244,      0.159,    β:       1.000
α:       0.327,      0.582,      1.996,      1.081,     -0.244,      0.158,    β:       1.000
α:       0.326,      0.582,      1.996,      1.081,     -0.244,      0.157,    β:       1.000
α:       0.326,      0.582,      1.998,      1.082,     -0.243,      0.157,    β:       1.000
α:       0.328,      0.582,      1.998,      1.082,     -0.244,      0.156,    β:       1.000
α:       0.330,      0.583,      1.999,      1.082,     -0.244,      0.155,    β:       1.000
α:       0.328,      0.584,      1.999,      1.082,     -0.244,      0.156,    β:       1.000
α:       0.329,      0.585,      2.001,      1.083,     -0.244,      0.156,    β:       1.000
α:       0.329,      0.586,      2.002,      1.083,     -0.245,      0.158,    β:       1.000
α:       0.327,      0.587,      2.001,      1.083,     -0.244,      0.158,    β:       1.000
α:       0.326,      0.589,      2.002,      1.084,     -0.243,      0.159,    β:       1.000
α:       0.324,      0.590,      2.003,      1.084,     -0.241,      0.157,    β:       1.000
α:       0.326,      0.589,      2.003,      1.085,     -0.241,      0.157,    β:       1.000
α:       0.327,      0.588,      2.004,      1.086,     -0.242,      0.157,    β:       1.000
α:       0.327,      0.586,      2.005,      1.088,     -0.241,      0.156,    β:       1.000
α:       0.328,      0.585,      2.005,      1.088,     -0.241,      0.157,    β:       1.000
α:       0.330,      0.585,      2.007,      1.089,     -0.242,      0.157,    β:       1.000
α:       0.333,      0.584,      2.007,      1.092,     -0.243,      0.156,    β:       1.000
α:       0.331,      0.585,      2.007,      1.092,     -0.243,      0.156,    β:       1.000
α:       0.329,      0.584,      2.009,      1.093,     -0.243,      0.156,    β:       1.000
α:       0.326,      0.583,      2.010,      1.093,     -0.241,      0.155,    β:       1.000
α:       0.328,      0.584,      2.011,      1.093,     -0.242,      0.153,    β:       1.000
α:       0.327,      0.585,      2.011,      1.092,     -0.241,      0.153,    β:       1.000
α:       0.328,      0.584,      2.012,      1.093,     -0.242,      0.152,    β:       1.000
α:       0.330,      0.584,      2.013,      1.094,     -0.242,      0.153,    β:       1.000
α:       0.331,      0.583,      2.013,      1.095,     -0.242,      0.152,    β:       1.000
α:       0.331,      0.584,      2.013,      1.096,     -0.242,      0.152,    β:       1.000
α:       0.328,      0.584,      2.014,      1.096,     -0.241,      0.152,    β:       1.000
α:       0.329,      0.584,      2.015,      1.097,     -0.241,      0.151,    β:       1.000
α:       0.328,      0.584,      2.016,      1.097,     -0.241,      0.151,    β:       1.000
α:       0.326,      0.583,      2.017,      1.097,     -0.240,      0.152,    β:       1.000
α:       0.326,      0.583,      2.017,      1.098,     -0.240,      0.150,    β:       1.000
α:       0.328,      0.582,      2.018,      1.099,     -0.241,      0.151,    β:       1.000
α:       0.328,      0.582,      2.019,      1.099,     -0.240,      0.149,    β:       1.000
α:       0.327,      0.582,      2.020,      1.100,     -0.241,      0.149,    β:       1.000
α:       0.328,      0.581,      2.019,      1.100,     -0.240,      0.149,    β:       1.000
α:       0.328,      0.581,      2.019,      1.100,     -0.240,      0.149,    β:       1.000
α:       0.327,      0.583,      2.019,      1.100,     -0.239,      0.149,    β:       1.000
α:       0.326,      0.585,      2.021,      1.100,     -0.238,      0.149,    β:       1.000
α:       0.327,      0.582,      2.021,      1.101,     -0.238,      0.148,    β:       1.000
α:       0.327,      0.584,      2.022,      1.101,     -0.238,      0.147,    β:       1.000
α:       0.326,      0.581,      2.022,      1.102,     -0.238,      0.145,    β:       1.000
α:       0.326,      0.580,      2.022,      1.102,     -0.237,      0.145,    β:       1.000
α:       0.326,      0.580,      2.024,      1.103,     -0.237,      0.145,    β:       1.000
α:       0.325,      0.580,      2.025,      1.103,     -0.236,      0.145,    β:       1.000
α:       0.325,      0.579,      2.026,      1.102,     -0.235,      0.145,    β:       1.000
α:       0.323,      0.578,      2.027,      1.103,     -0.235,      0.144,    β:       1.000
α:       0.326,      0.577,      2.027,      1.103,     -0.236,      0.144,    β:       1.000
α:       0.325,      0.577,      2.028,      1.104,     -0.235,      0.144,    β:       1.000
α:       0.325,      0.576,      2.029,      1.103,     -0.235,      0.144,    β:       1.000
α:       0.326,      0.577,      2.030,      1.104,     -0.235,      0.144,    β:       1.000
α:       0.326,      0.575,      2.030,      1.103,     -0.235,      0.143,    β:       1.000
α:       0.324,      0.576,      2.030,      1.103,     -0.233,      0.142,    β:       1.000
α:       0.326,      0.578,      2.030,      1.104,     -0.233,      0.142,    β:       1.000
α:       0.324,      0.579,      2.030,      1.105,     -0.232,      0.144,    β:       1.000
α:       0.324,      0.579,      2.030,      1.106,     -0.232,      0.144,    β:       1.000
α:       0.321,      0.577,      2.031,      1.107,     -0.231,      0.143,    β:       1.000
α:       0.321,      0.578,      2.032,      1.107,     -0.230,      0.142,    β:       1.000
α:       0.325,      0.579,      2.033,      1.108,     -0.230,      0.143,    β:       1.000
α:       0.323,      0.578,      2.033,      1.108,     -0.230,      0.142,    β:       1.000
α:       0.325,      0.579,      2.034,      1.108,     -0.230,      0.142,    β:       1.000
α:       0.324,      0.580,      2.035,      1.109,     -0.230,      0.142,    β:       1.000
α:       0.325,      0.580,      2.035,      1.110,     -0.230,      0.142,    β:       1.000
α:       0.326,      0.580,      2.035,      1.111,     -0.230,      0.141,    β:       1.000
α:       0.327,      0.580,      2.036,      1.111,     -0.230,      0.141,    β:       1.000
α:       0.328,      0.579,      2.036,      1.112,     -0.230,      0.141,    β:       1.000
α:       0.331,      0.579,      2.036,      1.113,     -0.231,      0.140,    β:       1.000
α:       0.330,      0.580,      2.037,      1.112,     -0.230,      0.140,    β:       1.000
α:       0.330,      0.580,      2.037,      1.112,     -0.230,      0.140,    β:       1.000
α:       0.329,      0.580,      2.038,      1.113,     -0.229,      0.139,    β:       1.000
α:       0.330,      0.581,      2.038,      1.114,     -0.229,      0.140,    β:       1.000
α:       0.333,      0.581,      2.037,      1.114,     -0.229,      0.139,    β:       1.000
α:       0.332,      0.582,      2.038,      1.114,     -0.229,      0.139,    β:       1.000
α:       0.329,      0.583,      2.038,      1.114,     -0.228,      0.139,    β:       1.000
α:       0.328,      0.583,      2.039,      1.115,     -0.227,      0.138,    β:       1.000
α:       0.326,      0.583,      2.039,      1.115,     -0.227,      0.137,    β:       1.000
α:       0.328,      0.582,      2.040,      1.115,     -0.228,      0.136,    β:       1.000
α:       0.332,      0.581,      2.040,      1.116,     -0.227,      0.135,    β:       1.000
α:       0.330,      0.580,      2.041,      1.116,     -0.225,      0.135,    β:       1.000
α:       0.329,      0.581,      2.041,      1.115,     -0.224,      0.134,    β:       1.000
α:       0.329,      0.582,      2.041,      1.115,     -0.223,      0.136,    β:       1.000
α:       0.329,      0.580,      2.042,      1.116,     -0.224,      0.137,    β:       1.000
α:       0.329,      0.580,      2.042,      1.115,     -0.223,      0.137,    β:       1.000
α:       0.329,      0.580,      2.042,      1.116,     -0.222,      0.135,    β:       1.000
α:       0.328,      0.582,      2.043,      1.116,     -0.222,      0.135,    β:       1.000
α:       0.327,      0.580,      2.043,      1.116,     -0.221,      0.134,    β:       1.000
α:       0.330,      0.581,      2.044,      1.117,     -0.222,      0.135,    β:       1.000
α:       0.331,      0.582,      2.044,      1.117,     -0.222,      0.135,    β:       1.000
α:       0.331,      0.581,      2.043,      1.118,     -0.222,      0.132,    β:       1.000
α:       0.331,      0.582,      2.043,      1.117,     -0.222,      0.133,    β:       1.000
α:       0.329,      0.581,      2.044,      1.117,     -0.222,      0.133,    β:       1.000
α:       0.327,      0.580,      2.044,      1.117,     -0.221,      0.132,    β:       1.000
α:       0.328,      0.581,      2.044,      1.118,     -0.221,      0.131,    β:       1.000
α:       0.329,      0.581,      2.046,      1.119,     -0.222,      0.131,    β:       1.000
α:       0.329,      0.579,      2.046,      1.118,     -0.221,      0.131,    β:       1.000
α:       0.329,      0.579,      2.046,      1.118,     -0.221,      0.130,    β:       1.000
α:       0.329,      0.578,      2.046,      1.118,     -0.221,      0.130,    β:       1.000
α:       0.327,      0.577,      2.048,      1.118,     -0.221,      0.129,    β:       1.000
α:       0.325,      0.575,      2.048,      1.118,     -0.221,      0.128,    β:       1.000
α:       0.324,      0.576,      2.048,      1.118,     -0.220,      0.129,    β:       1.000
α:       0.325,      0.576,      2.047,      1.119,     -0.219,      0.127,    β:       1.000
α:       0.326,      0.577,      2.048,      1.119,     -0.220,      0.127,    β:       1.000
α:       0.326,      0.577,      2.048,      1.119,     -0.221,      0.126,    β:       1.000
α:       0.325,      0.578,      2.049,      1.120,     -0.220,      0.126,    β:       1.000
α:       0.324,      0.578,      2.049,      1.120,     -0.220,      0.126,    β:       1.000
α:       0.329,      0.578,      2.050,      1.121,     -0.221,      0.127,    β:       1.000
α:       0.328,      0.579,      2.051,      1.121,     -0.222,      0.128,    β:       1.000
α:       0.331,      0.579,      2.051,      1.121,     -0.222,      0.128,    β:       1.000
α:       0.329,      0.577,      2.052,      1.122,     -0.222,      0.127,    β:       1.000
α:       0.332,      0.579,      2.052,      1.122,     -0.223,      0.128,    β:       1.000
α:       0.334,      0.580,      2.053,      1.123,     -0.223,      0.129,    β:       1.000
α:       0.333,      0.579,      2.053,      1.123,     -0.223,      0.128,    β:       1.000
α:       0.334,      0.580,      2.052,      1.124,     -0.223,      0.128,    β:       1.000
α:       0.332,      0.579,      2.051,      1.124,     -0.222,      0.127,    β:       1.000
α:       0.334,      0.581,      2.052,      1.125,     -0.222,      0.128,    β:       1.000
α:       0.334,      0.583,      2.053,      1.126,     -0.222,      0.129,    β:       1.000
α:       0.334,      0.582,      2.054,      1.126,     -0.222,      0.130,    β:       1.000
α:       0.333,      0.583,      2.053,      1.127,     -0.223,      0.130,    β:       1.000
α:       0.331,      0.582,      2.054,      1.127,     -0.222,      0.130,    β:       1.000
α:       0.329,      0.581,      2.054,      1.127,     -0.221,      0.130,    β:       1.000
α:       0.328,      0.580,      2.055,      1.127,     -0.220,      0.130,    β:       1.000
α:       0.330,      0.582,      2.055,      1.127,     -0.220,      0.130,    β:       1.000
α:       0.328,      0.581,      2.055,      1.128,     -0.219,      0.130,    β:       1.000
α:       0.330,      0.581,      2.056,      1.128,     -0.219,      0.130,    β:       1.000
α:       0.329,      0.582,      2.056,      1.129,     -0.217,      0.130,    β:       1.000
α:       0.328,      0.582,      2.057,      1.129,     -0.217,      0.129,    β:       1.000
α:       0.329,      0.582,      2.058,      1.129,     -0.219,      0.130,    β:       1.000
α:       0.331,      0.584,      2.057,      1.129,     -0.219,      0.129,    β:       1.000
α:       0.328,      0.584,      2.058,      1.130,     -0.220,      0.129,    β:       1.000
α:       0.330,      0.581,      2.059,      1.130,     -0.221,      0.128,    β:       1.000
α:       0.331,      0.581,      2.060,      1.131,     -0.220,      0.129,    β:       1.000
α:       0.334,      0.582,      2.060,      1.132,     -0.221,      0.129,    β:       1.000
α:       0.331,      0.581,      2.062,      1.132,     -0.221,      0.129,    β:       1.000
α:       0.331,      0.583,      2.062,      1.133,     -0.220,      0.129,    β:       1.000
α:       0.331,      0.583,      2.062,      1.133,     -0.220,      0.129,    β:       1.000
α:       0.329,      0.583,      2.063,      1.133,     -0.219,      0.130,    β:       1.000
α:       0.328,      0.583,      2.063,      1.133,     -0.218,      0.129,    β:       1.000
α:       0.328,      0.584,      2.063,      1.134,     -0.218,      0.129,    β:       1.000
α:       0.330,      0.582,      2.063,      1.134,     -0.218,      0.129,    β:       1.000
α:       0.327,      0.583,      2.063,      1.134,     -0.216,      0.128,    β:       1.000
α:       0.327,      0.581,      2.064,      1.134,     -0.217,      0.127,    β:       1.000
α:       0.328,      0.580,      2.064,      1.134,     -0.217,      0.126,    β:       1.000
α:       0.328,      0.582,      2.065,      1.134,     -0.218,      0.127,    β:       1.000
α:       0.327,      0.583,      2.065,      1.135,     -0.218,      0.128,    β:       1.000
α:       0.326,      0.582,      2.066,      1.136,     -0.217,      0.127,    β:       1.000
α:       0.326,      0.583,      2.067,      1.136,     -0.217,      0.128,    β:       1.000
α:       0.323,      0.584,      2.067,      1.135,     -0.216,      0.127,    β:       1.000
α:       0.322,      0.584,      2.068,      1.135,     -0.215,      0.126,    β:       1.000
α:       0.320,      0.588,      2.068,      1.135,     -0.215,      0.127,    β:       1.000
α:       0.318,      0.588,      2.067,      1.135,     -0.214,      0.128,    β:       1.000
α:       0.317,      0.587,      2.068,      1.134,     -0.212,      0.126,    β:       1.000
α:       0.318,      0.586,      2.068,      1.134,     -0.212,      0.125,    β:       1.000
α:       0.316,      0.584,      2.069,      1.134,     -0.211,      0.126,    β:       1.000
α:       0.315,      0.583,      2.069,      1.135,     -0.211,      0.126,    β:       1.000
α:       0.314,      0.583,      2.070,      1.135,     -0.211,      0.127,    β:       1.000
α:       0.314,      0.583,      2.070,      1.136,     -0.210,      0.126,    β:       1.000
α:       0.317,      0.582,      2.070,      1.136,     -0.211,      0.125,    β:       1.000
α:       0.319,      0.584,      2.070,      1.136,     -0.211,      0.125,    β:       1.000
α:       0.320,      0.583,      2.070,      1.136,     -0.211,      0.125,    β:       1.000
α:       0.321,      0.582,      2.071,      1.136,     -0.212,      0.125,    β:       1.000
α:       0.321,      0.582,      2.071,      1.136,     -0.211,      0.125,    β:       1.000
α:       0.321,      0.582,      2.071,      1.136,     -0.210,      0.125,    β:       1.000
α:       0.320,      0.583,      2.071,      1.136,     -0.210,      0.125,    β:       1.000
α:       0.320,      0.584,      2.072,      1.136,     -0.210,      0.127,    β:       1.000
α:       0.320,      0.582,      2.072,      1.136,     -0.210,      0.127,    β:       1.000
α:       0.317,      0.582,      2.073,      1.136,     -0.211,      0.127,    β:       1.000
α:       0.320,      0.582,      2.073,      1.137,     -0.211,      0.127,    β:       1.000
α:       0.321,      0.583,      2.072,      1.138,     -0.211,      0.127,    β:       1.000
α:       0.320,      0.582,      2.074,      1.138,     -0.210,      0.126,    β:       1.000
α:       0.321,      0.581,      2.074,      1.139,     -0.210,      0.126,    β:       1.000
α:       0.319,      0.580,      2.075,      1.138,     -0.211,      0.127,    β:       1.000
α:       0.322,      0.581,      2.075,      1.139,     -0.212,      0.127,    β:       1.000
α:       0.324,      0.581,      2.076,      1.140,     -0.213,      0.128,    β:       1.000
α:       0.321,      0.581,      2.076,      1.140,     -0.212,      0.129,    β:       1.000
α:       0.325,      0.580,      2.076,      1.140,     -0.212,      0.128,    β:       1.000
