α0:      0.901,      1.342,      0.087,      0.452,     -0.547,      0.968,    β0:      1.000
α:       0.108,      0.117,      0.083,      0.054,     -0.049,      0.053,    β:       1.000
α:       0.185,      0.198,      0.133,      0.091,     -0.085,      0.090,    β:       1.000
α:       0.242,      0.262,      0.166,      0.122,     -0.111,      0.119,    β:       1.000
α:       0.289,      0.313,      0.189,      0.145,     -0.134,      0.143,    β:       1.000
α:       0.326,      0.360,      0.206,      0.166,     -0.153,      0.165,    β:       1.000
α:       0.363,      0.401,      0.221,      0.186,     -0.170,      0.182,    β:       1.000
α:       0.394,      0.437,      0.233,      0.203,     -0.185,      0.199,    β:       1.000
α:       0.422,      0.470,      0.241,      0.219,     -0.197,      0.214,    β:       1.000
α:       0.447,      0.503,      0.248,      0.233,     -0.209,      0.228,    β:       1.000
α:       0.471,      0.532,      0.254,      0.245,     -0.221,      0.241,    β:       1.000
α:       0.491,      0.558,      0.259,      0.256,     -0.231,      0.254,    β:       1.000
α:       0.511,      0.583,      0.264,      0.268,     -0.239,      0.265,    β:       1.000
α:       0.530,      0.607,      0.263,      0.279,     -0.247,      0.275,    β:       1.000
α:       0.546,      0.628,      0.264,      0.288,     -0.256,      0.284,    β:       1.000
α:       0.560,      0.649,      0.266,      0.296,     -0.263,      0.294,    β:       1.000
α:       0.573,      0.667,      0.263,      0.303,     -0.269,      0.301,    β:       1.000
α:       0.586,      0.686,      0.261,      0.311,     -0.276,      0.309,    β:       1.000
α:       0.601,      0.704,      0.260,      0.320,     -0.283,      0.317,    β:       1.000
α:       0.613,      0.719,      0.260,      0.325,     -0.289,      0.325,    β:       1.000
α:       0.624,      0.734,      0.259,      0.333,     -0.295,      0.333,    β:       1.000
α:       0.635,      0.749,      0.260,      0.339,     -0.301,      0.341,    β:       1.000
α:       0.646,      0.766,      0.260,      0.344,     -0.307,      0.348,    β:       1.000
α:       0.655,      0.782,      0.261,      0.349,     -0.313,      0.355,    β:       1.000
α:       0.663,      0.796,      0.258,      0.355,     -0.318,      0.362,    β:       1.000
α:       0.675,      0.810,      0.260,      0.361,     -0.324,      0.369,    β:       1.000
α:       0.682,      0.822,      0.255,      0.366,     -0.328,      0.376,    β:       1.000
α:       0.690,      0.834,      0.251,      0.370,     -0.331,      0.381,    β:       1.000
α:       0.698,      0.847,      0.252,      0.376,     -0.336,      0.387,    β:       1.000
α:       0.705,      0.860,      0.251,      0.380,     -0.339,      0.394,    β:       1.000
α:       0.713,      0.871,      0.249,      0.385,     -0.343,      0.399,    β:       1.000
α:       0.719,      0.882,      0.248,      0.389,     -0.347,      0.404,    β:       1.000
α:       0.727,      0.892,      0.243,      0.393,     -0.350,      0.409,    β:       1.000
α:       0.734,      0.902,      0.236,      0.397,     -0.353,      0.413,    β:       1.000
α:       0.739,      0.912,      0.234,      0.400,     -0.357,      0.418,    β:       1.000
α:       0.746,      0.921,      0.234,      0.402,     -0.362,      0.423,    β:       1.000
α:       0.751,      0.931,      0.232,      0.405,     -0.365,      0.427,    β:       1.000
α:       0.756,      0.942,      0.234,      0.408,     -0.369,      0.433,    β:       1.000
α:       0.761,      0.952,      0.233,      0.412,     -0.373,      0.439,    β:       1.000
α:       0.766,      0.961,      0.228,      0.415,     -0.374,      0.442,    β:       1.000
α:       0.772,      0.969,      0.228,      0.418,     -0.379,      0.448,    β:       1.000
α:       0.777,      0.976,      0.228,      0.422,     -0.381,      0.453,    β:       1.000
α:       0.782,      0.984,      0.224,      0.424,     -0.384,      0.458,    β:       1.000
α:       0.785,      0.993,      0.223,      0.426,     -0.386,      0.461,    β:       1.000
α:       0.790,      1.002,      0.221,      0.429,     -0.390,      0.466,    β:       1.000
α:       0.794,      1.009,      0.217,      0.432,     -0.393,      0.469,    β:       1.000
α:       0.798,      1.017,      0.214,      0.434,     -0.395,      0.473,    β:       1.000
α:       0.801,      1.023,      0.211,      0.435,     -0.397,      0.476,    β:       1.000
α:       0.806,      1.029,      0.209,      0.438,     -0.401,      0.480,    β:       1.000
α:       0.810,      1.036,      0.209,      0.442,     -0.403,      0.485,    β:       1.000
α:       0.813,      1.043,      0.208,      0.443,     -0.406,      0.489,    β:       1.000
α:       0.816,      1.049,      0.208,      0.444,     -0.409,      0.494,    β:       1.000
α:       0.819,      1.056,      0.206,      0.445,     -0.410,      0.498,    β:       1.000
α:       0.821,      1.062,      0.208,      0.447,     -0.412,      0.502,    β:       1.000
α:       0.824,      1.067,      0.209,      0.448,     -0.415,      0.505,    β:       1.000
α:       0.826,      1.072,      0.208,      0.450,     -0.417,      0.509,    β:       1.000
α:       0.829,      1.078,      0.204,      0.451,     -0.419,      0.512,    β:       1.000
α:       0.831,      1.084,      0.203,      0.452,     -0.421,      0.516,    β:       1.000
α:       0.833,      1.089,      0.200,      0.454,     -0.423,      0.519,    β:       1.000
α:       0.834,      1.095,      0.197,      0.455,     -0.426,      0.522,    β:       1.000
α:       0.834,      1.101,      0.194,      0.455,     -0.426,      0.525,    β:       1.000
α:       0.839,      1.106,      0.194,      0.457,     -0.428,      0.529,    β:       1.000
α:       0.840,      1.111,      0.193,      0.457,     -0.431,      0.533,    β:       1.000
α:       0.842,      1.116,      0.192,      0.458,     -0.433,      0.536,    β:       1.000
α:       0.845,      1.120,      0.187,      0.460,     -0.434,      0.539,    β:       1.000
α:       0.846,      1.125,      0.185,      0.461,     -0.438,      0.542,    β:       1.000
α:       0.849,      1.130,      0.182,      0.463,     -0.439,      0.545,    β:       1.000
α:       0.852,      1.134,      0.183,      0.464,     -0.442,      0.548,    β:       1.000
α:       0.854,      1.140,      0.181,      0.466,     -0.444,      0.551,    β:       1.000
α:       0.855,      1.143,      0.182,      0.466,     -0.447,      0.554,    β:       1.000
α:       0.857,      1.148,      0.183,      0.468,     -0.448,      0.557,    β:       1.000
α:       0.859,      1.152,      0.181,      0.469,     -0.450,      0.559,    β:       1.000
α:       0.859,      1.158,      0.180,      0.470,     -0.452,      0.562,    β:       1.000
α:       0.861,      1.162,      0.183,      0.471,     -0.455,      0.566,    β:       1.000
α:       0.861,      1.165,      0.179,      0.471,     -0.456,      0.567,    β:       1.000
α:       0.861,      1.169,      0.175,      0.472,     -0.457,      0.569,    β:       1.000
α:       0.862,      1.172,      0.178,      0.474,     -0.459,      0.572,    β:       1.000
α:       0.863,      1.177,      0.176,      0.476,     -0.460,      0.576,    β:       1.000
α:       0.866,      1.181,      0.180,      0.477,     -0.463,      0.579,    β:       1.000
α:       0.868,      1.185,      0.178,      0.478,     -0.464,      0.582,    β:       1.000
α:       0.867,      1.188,      0.177,      0.478,     -0.465,      0.585,    β:       1.000
α:       0.868,      1.193,      0.180,      0.479,     -0.467,      0.588,    β:       1.000
α:       0.869,      1.197,      0.174,      0.479,     -0.467,      0.591,    β:       1.000
α:       0.869,      1.200,      0.172,      0.479,     -0.468,      0.593,    β:       1.000
α:       0.870,      1.203,      0.174,      0.480,     -0.470,      0.595,    β:       1.000
α:       0.871,      1.206,      0.174,      0.481,     -0.471,      0.598,    β:       1.000
α:       0.872,      1.209,      0.174,      0.482,     -0.472,      0.601,    β:       1.000
α:       0.872,      1.212,      0.175,      0.482,     -0.473,      0.604,    β:       1.000
α:       0.871,      1.216,      0.175,      0.483,     -0.475,      0.606,    β:       1.000
α:       0.871,      1.218,      0.174,      0.484,     -0.476,      0.607,    β:       1.000
α:       0.871,      1.222,      0.169,      0.484,     -0.477,      0.610,    β:       1.000
α:       0.872,      1.223,      0.171,      0.484,     -0.479,      0.612,    β:       1.000
α:       0.870,      1.225,      0.170,      0.483,     -0.481,      0.615,    β:       1.000
α:       0.870,      1.230,      0.166,      0.483,     -0.482,      0.616,    β:       1.000
α:       0.870,      1.233,      0.169,      0.483,     -0.484,      0.619,    β:       1.000
α:       0.871,      1.236,      0.168,      0.483,     -0.486,      0.621,    β:       1.000
α:       0.872,      1.239,      0.168,      0.484,     -0.487,      0.624,    β:       1.000
α:       0.873,      1.242,      0.168,      0.485,     -0.488,      0.626,    β:       1.000
α:       0.873,      1.245,      0.165,      0.484,     -0.489,      0.627,    β:       1.000
α:       0.874,      1.248,      0.167,      0.484,     -0.491,      0.630,    β:       1.000
α:       0.877,      1.250,      0.160,      0.485,     -0.490,      0.630,    β:       1.000
α:       0.879,      1.253,      0.161,      0.487,     -0.493,      0.632,    β:       1.000
α:       0.880,      1.256,      0.160,      0.487,     -0.495,      0.634,    β:       1.000
α:       0.882,      1.258,      0.153,      0.488,     -0.496,      0.635,    β:       1.000
α:       0.883,      1.262,      0.153,      0.488,     -0.497,      0.637,    β:       1.000
α:       0.882,      1.265,      0.154,      0.488,     -0.498,      0.639,    β:       1.000
α:       0.882,      1.267,      0.157,      0.489,     -0.499,      0.640,    β:       1.000
α:       0.884,      1.268,      0.155,      0.490,     -0.501,      0.641,    β:       1.000
α:       0.885,      1.270,      0.154,      0.491,     -0.502,      0.643,    β:       1.000
α:       0.885,      1.271,      0.152,      0.492,     -0.503,      0.645,    β:       1.000
α:       0.885,      1.274,      0.147,      0.491,     -0.503,      0.646,    β:       1.000
α:       0.884,      1.276,      0.150,      0.491,     -0.504,      0.648,    β:       1.000
α:       0.885,      1.276,      0.149,      0.490,     -0.505,      0.650,    β:       1.000
α:       0.885,      1.278,      0.151,      0.490,     -0.508,      0.652,    β:       1.000
α:       0.886,      1.280,      0.154,      0.489,     -0.509,      0.654,    β:       1.000
α:       0.887,      1.282,      0.156,      0.489,     -0.511,      0.655,    β:       1.000
α:       0.887,      1.283,      0.154,      0.490,     -0.512,      0.656,    β:       1.000
α:       0.886,      1.285,      0.152,      0.490,     -0.512,      0.657,    β:       1.000
α:       0.884,      1.287,      0.153,      0.489,     -0.513,      0.659,    β:       1.000
α:       0.885,      1.289,      0.150,      0.489,     -0.513,      0.661,    β:       1.000
α:       0.883,      1.290,      0.149,      0.488,     -0.513,      0.663,    β:       1.000
α:       0.883,      1.292,      0.147,      0.489,     -0.514,      0.665,    β:       1.000
α:       0.884,      1.294,      0.145,      0.490,     -0.515,      0.666,    β:       1.000
α:       0.884,      1.296,      0.145,      0.489,     -0.515,      0.668,    β:       1.000
α:       0.884,      1.300,      0.145,      0.490,     -0.517,      0.670,    β:       1.000
α:       0.884,      1.301,      0.147,      0.490,     -0.518,      0.672,    β:       1.000
α:       0.884,      1.302,      0.146,      0.489,     -0.517,      0.674,    β:       1.000
α:       0.884,      1.304,      0.142,      0.489,     -0.518,      0.674,    β:       1.000
α:       0.884,      1.306,      0.143,      0.489,     -0.518,      0.676,    β:       1.000
α:       0.883,      1.308,      0.142,      0.489,     -0.518,      0.677,    β:       1.000
α:       0.883,      1.308,      0.145,      0.489,     -0.520,      0.680,    β:       1.000
α:       0.882,      1.310,      0.142,      0.489,     -0.520,      0.681,    β:       1.000
α:       0.883,      1.311,      0.140,      0.489,     -0.522,      0.682,    β:       1.000
α:       0.884,      1.314,      0.139,      0.490,     -0.522,      0.683,    β:       1.000
α:       0.884,      1.315,      0.141,      0.490,     -0.521,      0.684,    β:       1.000
α:       0.883,      1.317,      0.142,      0.490,     -0.523,      0.687,    β:       1.000
α:       0.884,      1.318,      0.143,      0.490,     -0.522,      0.689,    β:       1.000
α:       0.884,      1.320,      0.141,      0.490,     -0.523,      0.690,    β:       1.000
α:       0.884,      1.321,      0.146,      0.490,     -0.526,      0.692,    β:       1.000
α:       0.882,      1.323,      0.148,      0.489,     -0.527,      0.694,    β:       1.000
α:       0.881,      1.325,      0.142,      0.489,     -0.527,      0.695,    β:       1.000
α:       0.880,      1.327,      0.141,      0.489,     -0.528,      0.696,    β:       1.000
α:       0.880,      1.328,      0.142,      0.489,     -0.529,      0.698,    β:       1.000
α:       0.878,      1.331,      0.142,      0.488,     -0.528,      0.699,    β:       1.000
α:       0.877,      1.331,      0.139,      0.488,     -0.528,      0.700,    β:       1.000
α:       0.878,      1.333,      0.139,      0.489,     -0.528,      0.702,    β:       1.000
α:       0.877,      1.334,      0.138,      0.488,     -0.528,      0.703,    β:       1.000
α:       0.877,      1.336,      0.137,      0.488,     -0.529,      0.705,    β:       1.000
α:       0.879,      1.336,      0.135,      0.488,     -0.530,      0.706,    β:       1.000
α:       0.878,      1.336,      0.136,      0.488,     -0.531,      0.708,    β:       1.000
α:       0.878,      1.337,      0.133,      0.488,     -0.531,      0.708,    β:       1.000
α:       0.878,      1.338,      0.134,      0.488,     -0.530,      0.709,    β:       1.000
α:       0.878,      1.338,      0.135,      0.487,     -0.531,      0.711,    β:       1.000
α:       0.877,      1.340,      0.134,      0.487,     -0.532,      0.712,    β:       1.000
α:       0.878,      1.341,      0.133,      0.487,     -0.533,      0.712,    β:       1.000
α:       0.879,      1.341,      0.137,      0.487,     -0.535,      0.715,    β:       1.000
α:       0.878,      1.341,      0.135,      0.485,     -0.535,      0.716,    β:       1.000
α:       0.878,      1.342,      0.135,      0.485,     -0.537,      0.717,    β:       1.000
α:       0.878,      1.342,      0.136,      0.485,     -0.537,      0.718,    β:       1.000
α:       0.878,      1.343,      0.132,      0.485,     -0.538,      0.718,    β:       1.000
α:       0.877,      1.344,      0.132,      0.484,     -0.537,      0.719,    β:       1.000
α:       0.878,      1.344,      0.133,      0.485,     -0.539,      0.720,    β:       1.000
α:       0.877,      1.345,      0.133,      0.485,     -0.540,      0.722,    β:       1.000
α:       0.878,      1.347,      0.136,      0.484,     -0.540,      0.724,    β:       1.000
α:       0.876,      1.348,      0.140,      0.483,     -0.542,      0.725,    β:       1.000
α:       0.877,      1.351,      0.137,      0.484,     -0.542,      0.725,    β:       1.000
α:       0.876,      1.352,      0.140,      0.483,     -0.542,      0.727,    β:       1.000
α:       0.878,      1.352,      0.141,      0.483,     -0.543,      0.728,    β:       1.000
α:       0.879,      1.354,      0.140,      0.483,     -0.544,      0.729,    β:       1.000
α:       0.880,      1.355,      0.134,      0.483,     -0.543,      0.730,    β:       1.000
α:       0.880,      1.356,      0.133,      0.483,     -0.544,      0.730,    β:       1.000
α:       0.882,      1.357,      0.130,      0.483,     -0.543,      0.731,    β:       1.000
α:       0.880,      1.358,      0.128,      0.483,     -0.545,      0.731,    β:       1.000
α:       0.883,      1.357,      0.129,      0.483,     -0.545,      0.732,    β:       1.000
α:       0.883,      1.357,      0.125,      0.483,     -0.545,      0.731,    β:       1.000
α:       0.882,      1.359,      0.124,      0.483,     -0.545,      0.732,    β:       1.000
α:       0.882,      1.360,      0.125,      0.483,     -0.546,      0.733,    β:       1.000
α:       0.882,      1.361,      0.127,      0.482,     -0.547,      0.735,    β:       1.000
α:       0.882,      1.363,      0.127,      0.482,     -0.548,      0.736,    β:       1.000
α:       0.882,      1.363,      0.129,      0.481,     -0.550,      0.737,    β:       1.000
α:       0.884,      1.364,      0.127,      0.482,     -0.551,      0.738,    β:       1.000
α:       0.884,      1.364,      0.128,      0.482,     -0.551,      0.739,    β:       1.000
α:       0.885,      1.365,      0.129,      0.482,     -0.552,      0.741,    β:       1.000
α:       0.886,      1.364,      0.126,      0.482,     -0.552,      0.741,    β:       1.000
α:       0.888,      1.366,      0.124,      0.482,     -0.553,      0.742,    β:       1.000
α:       0.887,      1.367,      0.126,      0.482,     -0.553,      0.745,    β:       1.000
α:       0.887,      1.368,      0.127,      0.484,     -0.554,      0.745,    β:       1.000
α:       0.886,      1.369,      0.126,      0.483,     -0.554,      0.745,    β:       1.000
α:       0.887,      1.370,      0.124,      0.484,     -0.554,      0.746,    β:       1.000
α:       0.888,      1.371,      0.126,      0.485,     -0.555,      0.747,    β:       1.000
α:       0.889,      1.372,      0.127,      0.486,     -0.556,      0.748,    β:       1.000
α:       0.889,      1.371,      0.125,      0.486,     -0.557,      0.748,    β:       1.000
α:       0.888,      1.372,      0.129,      0.485,     -0.556,      0.750,    β:       1.000
α:       0.888,      1.374,      0.128,      0.486,     -0.557,      0.751,    β:       1.000
α:       0.888,      1.375,      0.127,      0.486,     -0.556,      0.751,    β:       1.000
α:       0.886,      1.377,      0.131,      0.485,     -0.556,      0.753,    β:       1.000
α:       0.886,      1.378,      0.131,      0.484,     -0.555,      0.754,    β:       1.000
α:       0.886,      1.378,      0.136,      0.484,     -0.556,      0.756,    β:       1.000
α:       0.883,      1.379,      0.134,      0.482,     -0.556,      0.757,    β:       1.000
α:       0.883,      1.379,      0.133,      0.484,     -0.556,      0.758,    β:       1.000
α:       0.882,      1.380,      0.129,      0.484,     -0.556,      0.759,    β:       1.000
α:       0.884,      1.379,      0.130,      0.484,     -0.557,      0.760,    β:       1.000
α:       0.886,      1.380,      0.128,      0.484,     -0.557,      0.760,    β:       1.000
α:       0.886,      1.380,      0.128,      0.484,     -0.557,      0.761,    β:       1.000
α:       0.887,      1.380,      0.126,      0.484,     -0.557,      0.761,    β:       1.000
α:       0.884,      1.381,      0.125,      0.483,     -0.557,      0.761,    β:       1.000
α:       0.885,      1.381,      0.128,      0.484,     -0.557,      0.763,    β:       1.000
α:       0.884,      1.382,      0.128,      0.483,     -0.558,      0.762,    β:       1.000
α:       0.882,      1.381,      0.125,      0.482,     -0.557,      0.764,    β:       1.000
α:       0.882,      1.380,      0.125,      0.482,     -0.557,      0.765,    β:       1.000
α:       0.881,      1.380,      0.130,      0.481,     -0.558,      0.765,    β:       1.000
α:       0.880,      1.379,      0.129,      0.479,     -0.558,      0.766,    β:       1.000
α:       0.879,      1.379,      0.129,      0.479,     -0.558,      0.767,    β:       1.000
α:       0.880,      1.380,      0.130,      0.479,     -0.558,      0.769,    β:       1.000
α:       0.880,      1.380,      0.129,      0.479,     -0.559,      0.770,    β:       1.000
α:       0.881,      1.380,      0.125,      0.479,     -0.558,      0.770,    β:       1.000
α:       0.880,      1.381,      0.125,      0.479,     -0.559,      0.771,    β:       1.000
α:       0.881,      1.382,      0.123,      0.479,     -0.559,      0.771,    β:       1.000
α:       0.883,      1.382,      0.124,      0.479,     -0.561,      0.772,    β:       1.000
α:       0.881,      1.382,      0.125,      0.479,     -0.562,      0.772,    β:       1.000
α:       0.882,      1.382,      0.126,      0.479,     -0.562,      0.773,    β:       1.000
α:       0.881,      1.381,      0.126,      0.478,     -0.562,      0.774,    β:       1.000
α:       0.881,      1.382,      0.127,      0.478,     -0.562,      0.775,    β:       1.000
α:       0.881,      1.384,      0.124,      0.479,     -0.562,      0.775,    β:       1.000
α:       0.882,      1.383,      0.127,      0.479,     -0.562,      0.776,    β:       1.000
α:       0.882,      1.383,      0.125,      0.478,     -0.562,      0.777,    β:       1.000
α:       0.882,      1.384,      0.125,      0.478,     -0.563,      0.776,    β:       1.000
α:       0.882,      1.386,      0.125,      0.479,     -0.563,      0.777,    β:       1.000
α:       0.882,      1.386,      0.124,      0.479,     -0.564,      0.778,    β:       1.000
α:       0.880,      1.387,      0.117,      0.478,     -0.564,      0.777,    β:       1.000
α:       0.879,      1.386,      0.117,      0.477,     -0.565,      0.778,    β:       1.000
α:       0.879,      1.387,      0.120,      0.477,     -0.566,      0.779,    β:       1.000
α:       0.879,      1.388,      0.120,      0.476,     -0.567,      0.780,    β:       1.000
α:       0.879,      1.388,      0.120,      0.476,     -0.569,      0.780,    β:       1.000
α:       0.879,      1.389,      0.126,      0.475,     -0.570,      0.782,    β:       1.000
α:       0.878,      1.388,      0.121,      0.474,     -0.569,      0.781,    β:       1.000
α:       0.877,      1.387,      0.119,      0.474,     -0.569,      0.781,    β:       1.000
α:       0.877,      1.388,      0.119,      0.474,     -0.570,      0.782,    β:       1.000
α:       0.878,      1.388,      0.119,      0.475,     -0.570,      0.783,    β:       1.000
α:       0.878,      1.389,      0.120,      0.475,     -0.571,      0.784,    β:       1.000
α:       0.878,      1.388,      0.122,      0.475,     -0.572,      0.785,    β:       1.000
α:       0.878,      1.389,      0.118,      0.474,     -0.572,      0.785,    β:       1.000
α:       0.876,      1.389,      0.121,      0.474,     -0.572,      0.786,    β:       1.000
α:       0.876,      1.390,      0.124,      0.473,     -0.573,      0.788,    β:       1.000
α:       0.875,      1.390,      0.124,      0.472,     -0.573,      0.787,    β:       1.000
α:       0.875,      1.390,      0.124,      0.473,     -0.572,      0.787,    β:       1.000
α:       0.875,      1.392,      0.126,      0.473,     -0.574,      0.788,    β:       1.000
α:       0.876,      1.391,      0.122,      0.473,     -0.573,      0.788,    β:       1.000
α:       0.876,      1.391,      0.115,      0.473,     -0.573,      0.787,    β:       1.000
α:       0.877,      1.391,      0.118,      0.472,     -0.574,      0.788,    β:       1.000
α:       0.877,      1.391,      0.118,      0.471,     -0.575,      0.788,    β:       1.000
α:       0.875,      1.391,      0.116,      0.470,     -0.575,      0.789,    β:       1.000
α:       0.876,      1.391,      0.117,      0.470,     -0.575,      0.789,    β:       1.000
α:       0.878,      1.391,      0.116,      0.470,     -0.574,      0.789,    β:       1.000
α:       0.878,      1.390,      0.116,      0.470,     -0.574,      0.789,    β:       1.000
α:       0.877,      1.390,      0.116,      0.470,     -0.574,      0.790,    β:       1.000
α:       0.876,      1.391,      0.113,      0.470,     -0.573,      0.790,    β:       1.000
α:       0.876,      1.392,      0.114,      0.470,     -0.574,      0.790,    β:       1.000
α:       0.876,      1.393,      0.116,      0.470,     -0.575,      0.792,    β:       1.000
α:       0.877,      1.393,      0.115,      0.469,     -0.574,      0.792,    β:       1.000
α:       0.877,      1.394,      0.114,      0.468,     -0.574,      0.793,    β:       1.000
α:       0.875,      1.394,      0.115,      0.468,     -0.574,      0.793,    β:       1.000
α:       0.876,      1.394,      0.115,      0.468,     -0.573,      0.793,    β:       1.000
α:       0.878,      1.395,      0.119,      0.468,     -0.574,      0.794,    β:       1.000
α:       0.879,      1.394,      0.116,      0.468,     -0.573,      0.794,    β:       1.000
α:       0.878,      1.394,      0.114,      0.468,     -0.573,      0.793,    β:       1.000
α:       0.878,      1.395,      0.114,      0.468,     -0.574,      0.794,    β:       1.000
α:       0.879,      1.395,      0.114,      0.469,     -0.574,      0.794,    β:       1.000
α:       0.879,      1.395,      0.119,      0.468,     -0.575,      0.794,    β:       1.000
α:       0.877,      1.396,      0.120,      0.468,     -0.575,      0.795,    β:       1.000
α:       0.877,      1.397,      0.121,      0.468,     -0.573,      0.795,    β:       1.000
α:       0.877,      1.398,      0.120,      0.469,     -0.573,      0.796,    β:       1.000
α:       0.879,      1.397,      0.121,      0.468,     -0.575,      0.797,    β:       1.000
α:       0.880,      1.397,      0.118,      0.468,     -0.575,      0.796,    β:       1.000
α:       0.880,      1.397,      0.117,      0.469,     -0.574,      0.797,    β:       1.000
α:       0.881,      1.398,      0.117,      0.470,     -0.575,      0.797,    β:       1.000
α:       0.881,      1.398,      0.116,      0.470,     -0.575,      0.796,    β:       1.000
α:       0.879,      1.399,      0.116,      0.469,     -0.574,      0.797,    β:       1.000
α:       0.878,      1.398,      0.112,      0.468,     -0.574,      0.799,    β:       1.000
α:       0.880,      1.398,      0.114,      0.468,     -0.575,      0.799,    β:       1.000
α:       0.881,      1.398,      0.113,      0.468,     -0.575,      0.799,    β:       1.000
α:       0.879,      1.398,      0.112,      0.467,     -0.573,      0.800,    β:       1.000
α:       0.879,      1.398,      0.109,      0.468,     -0.573,      0.799,    β:       1.000
α:       0.880,      1.398,      0.108,      0.469,     -0.574,      0.799,    β:       1.000
α:       0.882,      1.399,      0.108,      0.469,     -0.575,      0.800,    β:       1.000
α:       0.881,      1.399,      0.111,      0.469,     -0.575,      0.801,    β:       1.000
α:       0.880,      1.400,      0.110,      0.469,     -0.575,      0.802,    β:       1.000
α:       0.879,      1.400,      0.111,      0.470,     -0.576,      0.802,    β:       1.000
α:       0.879,      1.401,      0.114,      0.470,     -0.577,      0.802,    β:       1.000
α:       0.879,      1.402,      0.117,      0.472,     -0.578,      0.804,    β:       1.000
α:       0.879,      1.404,      0.116,      0.472,     -0.577,      0.805,    β:       1.000
α:       0.880,      1.403,      0.118,      0.473,     -0.578,      0.806,    β:       1.000
α:       0.882,      1.404,      0.117,      0.473,     -0.577,      0.807,    β:       1.000
α:       0.880,      1.406,      0.118,      0.473,     -0.577,      0.808,    β:       1.000
α:       0.880,      1.406,      0.116,      0.474,     -0.577,      0.809,    β:       1.000
α:       0.880,      1.405,      0.119,      0.473,     -0.578,      0.809,    β:       1.000
α:       0.881,      1.405,      0.117,      0.472,     -0.577,      0.809,    β:       1.000
α:       0.880,      1.404,      0.114,      0.471,     -0.577,      0.810,    β:       1.000
α:       0.878,      1.406,      0.118,      0.470,     -0.577,      0.811,    β:       1.000
α:       0.879,      1.405,      0.118,      0.471,     -0.576,      0.811,    β:       1.000
α:       0.879,      1.407,      0.115,      0.470,     -0.575,      0.811,    β:       1.000
α:       0.878,      1.407,      0.113,      0.469,     -0.575,      0.811,    β:       1.000
α:       0.878,      1.406,      0.109,      0.469,     -0.575,      0.810,    β:       1.000
α:       0.879,      1.406,      0.109,      0.469,     -0.575,      0.810,    β:       1.000
α:       0.880,      1.405,      0.111,      0.470,     -0.576,      0.811,    β:       1.000
α:       0.881,      1.404,      0.114,      0.470,     -0.578,      0.811,    β:       1.000
α:       0.880,      1.405,      0.116,      0.470,     -0.578,      0.813,    β:       1.000
α:       0.880,      1.405,      0.112,      0.470,     -0.578,      0.813,    β:       1.000
α:       0.881,      1.404,      0.114,      0.470,     -0.580,      0.813,    β:       1.000
α:       0.878,      1.405,      0.117,      0.469,     -0.579,      0.814,    β:       1.000
α:       0.877,      1.405,      0.113,      0.468,     -0.578,      0.815,    β:       1.000
α:       0.878,      1.405,      0.114,      0.469,     -0.579,      0.815,    β:       1.000
α:       0.878,      1.404,      0.113,      0.469,     -0.578,      0.815,    β:       1.000
α:       0.876,      1.403,      0.111,      0.469,     -0.578,      0.815,    β:       1.000
α:       0.876,      1.405,      0.114,      0.469,     -0.579,      0.816,    β:       1.000
α:       0.877,      1.405,      0.113,      0.468,     -0.579,      0.816,    β:       1.000
α:       0.877,      1.404,      0.108,      0.469,     -0.578,      0.815,    β:       1.000
α:       0.878,      1.405,      0.108,      0.470,     -0.579,      0.816,    β:       1.000
α:       0.877,      1.406,      0.106,      0.470,     -0.579,      0.815,    β:       1.000
α:       0.876,      1.407,      0.107,      0.470,     -0.580,      0.816,    β:       1.000
α:       0.875,      1.407,      0.107,      0.470,     -0.579,      0.816,    β:       1.000
α:       0.874,      1.407,      0.105,      0.469,     -0.579,      0.817,    β:       1.000
α:       0.873,      1.406,      0.106,      0.468,     -0.579,      0.817,    β:       1.000
α:       0.872,      1.406,      0.105,      0.468,     -0.579,      0.818,    β:       1.000
α:       0.872,      1.406,      0.110,      0.469,     -0.579,      0.819,    β:       1.000
α:       0.875,      1.407,      0.112,      0.469,     -0.581,      0.819,    β:       1.000
α:       0.876,      1.406,      0.112,      0.470,     -0.581,      0.819,    β:       1.000
α:       0.877,      1.406,      0.113,      0.469,     -0.582,      0.821,    β:       1.000
α:       0.876,      1.406,      0.114,      0.469,     -0.581,      0.822,    β:       1.000
α:       0.876,      1.405,      0.111,      0.469,     -0.581,      0.821,    β:       1.000
α:       0.875,      1.405,      0.110,      0.469,     -0.581,      0.822,    β:       1.000
α:       0.877,      1.404,      0.112,      0.469,     -0.582,      0.823,    β:       1.000
α:       0.875,      1.403,      0.114,      0.468,     -0.582,      0.824,    β:       1.000
α:       0.875,      1.404,      0.116,      0.467,     -0.582,      0.824,    β:       1.000
α:       0.875,      1.405,      0.114,      0.467,     -0.583,      0.825,    β:       1.000
α:       0.875,      1.404,      0.116,      0.467,     -0.582,      0.825,    β:       1.000
α:       0.875,      1.404,      0.111,      0.468,     -0.581,      0.824,    β:       1.000
α:       0.875,      1.405,      0.111,      0.468,     -0.581,      0.824,    β:       1.000
α:       0.876,      1.405,      0.109,      0.467,     -0.581,      0.824,    β:       1.000
α:       0.875,      1.405,      0.109,      0.466,     -0.582,      0.824,    β:       1.000
α:       0.875,      1.404,      0.110,      0.465,     -0.582,      0.825,    β:       1.000
α:       0.876,      1.403,      0.111,      0.465,     -0.583,      0.826,    β:       1.000
α:       0.875,      1.403,      0.109,      0.464,     -0.584,      0.826,    β:       1.000
α:       0.877,      1.402,      0.108,      0.464,     -0.584,      0.826,    β:       1.000
α:       0.876,      1.402,      0.110,      0.464,     -0.586,      0.827,    β:       1.000
α:       0.878,      1.402,      0.112,      0.463,     -0.587,      0.828,    β:       1.000
α:       0.877,      1.402,      0.112,      0.463,     -0.587,      0.828,    β:       1.000
α:       0.876,      1.403,      0.108,      0.463,     -0.586,      0.827,    β:       1.000
α:       0.875,      1.403,      0.106,      0.463,     -0.586,      0.828,    β:       1.000
α:       0.875,      1.404,      0.106,      0.463,     -0.585,      0.829,    β:       1.000
α:       0.874,      1.402,      0.108,      0.461,     -0.585,      0.828,    β:       1.000
α:       0.873,      1.402,      0.105,      0.460,     -0.585,      0.828,    β:       1.000
α:       0.873,      1.402,      0.106,      0.461,     -0.584,      0.829,    β:       1.000
α:       0.874,      1.403,      0.107,      0.461,     -0.584,      0.829,    β:       1.000
α:       0.871,      1.402,      0.107,      0.461,     -0.584,      0.828,    β:       1.000
α:       0.871,      1.403,      0.108,      0.461,     -0.584,      0.827,    β:       1.000
α:       0.871,      1.402,      0.112,      0.460,     -0.585,      0.828,    β:       1.000
α:       0.871,      1.403,      0.111,      0.460,     -0.584,      0.829,    β:       1.000
α:       0.870,      1.403,      0.112,      0.459,     -0.586,      0.830,    β:       1.000
α:       0.869,      1.402,      0.113,      0.458,     -0.586,      0.829,    β:       1.000
α:       0.871,      1.403,      0.111,      0.458,     -0.586,      0.829,    β:       1.000
α:       0.870,      1.402,      0.109,      0.457,     -0.586,      0.829,    β:       1.000
α:       0.870,      1.402,      0.106,      0.457,     -0.586,      0.829,    β:       1.000
α:       0.870,      1.404,      0.107,      0.457,     -0.586,      0.830,    β:       1.000
α:       0.872,      1.403,      0.107,      0.458,     -0.586,      0.829,    β:       1.000
α:       0.873,      1.403,      0.106,      0.458,     -0.585,      0.829,    β:       1.000
α:       0.876,      1.403,      0.108,      0.459,     -0.587,      0.829,    β:       1.000
α:       0.875,      1.403,      0.109,      0.459,     -0.587,      0.829,    β:       1.000
α:       0.876,      1.403,      0.108,      0.459,     -0.585,      0.829,    β:       1.000
α:       0.876,      1.404,      0.104,      0.459,     -0.584,      0.829,    β:       1.000
α:       0.877,      1.404,      0.104,      0.459,     -0.585,      0.830,    β:       1.000
α:       0.879,      1.405,      0.101,      0.460,     -0.585,      0.829,    β:       1.000
α:       0.880,      1.406,      0.101,      0.461,     -0.585,      0.830,    β:       1.000
α:       0.882,      1.407,      0.103,      0.460,     -0.585,      0.831,    β:       1.000
α:       0.880,      1.406,      0.104,      0.459,     -0.584,      0.831,    β:       1.000
α:       0.878,      1.406,      0.104,      0.459,     -0.584,      0.831,    β:       1.000
α:       0.878,      1.407,      0.101,      0.459,     -0.584,      0.831,    β:       1.000
α:       0.879,      1.407,      0.101,      0.459,     -0.584,      0.830,    β:       1.000
α:       0.881,      1.408,      0.101,      0.459,     -0.584,      0.831,    β:       1.000
α:       0.882,      1.407,      0.101,      0.459,     -0.585,      0.831,    β:       1.000
α:       0.882,      1.407,      0.102,      0.459,     -0.585,      0.832,    β:       1.000
α:       0.880,      1.407,      0.103,      0.457,     -0.586,      0.832,    β:       1.000
α:       0.879,      1.405,      0.103,      0.457,     -0.585,      0.831,    β:       1.000
α:       0.881,      1.406,      0.102,      0.458,     -0.585,      0.831,    β:       1.000
α:       0.881,      1.406,      0.105,      0.457,     -0.586,      0.832,    β:       1.000
α:       0.881,      1.406,      0.105,      0.458,     -0.585,      0.832,    β:       1.000
α:       0.882,      1.406,      0.105,      0.458,     -0.586,      0.832,    β:       1.000
α:       0.882,      1.407,      0.103,      0.458,     -0.585,      0.832,    β:       1.000
α:       0.880,      1.407,      0.103,      0.457,     -0.585,      0.832,    β:       1.000
α:       0.880,      1.408,      0.100,      0.457,     -0.585,      0.832,    β:       1.000
α:       0.879,      1.409,      0.102,      0.456,     -0.586,      0.833,    β:       1.000
α:       0.879,      1.409,      0.100,      0.457,     -0.585,      0.832,    β:       1.000
α:       0.878,      1.409,      0.099,      0.457,     -0.586,      0.831,    β:       1.000
α:       0.877,      1.408,      0.097,      0.457,     -0.587,      0.830,    β:       1.000
α:       0.875,      1.408,      0.101,      0.457,     -0.587,      0.832,    β:       1.000
α:       0.874,      1.407,      0.103,      0.457,     -0.587,      0.833,    β:       1.000
α:       0.873,      1.408,      0.105,      0.457,     -0.587,      0.834,    β:       1.000
α:       0.873,      1.408,      0.104,      0.456,     -0.588,      0.834,    β:       1.000
α:       0.875,      1.409,      0.106,      0.456,     -0.588,      0.835,    β:       1.000
α:       0.873,      1.409,      0.103,      0.455,     -0.588,      0.834,    β:       1.000
α:       0.872,      1.410,      0.105,      0.455,     -0.587,      0.835,    β:       1.000
α:       0.873,      1.410,      0.105,      0.455,     -0.588,      0.836,    β:       1.000
α:       0.877,      1.410,      0.107,      0.455,     -0.589,      0.836,    β:       1.000
α:       0.877,      1.410,      0.110,      0.454,     -0.588,      0.836,    β:       1.000
α:       0.878,      1.410,      0.108,      0.454,     -0.588,      0.835,    β:       1.000
α:       0.879,      1.410,      0.113,      0.454,     -0.588,      0.836,    β:       1.000
α:       0.879,      1.410,      0.112,      0.455,     -0.589,      0.837,    β:       1.000
α:       0.880,      1.411,      0.109,      0.455,     -0.588,      0.837,    β:       1.000
α:       0.879,      1.412,      0.107,      0.455,     -0.587,      0.837,    β:       1.000
α:       0.881,      1.411,      0.108,      0.456,     -0.588,      0.837,    β:       1.000
α:       0.881,      1.411,      0.103,      0.456,     -0.587,      0.835,    β:       1.000
α:       0.883,      1.410,      0.106,      0.456,     -0.588,      0.835,    β:       1.000
α:       0.883,      1.410,      0.108,      0.457,     -0.588,      0.835,    β:       1.000
α:       0.881,      1.410,      0.107,      0.456,     -0.587,      0.835,    β:       1.000
α:       0.881,      1.409,      0.103,      0.456,     -0.586,      0.834,    β:       1.000
α:       0.883,      1.409,      0.104,      0.456,     -0.585,      0.834,    β:       1.000
α:       0.883,      1.409,      0.106,      0.456,     -0.585,      0.834,    β:       1.000
α:       0.882,      1.409,      0.106,      0.455,     -0.586,      0.835,    β:       1.000
α:       0.881,      1.409,      0.108,      0.456,     -0.586,      0.834,    β:       1.000
α:       0.882,      1.409,      0.110,      0.456,     -0.587,      0.835,    β:       1.000
α:       0.881,      1.409,      0.110,      0.456,     -0.587,      0.836,    β:       1.000
α:       0.880,      1.409,      0.109,      0.455,     -0.586,      0.836,    β:       1.000
α:       0.880,      1.409,      0.110,      0.455,     -0.587,      0.836,    β:       1.000
α:       0.878,      1.410,      0.109,      0.456,     -0.587,      0.836,    β:       1.000
α:       0.878,      1.411,      0.105,      0.456,     -0.586,      0.836,    β:       1.000
α:       0.879,      1.411,      0.104,      0.456,     -0.587,      0.837,    β:       1.000
α:       0.880,      1.412,      0.105,      0.457,     -0.587,      0.836,    β:       1.000
α:       0.877,      1.413,      0.106,      0.456,     -0.588,      0.837,    β:       1.000
α:       0.877,      1.413,      0.103,      0.456,     -0.588,      0.837,    β:       1.000
α:       0.878,      1.413,      0.101,      0.457,     -0.587,      0.837,    β:       1.000
α:       0.877,      1.414,      0.098,      0.457,     -0.588,      0.836,    β:       1.000
α:       0.876,      1.414,      0.101,      0.456,     -0.588,      0.836,    β:       1.000
α:       0.876,      1.413,      0.101,      0.456,     -0.589,      0.837,    β:       1.000
α:       0.876,      1.412,      0.101,      0.455,     -0.589,      0.836,    β:       1.000
α:       0.877,      1.413,      0.099,      0.455,     -0.589,      0.835,    β:       1.000
α:       0.876,      1.412,      0.101,      0.454,     -0.590,      0.835,    β:       1.000
α:       0.876,      1.412,      0.100,      0.454,     -0.589,      0.835,    β:       1.000
α:       0.874,      1.412,      0.100,      0.454,     -0.590,      0.835,    β:       1.000
α:       0.874,      1.412,      0.096,      0.453,     -0.589,      0.835,    β:       1.000
α:       0.875,      1.410,      0.098,      0.452,     -0.589,      0.836,    β:       1.000
α:       0.874,      1.409,      0.095,      0.452,     -0.588,      0.835,    β:       1.000
α:       0.874,      1.408,      0.099,      0.451,     -0.590,      0.836,    β:       1.000
α:       0.875,      1.409,      0.098,      0.451,     -0.590,      0.836,    β:       1.000
α:       0.874,      1.408,      0.098,      0.450,     -0.591,      0.835,    β:       1.000
α:       0.873,      1.408,      0.098,      0.451,     -0.591,      0.837,    β:       1.000
α:       0.873,      1.408,      0.101,      0.451,     -0.591,      0.837,    β:       1.000
α:       0.873,      1.407,      0.101,      0.451,     -0.591,      0.838,    β:       1.000
α:       0.874,      1.409,      0.100,      0.452,     -0.591,      0.838,    β:       1.000
α:       0.875,      1.410,      0.101,      0.452,     -0.592,      0.839,    β:       1.000
α:       0.875,      1.410,      0.101,      0.453,     -0.593,      0.840,    β:       1.000
α:       0.877,      1.411,      0.104,      0.454,     -0.593,      0.841,    β:       1.000
α:       0.876,      1.412,      0.104,      0.454,     -0.593,      0.842,    β:       1.000
α:       0.874,      1.413,      0.104,      0.454,     -0.592,      0.842,    β:       1.000
α:       0.877,      1.413,      0.107,      0.455,     -0.593,      0.843,    β:       1.000
α:       0.876,      1.413,      0.107,      0.455,     -0.593,      0.843,    β:       1.000
α:       0.876,      1.414,      0.103,      0.455,     -0.593,      0.843,    β:       1.000
α:       0.876,      1.412,      0.107,      0.455,     -0.593,      0.844,    β:       1.000
α:       0.875,      1.412,      0.106,      0.455,     -0.594,      0.845,    β:       1.000
α:       0.876,      1.414,      0.105,      0.455,     -0.594,      0.845,    β:       1.000
α:       0.877,      1.413,      0.103,      0.455,     -0.594,      0.845,    β:       1.000
α:       0.877,      1.414,      0.104,      0.455,     -0.594,      0.845,    β:       1.000
α:       0.877,      1.414,      0.104,      0.454,     -0.593,      0.845,    β:       1.000
α:       0.878,      1.414,      0.105,      0.456,     -0.592,      0.845,    β:       1.000
α:       0.880,      1.415,      0.102,      0.456,     -0.592,      0.845,    β:       1.000
α:       0.879,      1.414,      0.102,      0.456,     -0.593,      0.844,    β:       1.000
α:       0.881,      1.413,      0.103,      0.456,     -0.592,      0.845,    β:       1.000
α:       0.882,      1.413,      0.103,      0.456,     -0.592,      0.844,    β:       1.000
α:       0.882,      1.412,      0.099,      0.456,     -0.590,      0.843,    β:       1.000
α:       0.881,      1.412,      0.102,      0.455,     -0.590,      0.843,    β:       1.000
α:       0.881,      1.412,      0.099,      0.455,     -0.590,      0.843,    β:       1.000
α:       0.880,      1.412,      0.101,      0.454,     -0.590,      0.844,    β:       1.000
α:       0.881,      1.411,      0.104,      0.454,     -0.590,      0.844,    β:       1.000
α:       0.880,      1.412,      0.102,      0.454,     -0.590,      0.844,    β:       1.000
α:       0.881,      1.411,      0.103,      0.455,     -0.590,      0.843,    β:       1.000
α:       0.879,      1.412,      0.104,      0.455,     -0.590,      0.843,    β:       1.000
α:       0.880,      1.411,      0.107,      0.455,     -0.590,      0.844,    β:       1.000
α:       0.880,      1.412,      0.108,      0.455,     -0.589,      0.844,    β:       1.000
α:       0.882,      1.412,      0.110,      0.457,     -0.589,      0.844,    β:       1.000
α:       0.883,      1.412,      0.112,      0.458,     -0.591,      0.844,    β:       1.000
α:       0.883,      1.412,      0.114,      0.457,     -0.591,      0.843,    β:       1.000
α:       0.884,      1.412,      0.113,      0.458,     -0.591,      0.843,    β:       1.000
α:       0.882,      1.412,      0.109,      0.457,     -0.589,      0.842,    β:       1.000
α:       0.883,      1.412,      0.106,      0.457,     -0.589,      0.842,    β:       1.000
α:       0.883,      1.413,      0.108,      0.458,     -0.588,      0.842,    β:       1.000
α:       0.882,      1.415,      0.109,      0.459,     -0.588,      0.843,    β:       1.000
α:       0.884,      1.414,      0.113,      0.459,     -0.589,      0.843,    β:       1.000
α:       0.884,      1.415,      0.115,      0.460,     -0.589,      0.844,    β:       1.000
α:       0.885,      1.414,      0.112,      0.459,     -0.589,      0.842,    β:       1.000
α:       0.885,      1.414,      0.116,      0.459,     -0.590,      0.843,    β:       1.000
α:       0.884,      1.413,      0.117,      0.459,     -0.590,      0.844,    β:       1.000
α:       0.884,      1.413,      0.117,      0.459,     -0.590,      0.843,    β:       1.000
α:       0.885,      1.414,      0.118,      0.459,     -0.589,      0.842,    β:       1.000
α:       0.882,      1.413,      0.116,      0.458,     -0.588,      0.842,    β:       1.000
α:       0.880,      1.414,      0.118,      0.457,     -0.589,      0.843,    β:       1.000
α:       0.879,      1.413,      0.115,      0.457,     -0.587,      0.842,    β:       1.000
α:       0.880,      1.413,      0.116,      0.457,     -0.587,      0.842,    β:       1.000
α:       0.881,      1.413,      0.118,      0.456,     -0.588,      0.842,    β:       1.000
α:       0.881,      1.413,      0.120,      0.456,     -0.588,      0.843,    β:       1.000
α:       0.880,      1.413,      0.118,      0.455,     -0.589,      0.843,    β:       1.000
α:       0.880,      1.413,      0.119,      0.455,     -0.589,      0.843,    β:       1.000
α:       0.881,      1.413,      0.118,      0.455,     -0.589,      0.844,    β:       1.000
