α0:     -0.857,      0.903,      1.403,     -0.028,      0.628,     -0.154,    β0:      1.000
α:      -0.107,      0.108,      0.118,     -0.049,      0.054,      0.048,    β:       1.000
α:      -0.179,      0.181,      0.198,     -0.082,      0.092,      0.081,    β:       1.000
α:      -0.236,      0.235,      0.260,     -0.107,      0.123,      0.106,    β:       1.000
α:      -0.279,      0.278,      0.312,     -0.126,      0.148,      0.124,    β:       1.000
α:      -0.317,      0.317,      0.356,     -0.142,      0.169,      0.139,    β:       1.000
α:      -0.349,      0.351,      0.398,     -0.155,      0.189,      0.152,    β:       1.000
α:      -0.379,      0.376,      0.435,     -0.167,      0.206,      0.162,    β:       1.000
α:      -0.406,      0.400,      0.469,     -0.176,      0.222,      0.171,    β:       1.000
α:      -0.429,      0.422,      0.499,     -0.185,      0.236,      0.178,    β:       1.000
α:      -0.448,      0.445,      0.527,     -0.193,      0.249,      0.186,    β:       1.000
α:      -0.467,      0.464,      0.552,     -0.200,      0.261,      0.193,    β:       1.000
α:      -0.486,      0.483,      0.578,     -0.208,      0.272,      0.199,    β:       1.000
α:      -0.502,      0.500,      0.600,     -0.212,      0.283,      0.202,    β:       1.000
α:      -0.517,      0.516,      0.621,     -0.216,      0.293,      0.207,    β:       1.000
α:      -0.533,      0.529,      0.642,     -0.220,      0.301,      0.208,    β:       1.000
α:      -0.546,      0.542,      0.660,     -0.224,      0.310,      0.211,    β:       1.000
α:      -0.558,      0.555,      0.678,     -0.227,      0.319,      0.213,    β:       1.000
α:      -0.572,      0.569,      0.695,     -0.232,      0.327,      0.216,    β:       1.000
α:      -0.584,      0.580,      0.713,     -0.236,      0.335,      0.218,    β:       1.000
α:      -0.596,      0.589,      0.729,     -0.238,      0.341,      0.220,    β:       1.000
α:      -0.604,      0.598,      0.745,     -0.239,      0.347,      0.224,    β:       1.000
α:      -0.615,      0.607,      0.761,     -0.241,      0.354,      0.225,    β:       1.000
α:      -0.624,      0.615,      0.775,     -0.243,      0.360,      0.227,    β:       1.000
α:      -0.631,      0.624,      0.791,     -0.243,      0.366,      0.228,    β:       1.000
α:      -0.640,      0.631,      0.804,     -0.245,      0.372,      0.228,    β:       1.000
α:      -0.650,      0.640,      0.816,     -0.246,      0.378,      0.228,    β:       1.000
α:      -0.657,      0.648,      0.827,     -0.246,      0.382,      0.226,    β:       1.000
α:      -0.663,      0.657,      0.839,     -0.247,      0.388,      0.227,    β:       1.000
α:      -0.668,      0.664,      0.850,     -0.247,      0.392,      0.228,    β:       1.000
α:      -0.673,      0.670,      0.863,     -0.247,      0.398,      0.227,    β:       1.000
α:      -0.679,      0.675,      0.873,     -0.246,      0.403,      0.226,    β:       1.000
α:      -0.684,      0.681,      0.884,     -0.247,      0.407,      0.225,    β:       1.000
α:      -0.691,      0.687,      0.893,     -0.247,      0.411,      0.225,    β:       1.000
α:      -0.696,      0.693,      0.903,     -0.248,      0.414,      0.225,    β:       1.000
α:      -0.702,      0.699,      0.913,     -0.248,      0.418,      0.224,    β:       1.000
α:      -0.708,      0.703,      0.923,     -0.249,      0.422,      0.223,    β:       1.000
α:      -0.712,      0.709,      0.934,     -0.249,      0.427,      0.223,    β:       1.000
α:      -0.714,      0.714,      0.944,     -0.248,      0.430,      0.222,    β:       1.000
α:      -0.718,      0.716,      0.953,     -0.248,      0.434,      0.221,    β:       1.000
α:      -0.723,      0.719,      0.961,     -0.247,      0.437,      0.220,    β:       1.000
α:      -0.727,      0.723,      0.969,     -0.246,      0.441,      0.217,    β:       1.000
α:      -0.728,      0.727,      0.978,     -0.245,      0.443,      0.217,    β:       1.000
α:      -0.730,      0.731,      0.987,     -0.245,      0.447,      0.215,    β:       1.000
α:      -0.733,      0.734,      0.994,     -0.244,      0.450,      0.214,    β:       1.000
α:      -0.733,      0.737,      1.001,     -0.242,      0.452,      0.212,    β:       1.000
α:      -0.734,      0.741,      1.008,     -0.239,      0.454,      0.208,    β:       1.000
α:      -0.737,      0.744,      1.017,     -0.240,      0.458,      0.206,    β:       1.000
α:      -0.739,      0.745,      1.025,     -0.239,      0.460,      0.204,    β:       1.000
α:      -0.742,      0.748,      1.031,     -0.239,      0.463,      0.202,    β:       1.000
α:      -0.745,      0.752,      1.037,     -0.237,      0.465,      0.199,    β:       1.000
α:      -0.750,      0.755,      1.043,     -0.237,      0.468,      0.197,    β:       1.000
α:      -0.753,      0.757,      1.048,     -0.237,      0.470,      0.194,    β:       1.000
α:      -0.757,      0.759,      1.054,     -0.237,      0.472,      0.192,    β:       1.000
α:      -0.760,      0.761,      1.060,     -0.237,      0.474,      0.190,    β:       1.000
α:      -0.763,      0.763,      1.066,     -0.235,      0.477,      0.187,    β:       1.000
α:      -0.763,      0.764,      1.073,     -0.233,      0.479,      0.185,    β:       1.000
α:      -0.766,      0.766,      1.079,     -0.232,      0.481,      0.183,    β:       1.000
α:      -0.767,      0.769,      1.084,     -0.230,      0.482,      0.180,    β:       1.000
α:      -0.766,      0.772,      1.089,     -0.230,      0.485,      0.180,    β:       1.000
α:      -0.768,      0.773,      1.095,     -0.230,      0.487,      0.178,    β:       1.000
α:      -0.769,      0.776,      1.101,     -0.228,      0.489,      0.177,    β:       1.000
α:      -0.770,      0.778,      1.106,     -0.227,      0.491,      0.174,    β:       1.000
α:      -0.772,      0.780,      1.112,     -0.224,      0.492,      0.172,    β:       1.000
α:      -0.775,      0.783,      1.116,     -0.223,      0.494,      0.168,    β:       1.000
α:      -0.776,      0.786,      1.121,     -0.221,      0.495,      0.167,    β:       1.000
α:      -0.779,      0.789,      1.126,     -0.220,      0.497,      0.165,    β:       1.000
α:      -0.780,      0.792,      1.131,     -0.219,      0.499,      0.164,    β:       1.000
α:      -0.782,      0.796,      1.136,     -0.220,      0.500,      0.161,    β:       1.000
α:      -0.783,      0.798,      1.138,     -0.219,      0.501,      0.158,    β:       1.000
α:      -0.784,      0.799,      1.143,     -0.217,      0.503,      0.157,    β:       1.000
α:      -0.786,      0.800,      1.147,     -0.215,      0.505,      0.153,    β:       1.000
α:      -0.788,      0.801,      1.151,     -0.215,      0.506,      0.153,    β:       1.000
α:      -0.792,      0.803,      1.156,     -0.214,      0.509,      0.150,    β:       1.000
α:      -0.793,      0.803,      1.159,     -0.213,      0.510,      0.148,    β:       1.000
α:      -0.794,      0.804,      1.163,     -0.212,      0.511,      0.146,    β:       1.000
α:      -0.795,      0.805,      1.167,     -0.209,      0.513,      0.144,    β:       1.000
α:      -0.797,      0.807,      1.171,     -0.209,      0.514,      0.141,    β:       1.000
α:      -0.795,      0.810,      1.176,     -0.207,      0.516,      0.139,    β:       1.000
α:      -0.793,      0.812,      1.180,     -0.205,      0.517,      0.137,    β:       1.000
α:      -0.794,      0.815,      1.183,     -0.203,      0.518,      0.135,    β:       1.000
α:      -0.796,      0.816,      1.187,     -0.202,      0.519,      0.133,    β:       1.000
α:      -0.798,      0.818,      1.192,     -0.202,      0.522,      0.132,    β:       1.000
α:      -0.797,      0.820,      1.196,     -0.201,      0.522,      0.130,    β:       1.000
α:      -0.798,      0.822,      1.200,     -0.199,      0.524,      0.128,    β:       1.000
α:      -0.800,      0.823,      1.204,     -0.198,      0.525,      0.126,    β:       1.000
α:      -0.800,      0.825,      1.206,     -0.197,      0.526,      0.124,    β:       1.000
α:      -0.801,      0.825,      1.210,     -0.196,      0.527,      0.122,    β:       1.000
α:      -0.802,      0.826,      1.214,     -0.196,      0.529,      0.120,    β:       1.000
α:      -0.804,      0.828,      1.217,     -0.195,      0.530,      0.119,    β:       1.000
α:      -0.804,      0.830,      1.221,     -0.195,      0.531,      0.117,    β:       1.000
α:      -0.804,      0.832,      1.225,     -0.194,      0.532,      0.114,    β:       1.000
α:      -0.805,      0.832,      1.228,     -0.193,      0.534,      0.112,    β:       1.000
α:      -0.805,      0.833,      1.232,     -0.193,      0.535,      0.111,    β:       1.000
α:      -0.806,      0.835,      1.236,     -0.191,      0.536,      0.108,    β:       1.000
α:      -0.807,      0.837,      1.239,     -0.190,      0.537,      0.107,    β:       1.000
α:      -0.807,      0.838,      1.241,     -0.189,      0.538,      0.105,    β:       1.000
α:      -0.808,      0.838,      1.243,     -0.188,      0.539,      0.103,    β:       1.000
α:      -0.809,      0.837,      1.247,     -0.188,      0.540,      0.101,    β:       1.000
α:      -0.809,      0.839,      1.250,     -0.187,      0.541,      0.101,    β:       1.000
α:      -0.812,      0.841,      1.252,     -0.187,      0.543,      0.099,    β:       1.000
α:      -0.813,      0.844,      1.255,     -0.186,      0.544,      0.096,    β:       1.000
α:      -0.811,      0.846,      1.258,     -0.185,      0.545,      0.095,    β:       1.000
α:      -0.811,      0.846,      1.261,     -0.183,      0.547,      0.095,    β:       1.000
α:      -0.812,      0.847,      1.263,     -0.181,      0.548,      0.091,    β:       1.000
α:      -0.814,      0.847,      1.264,     -0.181,      0.549,      0.090,    β:       1.000
α:      -0.815,      0.850,      1.266,     -0.179,      0.550,      0.089,    β:       1.000
α:      -0.815,      0.851,      1.267,     -0.178,      0.551,      0.088,    β:       1.000
α:      -0.816,      0.854,      1.270,     -0.179,      0.551,      0.086,    β:       1.000
α:      -0.817,      0.855,      1.273,     -0.178,      0.552,      0.084,    β:       1.000
α:      -0.820,      0.855,      1.276,     -0.179,      0.555,      0.082,    β:       1.000
α:      -0.818,      0.855,      1.277,     -0.177,      0.555,      0.079,    β:       1.000
α:      -0.819,      0.855,      1.279,     -0.175,      0.557,      0.077,    β:       1.000
α:      -0.819,      0.855,      1.282,     -0.174,      0.558,      0.075,    β:       1.000
α:      -0.818,      0.857,      1.285,     -0.173,      0.559,      0.073,    β:       1.000
α:      -0.818,      0.860,      1.287,     -0.171,      0.560,      0.071,    β:       1.000
α:      -0.819,      0.862,      1.287,     -0.171,      0.560,      0.071,    β:       1.000
α:      -0.817,      0.861,      1.288,     -0.169,      0.560,      0.069,    β:       1.000
α:      -0.820,      0.863,      1.292,     -0.168,      0.563,      0.069,    β:       1.000
α:      -0.820,      0.864,      1.295,     -0.167,      0.564,      0.066,    β:       1.000
α:      -0.820,      0.864,      1.296,     -0.166,      0.565,      0.063,    β:       1.000
α:      -0.821,      0.868,      1.299,     -0.165,      0.565,      0.060,    β:       1.000
α:      -0.822,      0.869,      1.301,     -0.164,      0.566,      0.058,    β:       1.000
α:      -0.822,      0.868,      1.304,     -0.163,      0.567,      0.055,    β:       1.000
α:      -0.822,      0.870,      1.306,     -0.162,      0.568,      0.054,    β:       1.000
α:      -0.823,      0.870,      1.306,     -0.160,      0.569,      0.051,    β:       1.000
α:      -0.821,      0.871,      1.307,     -0.159,      0.569,      0.049,    β:       1.000
α:      -0.821,      0.873,      1.309,     -0.158,      0.570,      0.047,    β:       1.000
α:      -0.819,      0.873,      1.311,     -0.156,      0.570,      0.046,    β:       1.000
α:      -0.819,      0.873,      1.312,     -0.154,      0.569,      0.044,    β:       1.000
α:      -0.819,      0.874,      1.313,     -0.154,      0.569,      0.042,    β:       1.000
α:      -0.821,      0.875,      1.316,     -0.154,      0.570,      0.040,    β:       1.000
α:      -0.822,      0.877,      1.317,     -0.154,      0.571,      0.039,    β:       1.000
α:      -0.822,      0.875,      1.319,     -0.152,      0.571,      0.035,    β:       1.000
α:      -0.823,      0.877,      1.321,     -0.151,      0.572,      0.034,    β:       1.000
α:      -0.823,      0.878,      1.322,     -0.151,      0.573,      0.032,    β:       1.000
α:      -0.822,      0.879,      1.324,     -0.151,      0.574,      0.032,    β:       1.000
α:      -0.824,      0.880,      1.325,     -0.151,      0.575,      0.031,    β:       1.000
α:      -0.823,      0.879,      1.325,     -0.149,      0.575,      0.029,    β:       1.000
α:      -0.823,      0.879,      1.327,     -0.147,      0.575,      0.026,    β:       1.000
α:      -0.825,      0.878,      1.329,     -0.147,      0.575,      0.025,    β:       1.000
α:      -0.825,      0.879,      1.331,     -0.147,      0.576,      0.023,    β:       1.000
α:      -0.827,      0.881,      1.333,     -0.146,      0.576,      0.022,    β:       1.000
α:      -0.829,      0.884,      1.334,     -0.147,      0.577,      0.022,    β:       1.000
α:      -0.828,      0.884,      1.336,     -0.145,      0.578,      0.020,    β:       1.000
α:      -0.828,      0.885,      1.336,     -0.146,      0.578,      0.018,    β:       1.000
α:      -0.829,      0.883,      1.337,     -0.145,      0.579,      0.017,    β:       1.000
α:      -0.829,      0.883,      1.338,     -0.146,      0.580,      0.015,    β:       1.000
α:      -0.829,      0.883,      1.340,     -0.142,      0.581,      0.014,    β:       1.000
α:      -0.830,      0.885,      1.340,     -0.142,      0.581,      0.014,    β:       1.000
α:      -0.830,      0.887,      1.342,     -0.142,      0.581,      0.014,    β:       1.000
α:      -0.830,      0.888,      1.344,     -0.142,      0.582,      0.013,    β:       1.000
α:      -0.831,      0.887,      1.345,     -0.141,      0.584,      0.014,    β:       1.000
α:      -0.832,      0.890,      1.346,     -0.142,      0.584,      0.013,    β:       1.000
α:      -0.832,      0.890,      1.347,     -0.142,      0.584,      0.012,    β:       1.000
α:      -0.832,      0.892,      1.348,     -0.141,      0.585,      0.013,    β:       1.000
α:      -0.834,      0.890,      1.349,     -0.139,      0.586,      0.011,    β:       1.000
α:      -0.834,      0.890,      1.351,     -0.138,      0.586,      0.009,    β:       1.000
α:      -0.837,      0.889,      1.352,     -0.138,      0.587,      0.007,    β:       1.000
α:      -0.838,      0.889,      1.353,     -0.138,      0.588,      0.005,    β:       1.000
α:      -0.838,      0.891,      1.355,     -0.137,      0.589,      0.003,    β:       1.000
α:      -0.838,      0.890,      1.356,     -0.136,      0.590,      0.002,    β:       1.000
α:      -0.839,      0.891,      1.357,     -0.135,      0.590,      0.002,    β:       1.000
α:      -0.839,      0.890,      1.359,     -0.133,      0.591,     -0.000,    β:       1.000
α:      -0.839,      0.892,      1.361,     -0.134,      0.592,     -0.004,    β:       1.000
α:      -0.838,      0.892,      1.361,     -0.132,      0.593,     -0.005,    β:       1.000
α:      -0.838,      0.891,      1.361,     -0.130,      0.593,     -0.006,    β:       1.000
α:      -0.838,      0.891,      1.363,     -0.130,      0.594,     -0.009,    β:       1.000
α:      -0.840,      0.890,      1.364,     -0.130,      0.595,     -0.011,    β:       1.000
α:      -0.840,      0.891,      1.366,     -0.129,      0.595,     -0.014,    β:       1.000
α:      -0.839,      0.893,      1.366,     -0.130,      0.596,     -0.016,    β:       1.000
α:      -0.840,      0.894,      1.368,     -0.129,      0.596,     -0.017,    β:       1.000
α:      -0.840,      0.894,      1.371,     -0.128,      0.597,     -0.020,    β:       1.000
α:      -0.839,      0.895,      1.373,     -0.127,      0.598,     -0.021,    β:       1.000
α:      -0.837,      0.895,      1.373,     -0.126,      0.597,     -0.023,    β:       1.000
α:      -0.837,      0.896,      1.375,     -0.125,      0.597,     -0.024,    β:       1.000
α:      -0.839,      0.897,      1.375,     -0.126,      0.597,     -0.026,    β:       1.000
α:      -0.840,      0.897,      1.374,     -0.126,      0.598,     -0.028,    β:       1.000
α:      -0.838,      0.898,      1.374,     -0.125,      0.597,     -0.031,    β:       1.000
α:      -0.838,      0.898,      1.374,     -0.124,      0.597,     -0.032,    β:       1.000
α:      -0.838,      0.897,      1.375,     -0.123,      0.597,     -0.032,    β:       1.000
α:      -0.837,      0.898,      1.375,     -0.123,      0.598,     -0.033,    β:       1.000
α:      -0.839,      0.899,      1.377,     -0.122,      0.599,     -0.034,    β:       1.000
α:      -0.838,      0.899,      1.378,     -0.121,      0.600,     -0.035,    β:       1.000
α:      -0.837,      0.897,      1.378,     -0.120,      0.601,     -0.036,    β:       1.000
α:      -0.838,      0.897,      1.379,     -0.120,      0.601,     -0.038,    β:       1.000
α:      -0.837,      0.896,      1.380,     -0.119,      0.601,     -0.038,    β:       1.000
α:      -0.836,      0.895,      1.382,     -0.118,      0.601,     -0.040,    β:       1.000
α:      -0.837,      0.896,      1.384,     -0.117,      0.602,     -0.043,    β:       1.000
α:      -0.837,      0.896,      1.386,     -0.116,      0.602,     -0.044,    β:       1.000
α:      -0.835,      0.897,      1.385,     -0.115,      0.603,     -0.045,    β:       1.000
α:      -0.836,      0.897,      1.386,     -0.113,      0.602,     -0.045,    β:       1.000
α:      -0.836,      0.898,      1.386,     -0.113,      0.602,     -0.045,    β:       1.000
α:      -0.835,      0.897,      1.386,     -0.113,      0.603,     -0.047,    β:       1.000
α:      -0.834,      0.898,      1.386,     -0.111,      0.603,     -0.050,    β:       1.000
α:      -0.835,      0.897,      1.387,     -0.110,      0.603,     -0.051,    β:       1.000
α:      -0.835,      0.899,      1.388,     -0.110,      0.603,     -0.054,    β:       1.000
α:      -0.834,      0.900,      1.388,     -0.110,      0.603,     -0.057,    β:       1.000
α:      -0.832,      0.901,      1.388,     -0.110,      0.603,     -0.058,    β:       1.000
α:      -0.831,      0.902,      1.389,     -0.110,      0.604,     -0.062,    β:       1.000
α:      -0.831,      0.901,      1.388,     -0.107,      0.603,     -0.062,    β:       1.000
α:      -0.832,      0.902,      1.388,     -0.106,      0.604,     -0.064,    β:       1.000
α:      -0.832,      0.901,      1.389,     -0.104,      0.604,     -0.064,    β:       1.000
α:      -0.831,      0.901,      1.390,     -0.104,      0.603,     -0.066,    β:       1.000
α:      -0.832,      0.902,      1.390,     -0.104,      0.603,     -0.067,    β:       1.000
α:      -0.831,      0.901,      1.390,     -0.103,      0.604,     -0.066,    β:       1.000
α:      -0.832,      0.903,      1.391,     -0.103,      0.605,     -0.068,    β:       1.000
α:      -0.834,      0.901,      1.391,     -0.102,      0.604,     -0.068,    β:       1.000
α:      -0.833,      0.900,      1.391,     -0.100,      0.605,     -0.068,    β:       1.000
α:      -0.833,      0.901,      1.392,     -0.100,      0.606,     -0.070,    β:       1.000
α:      -0.833,      0.902,      1.391,     -0.100,      0.605,     -0.071,    β:       1.000
α:      -0.832,      0.903,      1.390,     -0.099,      0.606,     -0.071,    β:       1.000
α:      -0.834,      0.901,      1.390,     -0.099,      0.607,     -0.073,    β:       1.000
α:      -0.834,      0.901,      1.390,     -0.099,      0.607,     -0.074,    β:       1.000
α:      -0.835,      0.900,      1.389,     -0.098,      0.607,     -0.077,    β:       1.000
α:      -0.834,      0.900,      1.390,     -0.098,      0.607,     -0.078,    β:       1.000
α:      -0.833,      0.898,      1.390,     -0.097,      0.607,     -0.080,    β:       1.000
α:      -0.834,      0.899,      1.390,     -0.097,      0.607,     -0.080,    β:       1.000
α:      -0.835,      0.900,      1.392,     -0.097,      0.608,     -0.081,    β:       1.000
α:      -0.834,      0.900,      1.393,     -0.096,      0.609,     -0.082,    β:       1.000
α:      -0.834,      0.900,      1.392,     -0.097,      0.610,     -0.083,    β:       1.000
α:      -0.833,      0.898,      1.394,     -0.095,      0.610,     -0.083,    β:       1.000
α:      -0.833,      0.897,      1.395,     -0.095,      0.610,     -0.084,    β:       1.000
α:      -0.833,      0.895,      1.394,     -0.093,      0.610,     -0.085,    β:       1.000
α:      -0.833,      0.895,      1.395,     -0.093,      0.611,     -0.086,    β:       1.000
α:      -0.834,      0.896,      1.396,     -0.093,      0.611,     -0.087,    β:       1.000
α:      -0.835,      0.897,      1.396,     -0.093,      0.612,     -0.090,    β:       1.000
α:      -0.836,      0.896,      1.396,     -0.093,      0.612,     -0.091,    β:       1.000
α:      -0.834,      0.897,      1.396,     -0.092,      0.612,     -0.092,    β:       1.000
α:      -0.834,      0.895,      1.397,     -0.090,      0.612,     -0.093,    β:       1.000
α:      -0.835,      0.894,      1.396,     -0.089,      0.613,     -0.093,    β:       1.000
α:      -0.837,      0.893,      1.397,     -0.088,      0.614,     -0.094,    β:       1.000
α:      -0.838,      0.894,      1.397,     -0.087,      0.615,     -0.094,    β:       1.000
α:      -0.838,      0.894,      1.397,     -0.086,      0.615,     -0.095,    β:       1.000
α:      -0.839,      0.895,      1.398,     -0.086,      0.614,     -0.096,    β:       1.000
α:      -0.838,      0.897,      1.397,     -0.086,      0.614,     -0.097,    β:       1.000
α:      -0.838,      0.896,      1.396,     -0.086,      0.614,     -0.098,    β:       1.000
α:      -0.838,      0.897,      1.397,     -0.085,      0.614,     -0.099,    β:       1.000
α:      -0.839,      0.898,      1.397,     -0.085,      0.614,     -0.099,    β:       1.000
α:      -0.841,      0.897,      1.398,     -0.086,      0.615,     -0.101,    β:       1.000
α:      -0.841,      0.896,      1.399,     -0.085,      0.615,     -0.101,    β:       1.000
α:      -0.839,      0.895,      1.400,     -0.084,      0.615,     -0.102,    β:       1.000
α:      -0.839,      0.894,      1.399,     -0.084,      0.614,     -0.102,    β:       1.000
α:      -0.841,      0.895,      1.399,     -0.084,      0.614,     -0.102,    β:       1.000
α:      -0.841,      0.895,      1.398,     -0.082,      0.614,     -0.102,    β:       1.000
α:      -0.842,      0.897,      1.399,     -0.083,      0.614,     -0.104,    β:       1.000
α:      -0.842,      0.896,      1.398,     -0.080,      0.615,     -0.103,    β:       1.000
α:      -0.843,      0.896,      1.397,     -0.078,      0.615,     -0.102,    β:       1.000
α:      -0.843,      0.895,      1.397,     -0.077,      0.615,     -0.102,    β:       1.000
α:      -0.842,      0.897,      1.398,     -0.077,      0.615,     -0.104,    β:       1.000
α:      -0.843,      0.896,      1.399,     -0.077,      0.615,     -0.103,    β:       1.000
α:      -0.843,      0.896,      1.398,     -0.076,      0.614,     -0.104,    β:       1.000
α:      -0.843,      0.896,      1.398,     -0.076,      0.615,     -0.105,    β:       1.000
α:      -0.843,      0.895,      1.399,     -0.076,      0.616,     -0.106,    β:       1.000
α:      -0.842,      0.896,      1.400,     -0.074,      0.615,     -0.107,    β:       1.000
α:      -0.843,      0.897,      1.400,     -0.074,      0.615,     -0.107,    β:       1.000
α:      -0.842,      0.896,      1.400,     -0.073,      0.615,     -0.108,    β:       1.000
α:      -0.846,      0.896,      1.401,     -0.073,      0.615,     -0.108,    β:       1.000
α:      -0.848,      0.896,      1.402,     -0.074,      0.615,     -0.109,    β:       1.000
α:      -0.847,      0.896,      1.400,     -0.073,      0.615,     -0.109,    β:       1.000
α:      -0.846,      0.894,      1.401,     -0.071,      0.615,     -0.109,    β:       1.000
α:      -0.847,      0.894,      1.401,     -0.070,      0.616,     -0.109,    β:       1.000
α:      -0.844,      0.891,      1.402,     -0.067,      0.615,     -0.109,    β:       1.000
α:      -0.843,      0.890,      1.402,     -0.067,      0.615,     -0.110,    β:       1.000
α:      -0.845,      0.889,      1.401,     -0.067,      0.615,     -0.110,    β:       1.000
α:      -0.844,      0.889,      1.402,     -0.067,      0.615,     -0.110,    β:       1.000
α:      -0.843,      0.888,      1.402,     -0.065,      0.615,     -0.111,    β:       1.000
α:      -0.843,      0.889,      1.402,     -0.065,      0.615,     -0.111,    β:       1.000
α:      -0.844,      0.889,      1.402,     -0.065,      0.615,     -0.110,    β:       1.000
α:      -0.844,      0.888,      1.402,     -0.063,      0.614,     -0.111,    β:       1.000
α:      -0.845,      0.891,      1.401,     -0.063,      0.614,     -0.112,    β:       1.000
α:      -0.845,      0.891,      1.399,     -0.062,      0.614,     -0.112,    β:       1.000
α:      -0.844,      0.892,      1.400,     -0.061,      0.614,     -0.113,    β:       1.000
α:      -0.845,      0.892,      1.400,     -0.062,      0.615,     -0.114,    β:       1.000
α:      -0.844,      0.893,      1.402,     -0.061,      0.615,     -0.115,    β:       1.000
α:      -0.843,      0.893,      1.403,     -0.060,      0.615,     -0.116,    β:       1.000
α:      -0.844,      0.893,      1.403,     -0.059,      0.615,     -0.116,    β:       1.000
α:      -0.843,      0.893,      1.403,     -0.057,      0.615,     -0.117,    β:       1.000
α:      -0.843,      0.895,      1.403,     -0.056,      0.615,     -0.118,    β:       1.000
α:      -0.844,      0.894,      1.403,     -0.055,      0.615,     -0.119,    β:       1.000
α:      -0.843,      0.892,      1.402,     -0.054,      0.615,     -0.120,    β:       1.000
α:      -0.846,      0.894,      1.402,     -0.055,      0.615,     -0.120,    β:       1.000
α:      -0.847,      0.894,      1.402,     -0.055,      0.615,     -0.121,    β:       1.000
α:      -0.848,      0.893,      1.403,     -0.054,      0.617,     -0.121,    β:       1.000
α:      -0.849,      0.892,      1.402,     -0.053,      0.616,     -0.121,    β:       1.000
α:      -0.849,      0.893,      1.401,     -0.053,      0.615,     -0.120,    β:       1.000
α:      -0.848,      0.894,      1.402,     -0.053,      0.615,     -0.120,    β:       1.000
α:      -0.849,      0.895,      1.402,     -0.051,      0.615,     -0.121,    β:       1.000
α:      -0.850,      0.897,      1.402,     -0.052,      0.616,     -0.121,    β:       1.000
α:      -0.850,      0.898,      1.400,     -0.050,      0.616,     -0.121,    β:       1.000
α:      -0.850,      0.898,      1.400,     -0.050,      0.616,     -0.121,    β:       1.000
α:      -0.850,      0.899,      1.401,     -0.051,      0.617,     -0.122,    β:       1.000
α:      -0.849,      0.898,      1.402,     -0.050,      0.617,     -0.121,    β:       1.000
α:      -0.849,      0.898,      1.403,     -0.050,      0.617,     -0.124,    β:       1.000
α:      -0.850,      0.899,      1.404,     -0.050,      0.617,     -0.126,    β:       1.000
α:      -0.850,      0.900,      1.405,     -0.050,      0.618,     -0.125,    β:       1.000
α:      -0.850,      0.900,      1.405,     -0.050,      0.618,     -0.126,    β:       1.000
α:      -0.851,      0.901,      1.406,     -0.050,      0.620,     -0.127,    β:       1.000
α:      -0.851,      0.900,      1.406,     -0.050,      0.619,     -0.127,    β:       1.000
α:      -0.852,      0.899,      1.405,     -0.050,      0.619,     -0.127,    β:       1.000
α:      -0.851,      0.898,      1.405,     -0.048,      0.619,     -0.126,    β:       1.000
α:      -0.852,      0.895,      1.405,     -0.049,      0.620,     -0.127,    β:       1.000
α:      -0.853,      0.894,      1.404,     -0.047,      0.620,     -0.126,    β:       1.000
α:      -0.853,      0.894,      1.404,     -0.046,      0.620,     -0.126,    β:       1.000
α:      -0.852,      0.896,      1.404,     -0.046,      0.619,     -0.127,    β:       1.000
α:      -0.853,      0.895,      1.405,     -0.047,      0.619,     -0.128,    β:       1.000
α:      -0.852,      0.896,      1.406,     -0.046,      0.620,     -0.128,    β:       1.000
α:      -0.852,      0.895,      1.405,     -0.045,      0.619,     -0.128,    β:       1.000
α:      -0.849,      0.896,      1.405,     -0.044,      0.618,     -0.129,    β:       1.000
α:      -0.848,      0.896,      1.403,     -0.043,      0.617,     -0.128,    β:       1.000
α:      -0.848,      0.896,      1.404,     -0.042,      0.618,     -0.128,    β:       1.000
α:      -0.849,      0.896,      1.404,     -0.042,      0.618,     -0.129,    β:       1.000
α:      -0.850,      0.897,      1.404,     -0.041,      0.619,     -0.128,    β:       1.000
α:      -0.851,      0.897,      1.404,     -0.041,      0.618,     -0.129,    β:       1.000
α:      -0.851,      0.897,      1.404,     -0.040,      0.619,     -0.129,    β:       1.000
α:      -0.852,      0.895,      1.404,     -0.038,      0.619,     -0.130,    β:       1.000
α:      -0.853,      0.895,      1.405,     -0.038,      0.620,     -0.130,    β:       1.000
α:      -0.852,      0.897,      1.403,     -0.037,      0.619,     -0.131,    β:       1.000
α:      -0.852,      0.898,      1.403,     -0.037,      0.619,     -0.131,    β:       1.000
α:      -0.853,      0.899,      1.403,     -0.037,      0.618,     -0.132,    β:       1.000
α:      -0.853,      0.899,      1.403,     -0.036,      0.619,     -0.133,    β:       1.000
α:      -0.852,      0.899,      1.403,     -0.035,      0.619,     -0.133,    β:       1.000
α:      -0.852,      0.899,      1.404,     -0.034,      0.619,     -0.133,    β:       1.000
α:      -0.851,      0.900,      1.404,     -0.033,      0.619,     -0.133,    β:       1.000
α:      -0.853,      0.898,      1.406,     -0.033,      0.620,     -0.134,    β:       1.000
α:      -0.854,      0.898,      1.405,     -0.031,      0.620,     -0.133,    β:       1.000
α:      -0.853,      0.899,      1.406,     -0.031,      0.620,     -0.134,    β:       1.000
α:      -0.854,      0.899,      1.406,     -0.031,      0.620,     -0.134,    β:       1.000
α:      -0.854,      0.896,      1.407,     -0.030,      0.619,     -0.135,    β:       1.000
α:      -0.855,      0.897,      1.407,     -0.030,      0.620,     -0.136,    β:       1.000
α:      -0.855,      0.896,      1.406,     -0.030,      0.620,     -0.135,    β:       1.000
α:      -0.854,      0.895,      1.405,     -0.029,      0.619,     -0.134,    β:       1.000
α:      -0.856,      0.895,      1.406,     -0.029,      0.618,     -0.134,    β:       1.000
α:      -0.855,      0.896,      1.406,     -0.028,      0.618,     -0.134,    β:       1.000
α:      -0.855,      0.895,      1.405,     -0.027,      0.618,     -0.134,    β:       1.000
α:      -0.855,      0.896,      1.405,     -0.028,      0.619,     -0.135,    β:       1.000
α:      -0.854,      0.896,      1.406,     -0.028,      0.620,     -0.135,    β:       1.000
α:      -0.854,      0.897,      1.406,     -0.027,      0.620,     -0.135,    β:       1.000
α:      -0.855,      0.898,      1.407,     -0.029,      0.621,     -0.136,    β:       1.000
α:      -0.856,      0.897,      1.406,     -0.028,      0.621,     -0.136,    β:       1.000
α:      -0.855,      0.896,      1.406,     -0.026,      0.620,     -0.136,    β:       1.000
α:      -0.853,      0.898,      1.406,     -0.027,      0.619,     -0.135,    β:       1.000
α:      -0.852,      0.897,      1.407,     -0.025,      0.619,     -0.135,    β:       1.000
α:      -0.852,      0.897,      1.406,     -0.024,      0.619,     -0.135,    β:       1.000
α:      -0.852,      0.896,      1.407,     -0.024,      0.619,     -0.135,    β:       1.000
α:      -0.852,      0.898,      1.406,     -0.024,      0.620,     -0.136,    β:       1.000
α:      -0.853,      0.897,      1.406,     -0.023,      0.619,     -0.135,    β:       1.000
α:      -0.852,      0.896,      1.405,     -0.022,      0.619,     -0.136,    β:       1.000
α:      -0.853,      0.896,      1.405,     -0.022,      0.619,     -0.136,    β:       1.000
α:      -0.855,      0.897,      1.406,     -0.023,      0.619,     -0.135,    β:       1.000
α:      -0.856,      0.898,      1.406,     -0.023,      0.618,     -0.136,    β:       1.000
α:      -0.858,      0.898,      1.407,     -0.024,      0.620,     -0.138,    β:       1.000
α:      -0.857,      0.899,      1.407,     -0.025,      0.619,     -0.139,    β:       1.000
α:      -0.855,      0.901,      1.407,     -0.025,      0.619,     -0.141,    β:       1.000
α:      -0.857,      0.898,      1.407,     -0.025,      0.619,     -0.140,    β:       1.000
α:      -0.857,      0.899,      1.408,     -0.025,      0.619,     -0.141,    β:       1.000
α:      -0.857,      0.899,      1.409,     -0.026,      0.619,     -0.141,    β:       1.000
α:      -0.858,      0.899,      1.408,     -0.027,      0.619,     -0.142,    β:       1.000
α:      -0.859,      0.901,      1.408,     -0.027,      0.620,     -0.143,    β:       1.000
α:      -0.859,      0.901,      1.408,     -0.027,      0.621,     -0.144,    β:       1.000
α:      -0.859,      0.903,      1.408,     -0.028,      0.620,     -0.146,    β:       1.000
α:      -0.859,      0.903,      1.407,     -0.029,      0.620,     -0.145,    β:       1.000
α:      -0.858,      0.900,      1.407,     -0.028,      0.619,     -0.144,    β:       1.000
α:      -0.860,      0.901,      1.407,     -0.027,      0.619,     -0.146,    β:       1.000
α:      -0.860,      0.902,      1.407,     -0.026,      0.619,     -0.146,    β:       1.000
α:      -0.860,      0.902,      1.407,     -0.024,      0.620,     -0.146,    β:       1.000
α:      -0.858,      0.899,      1.405,     -0.023,      0.619,     -0.145,    β:       1.000
α:      -0.859,      0.898,      1.405,     -0.023,      0.619,     -0.145,    β:       1.000
α:      -0.861,      0.898,      1.405,     -0.022,      0.619,     -0.145,    β:       1.000
α:      -0.859,      0.898,      1.407,     -0.021,      0.618,     -0.146,    β:       1.000
α:      -0.859,      0.898,      1.407,     -0.020,      0.618,     -0.145,    β:       1.000
α:      -0.860,      0.898,      1.406,     -0.021,      0.619,     -0.146,    β:       1.000
α:      -0.861,      0.897,      1.407,     -0.020,      0.620,     -0.147,    β:       1.000
α:      -0.859,      0.897,      1.407,     -0.020,      0.620,     -0.148,    β:       1.000
α:      -0.859,      0.898,      1.406,     -0.020,      0.620,     -0.148,    β:       1.000
α:      -0.860,      0.899,      1.406,     -0.021,      0.619,     -0.149,    β:       1.000
α:      -0.859,      0.898,      1.406,     -0.021,      0.618,     -0.150,    β:       1.000
α:      -0.858,      0.896,      1.406,     -0.019,      0.618,     -0.149,    β:       1.000
α:      -0.857,      0.896,      1.405,     -0.019,      0.618,     -0.148,    β:       1.000
α:      -0.857,      0.896,      1.405,     -0.019,      0.618,     -0.148,    β:       1.000
α:      -0.860,      0.898,      1.404,     -0.020,      0.618,     -0.149,    β:       1.000
α:      -0.861,      0.899,      1.404,     -0.019,      0.618,     -0.149,    β:       1.000
α:      -0.861,      0.899,      1.403,     -0.019,      0.618,     -0.148,    β:       1.000
α:      -0.863,      0.899,      1.403,     -0.019,      0.618,     -0.148,    β:       1.000
α:      -0.863,      0.899,      1.403,     -0.018,      0.618,     -0.148,    β:       1.000
α:      -0.864,      0.901,      1.404,     -0.019,      0.618,     -0.149,    β:       1.000
α:      -0.865,      0.901,      1.404,     -0.020,      0.618,     -0.150,    β:       1.000
α:      -0.867,      0.902,      1.403,     -0.020,      0.617,     -0.149,    β:       1.000
α:      -0.866,      0.903,      1.403,     -0.020,      0.617,     -0.151,    β:       1.000
α:      -0.865,      0.902,      1.403,     -0.020,      0.617,     -0.151,    β:       1.000
α:      -0.866,      0.904,      1.402,     -0.021,      0.617,     -0.151,    β:       1.000
α:      -0.867,      0.904,      1.402,     -0.021,      0.618,     -0.151,    β:       1.000
α:      -0.868,      0.905,      1.402,     -0.022,      0.618,     -0.150,    β:       1.000
α:      -0.868,      0.903,      1.401,     -0.020,      0.618,     -0.150,    β:       1.000
α:      -0.867,      0.903,      1.400,     -0.020,      0.617,     -0.150,    β:       1.000
α:      -0.870,      0.902,      1.400,     -0.022,      0.618,     -0.150,    β:       1.000
α:      -0.869,      0.901,      1.400,     -0.022,      0.618,     -0.152,    β:       1.000
α:      -0.868,      0.901,      1.401,     -0.021,      0.618,     -0.152,    β:       1.000
α:      -0.868,      0.901,      1.400,     -0.021,      0.617,     -0.152,    β:       1.000
α:      -0.869,      0.900,      1.400,     -0.022,      0.617,     -0.153,    β:       1.000
α:      -0.870,      0.899,      1.401,     -0.021,      0.618,     -0.152,    β:       1.000
α:      -0.871,      0.900,      1.401,     -0.021,      0.618,     -0.152,    β:       1.000
α:      -0.871,      0.902,      1.400,     -0.022,      0.618,     -0.152,    β:       1.000
α:      -0.872,      0.902,      1.400,     -0.022,      0.618,     -0.153,    β:       1.000
α:      -0.869,      0.902,      1.400,     -0.020,      0.618,     -0.153,    β:       1.000
α:      -0.868,      0.902,      1.400,     -0.020,      0.618,     -0.153,    β:       1.000
α:      -0.867,      0.903,      1.401,     -0.020,      0.617,     -0.152,    β:       1.000
α:      -0.864,      0.901,      1.401,     -0.019,      0.618,     -0.152,    β:       1.000
α:      -0.863,      0.903,      1.401,     -0.018,      0.617,     -0.152,    β:       1.000
α:      -0.863,      0.902,      1.402,     -0.017,      0.616,     -0.151,    β:       1.000
α:      -0.864,      0.901,      1.401,     -0.017,      0.617,     -0.151,    β:       1.000
α:      -0.863,      0.902,      1.401,     -0.018,      0.617,     -0.151,    β:       1.000
α:      -0.862,      0.901,      1.401,     -0.016,      0.617,     -0.151,    β:       1.000
α:      -0.864,      0.900,      1.400,     -0.016,      0.618,     -0.151,    β:       1.000
α:      -0.863,      0.899,      1.400,     -0.014,      0.617,     -0.152,    β:       1.000
α:      -0.865,      0.900,      1.400,     -0.015,      0.618,     -0.152,    β:       1.000
α:      -0.864,      0.900,      1.400,     -0.014,      0.617,     -0.153,    β:       1.000
α:      -0.866,      0.899,      1.399,     -0.014,      0.618,     -0.153,    β:       1.000
α:      -0.867,      0.900,      1.397,     -0.014,      0.617,     -0.152,    β:       1.000
α:      -0.866,      0.901,      1.398,     -0.012,      0.616,     -0.151,    β:       1.000
α:      -0.865,      0.899,      1.399,     -0.011,      0.616,     -0.152,    β:       1.000
α:      -0.863,      0.899,      1.399,     -0.010,      0.616,     -0.151,    β:       1.000
α:      -0.863,      0.896,      1.399,     -0.010,      0.617,     -0.151,    β:       1.000
α:      -0.865,      0.897,      1.399,     -0.010,      0.618,     -0.152,    β:       1.000
α:      -0.864,      0.897,      1.399,     -0.009,      0.618,     -0.152,    β:       1.000
α:      -0.867,      0.897,      1.398,     -0.009,      0.618,     -0.152,    β:       1.000
α:      -0.869,      0.897,      1.399,     -0.009,      0.619,     -0.153,    β:       1.000
α:      -0.871,      0.899,      1.398,     -0.011,      0.619,     -0.154,    β:       1.000
α:      -0.872,      0.899,      1.397,     -0.011,      0.618,     -0.154,    β:       1.000
α:      -0.871,      0.900,      1.397,     -0.010,      0.618,     -0.154,    β:       1.000
α:      -0.869,      0.900,      1.397,     -0.010,      0.618,     -0.155,    β:       1.000
α:      -0.870,      0.902,      1.397,     -0.011,      0.619,     -0.155,    β:       1.000
α:      -0.870,      0.901,      1.396,     -0.011,      0.619,     -0.156,    β:       1.000
α:      -0.869,      0.901,      1.396,     -0.010,      0.619,     -0.156,    β:       1.000
α:      -0.868,      0.901,      1.396,     -0.010,      0.619,     -0.155,    β:       1.000
α:      -0.867,      0.903,      1.398,     -0.009,      0.619,     -0.155,    β:       1.000
α:      -0.867,      0.903,      1.397,     -0.010,      0.619,     -0.155,    β:       1.000
α:      -0.866,      0.901,      1.396,     -0.010,      0.619,     -0.155,    β:       1.000
α:      -0.866,      0.901,      1.395,     -0.009,      0.618,     -0.154,    β:       1.000
α:      -0.866,      0.902,      1.395,     -0.009,      0.618,     -0.155,    β:       1.000
α:      -0.865,      0.901,      1.396,     -0.009,      0.619,     -0.154,    β:       1.000
α:      -0.866,      0.900,      1.396,     -0.009,      0.619,     -0.154,    β:       1.000
α:      -0.866,      0.901,      1.396,     -0.010,      0.618,     -0.154,    β:       1.000
α:      -0.866,      0.901,      1.397,     -0.010,      0.618,     -0.155,    β:       1.000
α:      -0.866,      0.903,      1.396,     -0.011,      0.618,     -0.155,    β:       1.000
α:      -0.865,      0.902,      1.397,     -0.011,      0.618,     -0.156,    β:       1.000
α:      -0.865,      0.902,      1.397,     -0.010,      0.618,     -0.157,    β:       1.000
α:      -0.866,      0.904,      1.399,     -0.011,      0.618,     -0.157,    β:       1.000
α:      -0.864,      0.903,      1.397,     -0.011,      0.617,     -0.157,    β:       1.000
α:      -0.866,      0.902,      1.396,     -0.012,      0.617,     -0.157,    β:       1.000
α:      -0.865,      0.901,      1.397,     -0.010,      0.616,     -0.157,    β:       1.000
α:      -0.864,      0.901,      1.395,     -0.010,      0.616,     -0.158,    β:       1.000
α:      -0.863,      0.901,      1.394,     -0.010,      0.615,     -0.158,    β:       1.000
α:      -0.864,      0.899,      1.394,     -0.009,      0.616,     -0.156,    β:       1.000
α:      -0.865,      0.899,      1.394,     -0.010,      0.616,     -0.156,    β:       1.000
α:      -0.865,      0.898,      1.393,     -0.008,      0.616,     -0.154,    β:       1.000
α:      -0.864,      0.897,      1.394,     -0.008,      0.616,     -0.154,    β:       1.000
α:      -0.861,      0.898,      1.394,     -0.006,      0.616,     -0.155,    β:       1.000
α:      -0.860,      0.897,      1.393,     -0.005,      0.616,     -0.155,    β:       1.000
α:      -0.860,      0.897,      1.394,     -0.005,      0.617,     -0.155,    β:       1.000
α:      -0.859,      0.898,      1.392,     -0.004,      0.616,     -0.155,    β:       1.000
α:      -0.859,      0.898,      1.391,     -0.004,      0.617,     -0.155,    β:       1.000
α:      -0.858,      0.897,      1.393,     -0.003,      0.617,     -0.156,    β:       1.000
α:      -0.856,      0.897,      1.393,     -0.003,      0.618,     -0.155,    β:       1.000
α:      -0.855,      0.899,      1.393,     -0.003,      0.618,     -0.156,    β:       1.000
α:      -0.855,      0.898,      1.393,     -0.002,      0.618,     -0.155,    β:       1.000
α:      -0.854,      0.897,      1.394,     -0.001,      0.618,     -0.155,    β:       1.000
α:      -0.854,      0.896,      1.394,      0.000,      0.618,     -0.155,    β:       1.000
α:      -0.851,      0.897,      1.394,      0.001,      0.618,     -0.156,    β:       1.000
α:      -0.851,      0.898,      1.394,     -0.002,      0.617,     -0.157,    β:       1.000
α:      -0.851,      0.896,      1.393,     -0.001,      0.617,     -0.157,    β:       1.000
α:      -0.852,      0.898,      1.392,     -0.002,      0.617,     -0.157,    β:       1.000
α:      -0.855,      0.898,      1.392,     -0.002,      0.617,     -0.157,    β:       1.000
α:      -0.854,      0.897,      1.392,     -0.002,      0.617,     -0.157,    β:       1.000
α:      -0.854,      0.899,      1.393,     -0.002,      0.618,     -0.157,    β:       1.000
α:      -0.855,      0.898,      1.392,     -0.003,      0.618,     -0.157,    β:       1.000
α:      -0.855,      0.898,      1.391,     -0.003,      0.618,     -0.157,    β:       1.000
α:      -0.856,      0.898,      1.391,     -0.004,      0.617,     -0.157,    β:       1.000
α:      -0.855,      0.899,      1.391,     -0.003,      0.617,     -0.158,    β:       1.000
α:      -0.857,      0.900,      1.392,     -0.004,      0.617,     -0.160,    β:       1.000
α:      -0.859,      0.902,      1.391,     -0.003,      0.617,     -0.159,    β:       1.000
α:      -0.859,      0.903,      1.392,     -0.004,      0.617,     -0.162,    β:       1.000
α:      -0.860,      0.903,      1.391,     -0.002,      0.618,     -0.160,    β:       1.000
α:      -0.860,      0.903,      1.391,     -0.002,      0.618,     -0.161,    β:       1.000
α:      -0.860,      0.902,      1.391,     -0.002,      0.618,     -0.161,    β:       1.000
α:      -0.858,      0.903,      1.392,     -0.002,      0.618,     -0.161,    β:       1.000
α:      -0.858,      0.902,      1.391,     -0.003,      0.618,     -0.162,    β:       1.000
α:      -0.858,      0.902,      1.391,     -0.002,      0.618,     -0.162,    β:       1.000
α:      -0.861,      0.901,      1.392,     -0.004,      0.620,     -0.162,    β:       1.000
α:      -0.862,      0.902,      1.392,     -0.005,      0.619,     -0.163,    β:       1.000
α:      -0.861,      0.901,      1.391,     -0.004,      0.619,     -0.163,    β:       1.000
α:      -0.861,      0.899,      1.392,     -0.003,      0.619,     -0.163,    β:       1.000
α:      -0.861,      0.900,      1.391,     -0.003,      0.619,     -0.163,    β:       1.000
α:      -0.861,      0.900,      1.391,     -0.003,      0.619,     -0.163,    β:       1.000
α:      -0.861,      0.901,      1.392,     -0.003,      0.619,     -0.164,    β:       1.000
α:      -0.860,      0.899,      1.392,     -0.003,      0.619,     -0.163,    β:       1.000
α:      -0.859,      0.899,      1.391,     -0.000,      0.619,     -0.162,    β:       1.000
α:      -0.858,      0.898,      1.390,     -0.001,      0.618,     -0.163,    β:       1.000
α:      -0.857,      0.898,      1.391,     -0.001,      0.618,     -0.163,    β:       1.000
α:      -0.857,      0.897,      1.391,     -0.001,      0.618,     -0.163,    β:       1.000
α:      -0.858,      0.895,      1.393,     -0.002,      0.618,     -0.163,    β:       1.000
