α0:     -1.556,      1.098,      0.644,      1.297,     -1.619,     -0.123,    β0:      1.000
α:      -0.118,      0.115,      0.102,      0.059,     -0.058,     -0.054,    β:       1.000
α:      -0.203,      0.193,      0.176,      0.103,     -0.101,     -0.094,    β:       1.000
α:      -0.271,      0.254,      0.230,      0.138,     -0.137,     -0.124,    β:       1.000
α:      -0.325,      0.303,      0.275,      0.166,     -0.166,     -0.149,    β:       1.000
α:      -0.375,      0.345,      0.312,      0.191,     -0.192,     -0.169,    β:       1.000
α:      -0.417,      0.383,      0.345,      0.214,     -0.215,     -0.190,    β:       1.000
α:      -0.456,      0.418,      0.373,      0.235,     -0.237,     -0.207,    β:       1.000
α:      -0.491,      0.447,      0.399,      0.254,     -0.256,     -0.223,    β:       1.000
α:      -0.525,      0.475,      0.421,      0.271,     -0.273,     -0.235,    β:       1.000
α:      -0.555,      0.501,      0.441,      0.288,     -0.290,     -0.248,    β:       1.000
α:      -0.584,      0.525,      0.458,      0.303,     -0.305,     -0.259,    β:       1.000
α:      -0.612,      0.548,      0.475,      0.317,     -0.320,     -0.270,    β:       1.000
α:      -0.637,      0.570,      0.486,      0.331,     -0.333,     -0.280,    β:       1.000
α:      -0.662,      0.589,      0.499,      0.344,     -0.346,     -0.288,    β:       1.000
α:      -0.685,      0.607,      0.513,      0.357,     -0.359,     -0.298,    β:       1.000
α:      -0.707,      0.625,      0.527,      0.369,     -0.372,     -0.307,    β:       1.000
α:      -0.728,      0.641,      0.537,      0.381,     -0.383,     -0.315,    β:       1.000
α:      -0.748,      0.656,      0.548,      0.392,     -0.394,     -0.322,    β:       1.000
α:      -0.767,      0.670,      0.560,      0.402,     -0.405,     -0.328,    β:       1.000
α:      -0.786,      0.685,      0.569,      0.412,     -0.415,     -0.336,    β:       1.000
α:      -0.803,      0.698,      0.579,      0.421,     -0.425,     -0.342,    β:       1.000
α:      -0.820,      0.712,      0.588,      0.430,     -0.435,     -0.349,    β:       1.000
α:      -0.837,      0.722,      0.595,      0.440,     -0.444,     -0.354,    β:       1.000
α:      -0.854,      0.733,      0.601,      0.448,     -0.453,     -0.359,    β:       1.000
α:      -0.869,      0.743,      0.608,      0.456,     -0.462,     -0.363,    β:       1.000
α:      -0.884,      0.752,      0.613,      0.463,     -0.471,     -0.367,    β:       1.000
α:      -0.900,      0.763,      0.618,      0.471,     -0.479,     -0.372,    β:       1.000
α:      -0.914,      0.773,      0.625,      0.478,     -0.487,     -0.377,    β:       1.000
α:      -0.928,      0.783,      0.631,      0.486,     -0.495,     -0.382,    β:       1.000
α:      -0.941,      0.791,      0.637,      0.493,     -0.503,     -0.387,    β:       1.000
α:      -0.954,      0.800,      0.644,      0.500,     -0.510,     -0.390,    β:       1.000
α:      -0.966,      0.809,      0.649,      0.507,     -0.518,     -0.394,    β:       1.000
α:      -0.979,      0.818,      0.652,      0.513,     -0.524,     -0.399,    β:       1.000
α:      -0.990,      0.824,      0.657,      0.519,     -0.532,     -0.402,    β:       1.000
α:      -1.001,      0.832,      0.659,      0.525,     -0.538,     -0.405,    β:       1.000
α:      -1.011,      0.840,      0.663,      0.532,     -0.544,     -0.408,    β:       1.000
α:      -1.022,      0.846,      0.667,      0.538,     -0.551,     -0.412,    β:       1.000
α:      -1.033,      0.853,      0.669,      0.543,     -0.557,     -0.414,    β:       1.000
α:      -1.044,      0.861,      0.673,      0.549,     -0.563,     -0.416,    β:       1.000
α:      -1.054,      0.868,      0.673,      0.556,     -0.568,     -0.419,    β:       1.000
α:      -1.065,      0.874,      0.676,      0.561,     -0.575,     -0.421,    β:       1.000
α:      -1.075,      0.880,      0.679,      0.566,     -0.581,     -0.422,    β:       1.000
α:      -1.084,      0.886,      0.682,      0.571,     -0.587,     -0.425,    β:       1.000
α:      -1.094,      0.893,      0.684,      0.577,     -0.592,     -0.427,    β:       1.000
α:      -1.104,      0.898,      0.686,      0.582,     -0.598,     -0.429,    β:       1.000
α:      -1.113,      0.904,      0.687,      0.587,     -0.604,     -0.430,    β:       1.000
α:      -1.121,      0.909,      0.689,      0.591,     -0.609,     -0.431,    β:       1.000
α:      -1.131,      0.914,      0.691,      0.596,     -0.615,     -0.434,    β:       1.000
α:      -1.139,      0.920,      0.693,      0.601,     -0.620,     -0.436,    β:       1.000
α:      -1.147,      0.925,      0.696,      0.606,     -0.625,     -0.438,    β:       1.000
α:      -1.154,      0.930,      0.699,      0.610,     -0.630,     -0.440,    β:       1.000
α:      -1.162,      0.935,      0.702,      0.614,     -0.635,     -0.442,    β:       1.000
α:      -1.171,      0.940,      0.705,      0.619,     -0.640,     -0.444,    β:       1.000
α:      -1.178,      0.945,      0.706,      0.623,     -0.645,     -0.445,    β:       1.000
α:      -1.184,      0.950,      0.708,      0.627,     -0.649,     -0.448,    β:       1.000
α:      -1.191,      0.954,      0.709,      0.630,     -0.654,     -0.449,    β:       1.000
α:      -1.199,      0.959,      0.710,      0.635,     -0.658,     -0.451,    β:       1.000
α:      -1.206,      0.964,      0.713,      0.639,     -0.663,     -0.453,    β:       1.000
α:      -1.213,      0.968,      0.712,      0.643,     -0.668,     -0.455,    β:       1.000
α:      -1.219,      0.970,      0.713,      0.646,     -0.673,     -0.456,    β:       1.000
α:      -1.225,      0.974,      0.712,      0.650,     -0.677,     -0.457,    β:       1.000
α:      -1.232,      0.978,      0.712,      0.654,     -0.682,     -0.457,    β:       1.000
α:      -1.239,      0.982,      0.711,      0.658,     -0.685,     -0.458,    β:       1.000
α:      -1.246,      0.985,      0.713,      0.662,     -0.690,     -0.459,    β:       1.000
α:      -1.251,      0.989,      0.714,      0.665,     -0.694,     -0.460,    β:       1.000
α:      -1.257,      0.992,      0.715,      0.669,     -0.698,     -0.462,    β:       1.000
α:      -1.263,      0.995,      0.715,      0.672,     -0.703,     -0.463,    β:       1.000
α:      -1.268,      0.997,      0.716,      0.676,     -0.707,     -0.464,    β:       1.000
α:      -1.273,      1.000,      0.717,      0.679,     -0.711,     -0.464,    β:       1.000
α:      -1.280,      1.004,      0.718,      0.683,     -0.714,     -0.466,    β:       1.000
α:      -1.286,      1.007,      0.718,      0.687,     -0.718,     -0.466,    β:       1.000
α:      -1.291,      1.010,      0.719,      0.689,     -0.723,     -0.468,    β:       1.000
α:      -1.297,      1.012,      0.719,      0.693,     -0.726,     -0.468,    β:       1.000
α:      -1.302,      1.015,      0.719,      0.695,     -0.729,     -0.469,    β:       1.000
α:      -1.307,      1.018,      0.720,      0.699,     -0.733,     -0.470,    β:       1.000
α:      -1.312,      1.020,      0.721,      0.701,     -0.737,     -0.471,    β:       1.000
α:      -1.316,      1.023,      0.721,      0.704,     -0.740,     -0.471,    β:       1.000
α:      -1.320,      1.025,      0.721,      0.707,     -0.743,     -0.471,    β:       1.000
α:      -1.325,      1.028,      0.721,      0.710,     -0.746,     -0.472,    β:       1.000
α:      -1.331,      1.031,      0.722,      0.713,     -0.750,     -0.472,    β:       1.000
α:      -1.335,      1.033,      0.722,      0.716,     -0.753,     -0.472,    β:       1.000
α:      -1.339,      1.036,      0.723,      0.719,     -0.756,     -0.473,    β:       1.000
α:      -1.345,      1.038,      0.723,      0.722,     -0.760,     -0.473,    β:       1.000
α:      -1.349,      1.039,      0.723,      0.724,     -0.764,     -0.474,    β:       1.000
α:      -1.354,      1.041,      0.723,      0.727,     -0.767,     -0.474,    β:       1.000
α:      -1.358,      1.043,      0.726,      0.730,     -0.771,     -0.475,    β:       1.000
α:      -1.362,      1.045,      0.725,      0.733,     -0.773,     -0.476,    β:       1.000
α:      -1.367,      1.047,      0.724,      0.736,     -0.776,     -0.476,    β:       1.000
α:      -1.370,      1.047,      0.726,      0.738,     -0.780,     -0.476,    β:       1.000
α:      -1.374,      1.049,      0.724,      0.741,     -0.783,     -0.476,    β:       1.000
α:      -1.379,      1.050,      0.724,      0.743,     -0.786,     -0.476,    β:       1.000
α:      -1.384,      1.053,      0.725,      0.747,     -0.789,     -0.476,    β:       1.000
α:      -1.388,      1.056,      0.726,      0.750,     -0.793,     -0.477,    β:       1.000
α:      -1.390,      1.058,      0.725,      0.752,     -0.795,     -0.476,    β:       1.000
α:      -1.393,      1.058,      0.723,      0.754,     -0.798,     -0.476,    β:       1.000
α:      -1.397,      1.060,      0.723,      0.756,     -0.801,     -0.476,    β:       1.000
α:      -1.401,      1.061,      0.723,      0.759,     -0.804,     -0.476,    β:       1.000
α:      -1.404,      1.062,      0.722,      0.761,     -0.807,     -0.476,    β:       1.000
α:      -1.408,      1.063,      0.721,      0.764,     -0.810,     -0.476,    β:       1.000
α:      -1.411,      1.065,      0.719,      0.766,     -0.813,     -0.475,    β:       1.000
α:      -1.416,      1.067,      0.719,      0.769,     -0.815,     -0.475,    β:       1.000
α:      -1.418,      1.068,      0.719,      0.771,     -0.818,     -0.475,    β:       1.000
α:      -1.422,      1.069,      0.719,      0.773,     -0.820,     -0.475,    β:       1.000
α:      -1.424,      1.071,      0.720,      0.775,     -0.823,     -0.475,    β:       1.000
α:      -1.427,      1.071,      0.721,      0.777,     -0.826,     -0.474,    β:       1.000
α:      -1.430,      1.072,      0.720,      0.779,     -0.829,     -0.474,    β:       1.000
α:      -1.433,      1.074,      0.721,      0.782,     -0.832,     -0.474,    β:       1.000
α:      -1.435,      1.076,      0.719,      0.784,     -0.835,     -0.473,    β:       1.000
α:      -1.438,      1.077,      0.717,      0.786,     -0.837,     -0.473,    β:       1.000
α:      -1.442,      1.078,      0.718,      0.787,     -0.840,     -0.473,    β:       1.000
α:      -1.444,      1.079,      0.718,      0.790,     -0.843,     -0.473,    β:       1.000
α:      -1.447,      1.081,      0.715,      0.792,     -0.844,     -0.473,    β:       1.000
α:      -1.449,      1.083,      0.716,      0.793,     -0.847,     -0.473,    β:       1.000
α:      -1.453,      1.085,      0.715,      0.795,     -0.849,     -0.473,    β:       1.000
α:      -1.456,      1.087,      0.714,      0.798,     -0.852,     -0.473,    β:       1.000
α:      -1.459,      1.087,      0.715,      0.800,     -0.855,     -0.473,    β:       1.000
α:      -1.462,      1.088,      0.715,      0.802,     -0.857,     -0.473,    β:       1.000
α:      -1.464,      1.088,      0.713,      0.803,     -0.859,     -0.472,    β:       1.000
α:      -1.467,      1.088,      0.713,      0.804,     -0.862,     -0.472,    β:       1.000
α:      -1.470,      1.089,      0.712,      0.806,     -0.865,     -0.471,    β:       1.000
α:      -1.472,      1.091,      0.712,      0.808,     -0.867,     -0.470,    β:       1.000
α:      -1.475,      1.093,      0.712,      0.810,     -0.870,     -0.471,    β:       1.000
α:      -1.477,      1.093,      0.712,      0.811,     -0.872,     -0.470,    β:       1.000
α:      -1.480,      1.093,      0.712,      0.814,     -0.875,     -0.470,    β:       1.000
α:      -1.483,      1.095,      0.711,      0.815,     -0.877,     -0.469,    β:       1.000
α:      -1.485,      1.095,      0.712,      0.817,     -0.880,     -0.469,    β:       1.000
α:      -1.487,      1.097,      0.711,      0.819,     -0.882,     -0.469,    β:       1.000
α:      -1.490,      1.097,      0.709,      0.820,     -0.884,     -0.469,    β:       1.000
α:      -1.492,      1.098,      0.708,      0.822,     -0.886,     -0.468,    β:       1.000
α:      -1.494,      1.098,      0.708,      0.823,     -0.889,     -0.467,    β:       1.000
α:      -1.497,      1.099,      0.708,      0.824,     -0.891,     -0.467,    β:       1.000
α:      -1.499,      1.100,      0.708,      0.826,     -0.893,     -0.468,    β:       1.000
α:      -1.501,      1.100,      0.708,      0.827,     -0.896,     -0.468,    β:       1.000
α:      -1.504,      1.101,      0.706,      0.829,     -0.897,     -0.467,    β:       1.000
α:      -1.505,      1.102,      0.704,      0.830,     -0.899,     -0.466,    β:       1.000
α:      -1.506,      1.102,      0.704,      0.832,     -0.900,     -0.466,    β:       1.000
α:      -1.509,      1.101,      0.705,      0.833,     -0.903,     -0.466,    β:       1.000
α:      -1.512,      1.101,      0.704,      0.834,     -0.905,     -0.466,    β:       1.000
α:      -1.514,      1.101,      0.704,      0.835,     -0.908,     -0.465,    β:       1.000
α:      -1.517,      1.101,      0.705,      0.837,     -0.910,     -0.465,    β:       1.000
α:      -1.518,      1.102,      0.706,      0.838,     -0.912,     -0.464,    β:       1.000
α:      -1.521,      1.102,      0.707,      0.840,     -0.915,     -0.465,    β:       1.000
α:      -1.523,      1.103,      0.707,      0.842,     -0.917,     -0.465,    β:       1.000
α:      -1.524,      1.102,      0.706,      0.843,     -0.920,     -0.465,    β:       1.000
α:      -1.527,      1.103,      0.707,      0.845,     -0.922,     -0.465,    β:       1.000
α:      -1.530,      1.103,      0.708,      0.846,     -0.924,     -0.465,    β:       1.000
α:      -1.532,      1.104,      0.706,      0.847,     -0.926,     -0.464,    β:       1.000
α:      -1.534,      1.104,      0.706,      0.848,     -0.928,     -0.463,    β:       1.000
α:      -1.536,      1.104,      0.705,      0.849,     -0.929,     -0.462,    β:       1.000
α:      -1.538,      1.105,      0.705,      0.851,     -0.932,     -0.462,    β:       1.000
α:      -1.540,      1.105,      0.705,      0.851,     -0.934,     -0.462,    β:       1.000
α:      -1.542,      1.105,      0.704,      0.852,     -0.936,     -0.462,    β:       1.000
α:      -1.544,      1.105,      0.702,      0.853,     -0.938,     -0.461,    β:       1.000
α:      -1.545,      1.104,      0.701,      0.855,     -0.940,     -0.461,    β:       1.000
α:      -1.547,      1.104,      0.699,      0.856,     -0.942,     -0.460,    β:       1.000
α:      -1.549,      1.105,      0.696,      0.857,     -0.944,     -0.460,    β:       1.000
α:      -1.551,      1.104,      0.696,      0.858,     -0.945,     -0.458,    β:       1.000
α:      -1.553,      1.104,      0.697,      0.859,     -0.947,     -0.458,    β:       1.000
α:      -1.554,      1.106,      0.697,      0.861,     -0.949,     -0.458,    β:       1.000
α:      -1.556,      1.106,      0.697,      0.863,     -0.951,     -0.458,    β:       1.000
α:      -1.557,      1.108,      0.696,      0.864,     -0.953,     -0.459,    β:       1.000
α:      -1.558,      1.107,      0.697,      0.865,     -0.955,     -0.458,    β:       1.000
α:      -1.559,      1.107,      0.697,      0.865,     -0.956,     -0.457,    β:       1.000
α:      -1.560,      1.107,      0.698,      0.866,     -0.958,     -0.457,    β:       1.000
α:      -1.562,      1.108,      0.698,      0.867,     -0.960,     -0.457,    β:       1.000
α:      -1.564,      1.109,      0.697,      0.869,     -0.962,     -0.457,    β:       1.000
α:      -1.565,      1.109,      0.699,      0.870,     -0.964,     -0.458,    β:       1.000
α:      -1.566,      1.109,      0.697,      0.872,     -0.966,     -0.458,    β:       1.000
α:      -1.568,      1.109,      0.697,      0.873,     -0.969,     -0.458,    β:       1.000
α:      -1.569,      1.110,      0.696,      0.874,     -0.971,     -0.458,    β:       1.000
α:      -1.570,      1.110,      0.697,      0.875,     -0.973,     -0.458,    β:       1.000
α:      -1.572,      1.111,      0.695,      0.876,     -0.975,     -0.458,    β:       1.000
α:      -1.573,      1.111,      0.697,      0.877,     -0.977,     -0.458,    β:       1.000
α:      -1.575,      1.111,      0.696,      0.879,     -0.979,     -0.458,    β:       1.000
α:      -1.575,      1.112,      0.696,      0.879,     -0.981,     -0.458,    β:       1.000
α:      -1.577,      1.113,      0.695,      0.881,     -0.983,     -0.458,    β:       1.000
α:      -1.578,      1.112,      0.695,      0.882,     -0.984,     -0.458,    β:       1.000
α:      -1.580,      1.113,      0.696,      0.883,     -0.987,     -0.458,    β:       1.000
α:      -1.580,      1.113,      0.697,      0.884,     -0.988,     -0.457,    β:       1.000
α:      -1.582,      1.113,      0.697,      0.885,     -0.990,     -0.456,    β:       1.000
α:      -1.582,      1.113,      0.698,      0.886,     -0.992,     -0.457,    β:       1.000
α:      -1.583,      1.114,      0.697,      0.887,     -0.994,     -0.456,    β:       1.000
α:      -1.585,      1.115,      0.696,      0.888,     -0.995,     -0.456,    β:       1.000
α:      -1.586,      1.116,      0.697,      0.889,     -0.997,     -0.456,    β:       1.000
α:      -1.587,      1.116,      0.695,      0.891,     -0.999,     -0.455,    β:       1.000
α:      -1.589,      1.116,      0.692,      0.892,     -1.000,     -0.455,    β:       1.000
α:      -1.590,      1.117,      0.692,      0.893,     -1.002,     -0.455,    β:       1.000
α:      -1.592,      1.117,      0.693,      0.894,     -1.004,     -0.455,    β:       1.000
α:      -1.594,      1.117,      0.694,      0.895,     -1.006,     -0.455,    β:       1.000
α:      -1.595,      1.118,      0.692,      0.896,     -1.007,     -0.455,    β:       1.000
α:      -1.596,      1.119,      0.690,      0.898,     -1.008,     -0.455,    β:       1.000
α:      -1.596,      1.119,      0.689,      0.898,     -1.009,     -0.454,    β:       1.000
α:      -1.597,      1.119,      0.689,      0.899,     -1.011,     -0.454,    β:       1.000
α:      -1.599,      1.119,      0.690,      0.900,     -1.013,     -0.454,    β:       1.000
α:      -1.600,      1.119,      0.688,      0.900,     -1.014,     -0.453,    β:       1.000
α:      -1.600,      1.120,      0.690,      0.901,     -1.016,     -0.453,    β:       1.000
α:      -1.602,      1.120,      0.689,      0.902,     -1.018,     -0.453,    β:       1.000
α:      -1.603,      1.120,      0.689,      0.902,     -1.020,     -0.453,    β:       1.000
α:      -1.604,      1.120,      0.689,      0.903,     -1.022,     -0.452,    β:       1.000
α:      -1.604,      1.120,      0.691,      0.904,     -1.024,     -0.453,    β:       1.000
α:      -1.606,      1.119,      0.689,      0.905,     -1.025,     -0.452,    β:       1.000
α:      -1.607,      1.119,      0.687,      0.907,     -1.026,     -0.452,    β:       1.000
α:      -1.609,      1.119,      0.688,      0.908,     -1.029,     -0.452,    β:       1.000
α:      -1.609,      1.118,      0.687,      0.909,     -1.030,     -0.452,    β:       1.000
α:      -1.610,      1.117,      0.688,      0.910,     -1.031,     -0.451,    β:       1.000
α:      -1.610,      1.117,      0.686,      0.911,     -1.033,     -0.451,    β:       1.000
α:      -1.610,      1.116,      0.684,      0.911,     -1.035,     -0.451,    β:       1.000
α:      -1.611,      1.116,      0.681,      0.912,     -1.036,     -0.450,    β:       1.000
α:      -1.611,      1.117,      0.679,      0.913,     -1.037,     -0.449,    β:       1.000
α:      -1.612,      1.115,      0.680,      0.914,     -1.039,     -0.450,    β:       1.000
α:      -1.613,      1.114,      0.679,      0.914,     -1.040,     -0.449,    β:       1.000
α:      -1.613,      1.114,      0.680,      0.915,     -1.043,     -0.450,    β:       1.000
α:      -1.615,      1.114,      0.680,      0.916,     -1.044,     -0.450,    β:       1.000
α:      -1.617,      1.114,      0.681,      0.916,     -1.046,     -0.448,    β:       1.000
α:      -1.618,      1.113,      0.681,      0.916,     -1.048,     -0.447,    β:       1.000
α:      -1.619,      1.113,      0.682,      0.917,     -1.050,     -0.446,    β:       1.000
α:      -1.619,      1.113,      0.682,      0.918,     -1.051,     -0.446,    β:       1.000
α:      -1.621,      1.114,      0.680,      0.919,     -1.053,     -0.445,    β:       1.000
α:      -1.622,      1.114,      0.680,      0.921,     -1.054,     -0.445,    β:       1.000
α:      -1.623,      1.114,      0.680,      0.922,     -1.055,     -0.445,    β:       1.000
α:      -1.624,      1.114,      0.680,      0.924,     -1.058,     -0.445,    β:       1.000
α:      -1.625,      1.115,      0.679,      0.925,     -1.059,     -0.444,    β:       1.000
α:      -1.625,      1.115,      0.678,      0.925,     -1.060,     -0.443,    β:       1.000
α:      -1.625,      1.115,      0.678,      0.926,     -1.062,     -0.443,    β:       1.000
α:      -1.627,      1.114,      0.678,      0.927,     -1.064,     -0.443,    β:       1.000
α:      -1.628,      1.116,      0.678,      0.928,     -1.065,     -0.442,    β:       1.000
α:      -1.628,      1.116,      0.677,      0.929,     -1.067,     -0.441,    β:       1.000
α:      -1.628,      1.116,      0.678,      0.929,     -1.068,     -0.441,    β:       1.000
α:      -1.628,      1.114,      0.678,      0.929,     -1.070,     -0.440,    β:       1.000
α:      -1.630,      1.114,      0.678,      0.930,     -1.071,     -0.439,    β:       1.000
α:      -1.631,      1.115,      0.678,      0.931,     -1.073,     -0.439,    β:       1.000
α:      -1.631,      1.113,      0.678,      0.932,     -1.074,     -0.438,    β:       1.000
α:      -1.631,      1.115,      0.678,      0.933,     -1.076,     -0.438,    β:       1.000
α:      -1.632,      1.114,      0.678,      0.933,     -1.077,     -0.437,    β:       1.000
α:      -1.632,      1.115,      0.679,      0.934,     -1.079,     -0.435,    β:       1.000
α:      -1.632,      1.115,      0.678,      0.935,     -1.080,     -0.435,    β:       1.000
α:      -1.633,      1.115,      0.678,      0.935,     -1.081,     -0.434,    β:       1.000
α:      -1.633,      1.115,      0.675,      0.936,     -1.082,     -0.433,    β:       1.000
α:      -1.633,      1.114,      0.675,      0.937,     -1.084,     -0.433,    β:       1.000
α:      -1.633,      1.114,      0.676,      0.937,     -1.086,     -0.433,    β:       1.000
α:      -1.633,      1.115,      0.675,      0.938,     -1.086,     -0.432,    β:       1.000
α:      -1.634,      1.113,      0.674,      0.939,     -1.088,     -0.432,    β:       1.000
α:      -1.635,      1.112,      0.674,      0.940,     -1.090,     -0.432,    β:       1.000
α:      -1.634,      1.111,      0.675,      0.940,     -1.091,     -0.432,    β:       1.000
α:      -1.635,      1.112,      0.676,      0.941,     -1.092,     -0.432,    β:       1.000
α:      -1.637,      1.113,      0.675,      0.942,     -1.094,     -0.431,    β:       1.000
α:      -1.636,      1.113,      0.675,      0.942,     -1.095,     -0.430,    β:       1.000
α:      -1.636,      1.114,      0.674,      0.943,     -1.096,     -0.429,    β:       1.000
α:      -1.636,      1.114,      0.675,      0.943,     -1.098,     -0.430,    β:       1.000
α:      -1.635,      1.114,      0.673,      0.944,     -1.100,     -0.430,    β:       1.000
α:      -1.636,      1.113,      0.671,      0.944,     -1.101,     -0.429,    β:       1.000
α:      -1.636,      1.113,      0.671,      0.945,     -1.103,     -0.428,    β:       1.000
α:      -1.636,      1.114,      0.670,      0.945,     -1.103,     -0.428,    β:       1.000
α:      -1.636,      1.114,      0.671,      0.946,     -1.105,     -0.428,    β:       1.000
α:      -1.636,      1.115,      0.670,      0.947,     -1.106,     -0.428,    β:       1.000
α:      -1.636,      1.113,      0.668,      0.947,     -1.107,     -0.427,    β:       1.000
α:      -1.636,      1.113,      0.668,      0.948,     -1.107,     -0.427,    β:       1.000
α:      -1.636,      1.114,      0.668,      0.949,     -1.109,     -0.427,    β:       1.000
α:      -1.635,      1.113,      0.667,      0.949,     -1.109,     -0.426,    β:       1.000
α:      -1.635,      1.113,      0.668,      0.950,     -1.111,     -0.425,    β:       1.000
α:      -1.636,      1.113,      0.666,      0.951,     -1.111,     -0.424,    β:       1.000
α:      -1.636,      1.113,      0.665,      0.951,     -1.112,     -0.424,    β:       1.000
α:      -1.637,      1.113,      0.666,      0.952,     -1.114,     -0.423,    β:       1.000
α:      -1.637,      1.114,      0.665,      0.952,     -1.115,     -0.423,    β:       1.000
α:      -1.637,      1.114,      0.666,      0.953,     -1.117,     -0.422,    β:       1.000
α:      -1.637,      1.115,      0.665,      0.954,     -1.118,     -0.422,    β:       1.000
α:      -1.637,      1.114,      0.665,      0.954,     -1.119,     -0.421,    β:       1.000
α:      -1.639,      1.115,      0.668,      0.955,     -1.120,     -0.422,    β:       1.000
α:      -1.639,      1.116,      0.669,      0.956,     -1.122,     -0.422,    β:       1.000
α:      -1.639,      1.116,      0.668,      0.957,     -1.124,     -0.421,    β:       1.000
α:      -1.638,      1.117,      0.667,      0.958,     -1.125,     -0.422,    β:       1.000
α:      -1.639,      1.117,      0.666,      0.958,     -1.125,     -0.421,    β:       1.000
α:      -1.639,      1.117,      0.668,      0.958,     -1.127,     -0.420,    β:       1.000
α:      -1.639,      1.117,      0.670,      0.959,     -1.128,     -0.419,    β:       1.000
α:      -1.639,      1.118,      0.669,      0.959,     -1.129,     -0.419,    β:       1.000
α:      -1.639,      1.117,      0.668,      0.960,     -1.130,     -0.418,    β:       1.000
α:      -1.639,      1.118,      0.669,      0.961,     -1.132,     -0.419,    β:       1.000
α:      -1.639,      1.118,      0.669,      0.961,     -1.133,     -0.418,    β:       1.000
α:      -1.640,      1.118,      0.669,      0.962,     -1.135,     -0.418,    β:       1.000
α:      -1.640,      1.118,      0.667,      0.963,     -1.135,     -0.417,    β:       1.000
α:      -1.641,      1.118,      0.666,      0.964,     -1.136,     -0.418,    β:       1.000
α:      -1.641,      1.117,      0.666,      0.965,     -1.137,     -0.417,    β:       1.000
α:      -1.641,      1.117,      0.665,      0.965,     -1.138,     -0.417,    β:       1.000
α:      -1.641,      1.117,      0.664,      0.966,     -1.139,     -0.416,    β:       1.000
α:      -1.643,      1.117,      0.664,      0.967,     -1.140,     -0.416,    β:       1.000
α:      -1.643,      1.118,      0.663,      0.967,     -1.141,     -0.415,    β:       1.000
α:      -1.644,      1.117,      0.662,      0.968,     -1.143,     -0.413,    β:       1.000
α:      -1.644,      1.116,      0.662,      0.968,     -1.143,     -0.412,    β:       1.000
α:      -1.644,      1.116,      0.662,      0.968,     -1.144,     -0.412,    β:       1.000
α:      -1.644,      1.116,      0.662,      0.969,     -1.145,     -0.411,    β:       1.000
α:      -1.643,      1.116,      0.661,      0.969,     -1.146,     -0.411,    β:       1.000
α:      -1.643,      1.116,      0.661,      0.970,     -1.147,     -0.411,    β:       1.000
α:      -1.642,      1.117,      0.660,      0.970,     -1.148,     -0.410,    β:       1.000
α:      -1.642,      1.116,      0.659,      0.970,     -1.148,     -0.409,    β:       1.000
α:      -1.642,      1.117,      0.659,      0.971,     -1.150,     -0.408,    β:       1.000
α:      -1.642,      1.117,      0.659,      0.972,     -1.151,     -0.408,    β:       1.000
α:      -1.642,      1.118,      0.661,      0.972,     -1.153,     -0.408,    β:       1.000
α:      -1.642,      1.118,      0.663,      0.972,     -1.154,     -0.408,    β:       1.000
α:      -1.643,      1.118,      0.663,      0.974,     -1.154,     -0.407,    β:       1.000
α:      -1.643,      1.119,      0.663,      0.974,     -1.156,     -0.407,    β:       1.000
α:      -1.643,      1.120,      0.664,      0.975,     -1.157,     -0.406,    β:       1.000
α:      -1.643,      1.120,      0.661,      0.976,     -1.157,     -0.406,    β:       1.000
α:      -1.645,      1.121,      0.660,      0.977,     -1.158,     -0.404,    β:       1.000
α:      -1.644,      1.121,      0.660,      0.977,     -1.159,     -0.404,    β:       1.000
α:      -1.645,      1.122,      0.660,      0.978,     -1.161,     -0.404,    β:       1.000
α:      -1.646,      1.122,      0.658,      0.979,     -1.162,     -0.403,    β:       1.000
α:      -1.647,      1.122,      0.660,      0.980,     -1.163,     -0.403,    β:       1.000
α:      -1.647,      1.121,      0.661,      0.980,     -1.164,     -0.402,    β:       1.000
α:      -1.646,      1.121,      0.661,      0.980,     -1.165,     -0.402,    β:       1.000
α:      -1.646,      1.122,      0.662,      0.981,     -1.166,     -0.403,    β:       1.000
α:      -1.646,      1.122,      0.660,      0.982,     -1.167,     -0.402,    β:       1.000
α:      -1.646,      1.122,      0.662,      0.982,     -1.168,     -0.403,    β:       1.000
α:      -1.646,      1.122,      0.658,      0.983,     -1.170,     -0.402,    β:       1.000
α:      -1.646,      1.121,      0.659,      0.985,     -1.170,     -0.402,    β:       1.000
α:      -1.646,      1.120,      0.659,      0.985,     -1.172,     -0.401,    β:       1.000
α:      -1.646,      1.121,      0.660,      0.985,     -1.173,     -0.400,    β:       1.000
α:      -1.646,      1.122,      0.660,      0.986,     -1.174,     -0.399,    β:       1.000
α:      -1.646,      1.121,      0.659,      0.987,     -1.175,     -0.399,    β:       1.000
α:      -1.647,      1.122,      0.658,      0.988,     -1.175,     -0.398,    β:       1.000
α:      -1.647,      1.121,      0.657,      0.988,     -1.176,     -0.397,    β:       1.000
α:      -1.648,      1.121,      0.659,      0.989,     -1.177,     -0.397,    β:       1.000
α:      -1.648,      1.120,      0.661,      0.989,     -1.178,     -0.397,    β:       1.000
α:      -1.647,      1.120,      0.662,      0.989,     -1.180,     -0.397,    β:       1.000
α:      -1.647,      1.121,      0.663,      0.990,     -1.181,     -0.397,    β:       1.000
α:      -1.647,      1.120,      0.665,      0.990,     -1.182,     -0.397,    β:       1.000
α:      -1.646,      1.119,      0.665,      0.991,     -1.183,     -0.396,    β:       1.000
α:      -1.647,      1.120,      0.666,      0.992,     -1.184,     -0.396,    β:       1.000
α:      -1.647,      1.120,      0.666,      0.993,     -1.185,     -0.397,    β:       1.000
α:      -1.647,      1.120,      0.666,      0.994,     -1.186,     -0.397,    β:       1.000
α:      -1.647,      1.121,      0.665,      0.995,     -1.186,     -0.397,    β:       1.000
α:      -1.648,      1.119,      0.666,      0.994,     -1.188,     -0.396,    β:       1.000
α:      -1.647,      1.121,      0.665,      0.996,     -1.189,     -0.397,    β:       1.000
α:      -1.648,      1.120,      0.664,      0.996,     -1.190,     -0.397,    β:       1.000
α:      -1.648,      1.119,      0.663,      0.996,     -1.191,     -0.396,    β:       1.000
α:      -1.648,      1.121,      0.663,      0.997,     -1.192,     -0.396,    β:       1.000
α:      -1.647,      1.121,      0.663,      0.997,     -1.193,     -0.396,    β:       1.000
α:      -1.647,      1.123,      0.664,      0.998,     -1.194,     -0.396,    β:       1.000
α:      -1.647,      1.121,      0.663,      0.999,     -1.195,     -0.395,    β:       1.000
α:      -1.647,      1.122,      0.661,      0.998,     -1.196,     -0.394,    β:       1.000
α:      -1.647,      1.124,      0.660,      0.999,     -1.196,     -0.394,    β:       1.000
α:      -1.647,      1.125,      0.658,      0.999,     -1.196,     -0.393,    β:       1.000
α:      -1.647,      1.125,      0.658,      1.000,     -1.197,     -0.392,    β:       1.000
α:      -1.647,      1.126,      0.654,      1.000,     -1.197,     -0.392,    β:       1.000
α:      -1.647,      1.126,      0.653,      1.002,     -1.199,     -0.391,    β:       1.000
α:      -1.646,      1.126,      0.653,      1.002,     -1.200,     -0.390,    β:       1.000
α:      -1.647,      1.126,      0.653,      1.002,     -1.200,     -0.389,    β:       1.000
α:      -1.648,      1.125,      0.652,      1.002,     -1.201,     -0.389,    β:       1.000
α:      -1.647,      1.126,      0.653,      1.002,     -1.202,     -0.389,    β:       1.000
α:      -1.647,      1.124,      0.653,      1.003,     -1.203,     -0.389,    β:       1.000
α:      -1.647,      1.124,      0.653,      1.003,     -1.204,     -0.388,    β:       1.000
α:      -1.648,      1.124,      0.654,      1.004,     -1.205,     -0.388,    β:       1.000
α:      -1.648,      1.123,      0.655,      1.004,     -1.206,     -0.387,    β:       1.000
α:      -1.647,      1.122,      0.656,      1.004,     -1.207,     -0.386,    β:       1.000
α:      -1.647,      1.123,      0.657,      1.004,     -1.208,     -0.386,    β:       1.000
α:      -1.647,      1.123,      0.658,      1.005,     -1.209,     -0.386,    β:       1.000
α:      -1.647,      1.124,      0.658,      1.005,     -1.209,     -0.385,    β:       1.000
α:      -1.647,      1.124,      0.656,      1.006,     -1.210,     -0.385,    β:       1.000
α:      -1.647,      1.124,      0.657,      1.005,     -1.211,     -0.384,    β:       1.000
α:      -1.647,      1.123,      0.657,      1.006,     -1.211,     -0.384,    β:       1.000
α:      -1.647,      1.124,      0.658,      1.005,     -1.212,     -0.383,    β:       1.000
α:      -1.648,      1.124,      0.657,      1.005,     -1.213,     -0.382,    β:       1.000
α:      -1.648,      1.122,      0.657,      1.005,     -1.214,     -0.382,    β:       1.000
α:      -1.648,      1.123,      0.658,      1.006,     -1.215,     -0.381,    β:       1.000
α:      -1.649,      1.123,      0.657,      1.007,     -1.215,     -0.380,    β:       1.000
α:      -1.649,      1.123,      0.655,      1.007,     -1.216,     -0.379,    β:       1.000
α:      -1.649,      1.122,      0.656,      1.007,     -1.216,     -0.379,    β:       1.000
α:      -1.648,      1.122,      0.657,      1.007,     -1.217,     -0.379,    β:       1.000
α:      -1.649,      1.121,      0.655,      1.008,     -1.218,     -0.378,    β:       1.000
α:      -1.649,      1.119,      0.655,      1.008,     -1.219,     -0.378,    β:       1.000
α:      -1.648,      1.118,      0.655,      1.009,     -1.220,     -0.378,    β:       1.000
α:      -1.649,      1.119,      0.654,      1.009,     -1.221,     -0.378,    β:       1.000
α:      -1.649,      1.120,      0.655,      1.010,     -1.221,     -0.378,    β:       1.000
α:      -1.649,      1.119,      0.655,      1.010,     -1.222,     -0.377,    β:       1.000
α:      -1.649,      1.119,      0.656,      1.010,     -1.224,     -0.378,    β:       1.000
α:      -1.649,      1.119,      0.656,      1.010,     -1.226,     -0.377,    β:       1.000
α:      -1.649,      1.119,      0.656,      1.010,     -1.226,     -0.377,    β:       1.000
α:      -1.649,      1.120,      0.656,      1.011,     -1.227,     -0.377,    β:       1.000
α:      -1.650,      1.121,      0.653,      1.012,     -1.227,     -0.376,    β:       1.000
α:      -1.650,      1.121,      0.654,      1.012,     -1.228,     -0.375,    β:       1.000
α:      -1.650,      1.120,      0.654,      1.013,     -1.230,     -0.375,    β:       1.000
α:      -1.650,      1.119,      0.658,      1.013,     -1.231,     -0.375,    β:       1.000
α:      -1.650,      1.119,      0.659,      1.014,     -1.232,     -0.376,    β:       1.000
α:      -1.650,      1.119,      0.657,      1.014,     -1.232,     -0.375,    β:       1.000
α:      -1.650,      1.120,      0.657,      1.015,     -1.233,     -0.376,    β:       1.000
α:      -1.651,      1.121,      0.657,      1.016,     -1.233,     -0.376,    β:       1.000
α:      -1.651,      1.122,      0.656,      1.016,     -1.233,     -0.375,    β:       1.000
α:      -1.651,      1.120,      0.658,      1.016,     -1.234,     -0.375,    β:       1.000
α:      -1.650,      1.119,      0.657,      1.016,     -1.235,     -0.374,    β:       1.000
α:      -1.649,      1.119,      0.658,      1.017,     -1.235,     -0.374,    β:       1.000
α:      -1.650,      1.119,      0.658,      1.017,     -1.235,     -0.373,    β:       1.000
α:      -1.651,      1.118,      0.657,      1.017,     -1.236,     -0.372,    β:       1.000
α:      -1.650,      1.117,      0.657,      1.017,     -1.236,     -0.371,    β:       1.000
α:      -1.650,      1.116,      0.657,      1.016,     -1.237,     -0.370,    β:       1.000
α:      -1.650,      1.117,      0.657,      1.017,     -1.238,     -0.370,    β:       1.000
α:      -1.650,      1.116,      0.657,      1.017,     -1.239,     -0.369,    β:       1.000
α:      -1.649,      1.116,      0.657,      1.017,     -1.240,     -0.369,    β:       1.000
α:      -1.650,      1.116,      0.656,      1.018,     -1.241,     -0.369,    β:       1.000
α:      -1.650,      1.117,      0.655,      1.018,     -1.241,     -0.368,    β:       1.000
α:      -1.650,      1.116,      0.654,      1.018,     -1.242,     -0.368,    β:       1.000
α:      -1.650,      1.117,      0.654,      1.018,     -1.242,     -0.367,    β:       1.000
α:      -1.651,      1.117,      0.654,      1.019,     -1.242,     -0.366,    β:       1.000
α:      -1.650,      1.119,      0.656,      1.020,     -1.243,     -0.366,    β:       1.000
α:      -1.650,      1.119,      0.656,      1.020,     -1.244,     -0.366,    β:       1.000
α:      -1.649,      1.120,      0.655,      1.021,     -1.244,     -0.366,    β:       1.000
α:      -1.650,      1.119,      0.655,      1.021,     -1.245,     -0.366,    β:       1.000
α:      -1.650,      1.120,      0.654,      1.022,     -1.246,     -0.366,    β:       1.000
α:      -1.651,      1.120,      0.654,      1.022,     -1.247,     -0.366,    β:       1.000
α:      -1.651,      1.119,      0.653,      1.022,     -1.247,     -0.366,    β:       1.000
α:      -1.651,      1.118,      0.654,      1.023,     -1.248,     -0.366,    β:       1.000
α:      -1.651,      1.117,      0.656,      1.023,     -1.248,     -0.365,    β:       1.000
α:      -1.651,      1.116,      0.654,      1.023,     -1.248,     -0.364,    β:       1.000
α:      -1.651,      1.118,      0.652,      1.024,     -1.249,     -0.364,    β:       1.000
α:      -1.651,      1.118,      0.651,      1.024,     -1.250,     -0.364,    β:       1.000
α:      -1.651,      1.117,      0.651,      1.024,     -1.251,     -0.364,    β:       1.000
α:      -1.651,      1.117,      0.651,      1.024,     -1.252,     -0.364,    β:       1.000
α:      -1.651,      1.117,      0.651,      1.024,     -1.253,     -0.363,    β:       1.000
α:      -1.651,      1.116,      0.651,      1.025,     -1.254,     -0.363,    β:       1.000
α:      -1.651,      1.116,      0.650,      1.025,     -1.254,     -0.362,    β:       1.000
α:      -1.651,      1.115,      0.651,      1.026,     -1.255,     -0.362,    β:       1.000
α:      -1.651,      1.115,      0.650,      1.026,     -1.256,     -0.362,    β:       1.000
α:      -1.651,      1.115,      0.649,      1.027,     -1.256,     -0.360,    β:       1.000
α:      -1.651,      1.116,      0.649,      1.028,     -1.257,     -0.361,    β:       1.000
α:      -1.651,      1.116,      0.649,      1.028,     -1.258,     -0.360,    β:       1.000
α:      -1.651,      1.117,      0.650,      1.029,     -1.259,     -0.361,    β:       1.000
α:      -1.651,      1.115,      0.650,      1.029,     -1.260,     -0.361,    β:       1.000
α:      -1.650,      1.114,      0.651,      1.030,     -1.261,     -0.360,    β:       1.000
α:      -1.650,      1.113,      0.651,      1.031,     -1.262,     -0.360,    β:       1.000
α:      -1.648,      1.112,      0.651,      1.030,     -1.261,     -0.359,    β:       1.000
α:      -1.650,      1.111,      0.651,      1.030,     -1.263,     -0.359,    β:       1.000
α:      -1.650,      1.111,      0.651,      1.031,     -1.264,     -0.358,    β:       1.000
α:      -1.650,      1.111,      0.653,      1.031,     -1.264,     -0.359,    β:       1.000
α:      -1.650,      1.111,      0.653,      1.032,     -1.264,     -0.358,    β:       1.000
α:      -1.651,      1.109,      0.655,      1.032,     -1.265,     -0.358,    β:       1.000
α:      -1.650,      1.109,      0.655,      1.032,     -1.266,     -0.358,    β:       1.000
α:      -1.650,      1.109,      0.655,      1.032,     -1.267,     -0.358,    β:       1.000
α:      -1.651,      1.110,      0.655,      1.033,     -1.268,     -0.358,    β:       1.000
α:      -1.650,      1.110,      0.655,      1.033,     -1.269,     -0.359,    β:       1.000
α:      -1.651,      1.109,      0.657,      1.033,     -1.270,     -0.358,    β:       1.000
α:      -1.650,      1.110,      0.658,      1.033,     -1.271,     -0.358,    β:       1.000
α:      -1.649,      1.109,      0.657,      1.033,     -1.272,     -0.358,    β:       1.000
α:      -1.649,      1.110,      0.657,      1.033,     -1.273,     -0.358,    β:       1.000
α:      -1.650,      1.109,      0.655,      1.033,     -1.273,     -0.356,    β:       1.000
α:      -1.649,      1.110,      0.655,      1.034,     -1.274,     -0.356,    β:       1.000
α:      -1.649,      1.110,      0.652,      1.034,     -1.274,     -0.355,    β:       1.000
α:      -1.649,      1.110,      0.651,      1.035,     -1.274,     -0.355,    β:       1.000
α:      -1.648,      1.111,      0.651,      1.035,     -1.275,     -0.355,    β:       1.000
α:      -1.647,      1.111,      0.653,      1.035,     -1.275,     -0.354,    β:       1.000
α:      -1.647,      1.111,      0.652,      1.035,     -1.276,     -0.353,    β:       1.000
α:      -1.647,      1.112,      0.653,      1.035,     -1.277,     -0.353,    β:       1.000
α:      -1.647,      1.112,      0.653,      1.035,     -1.277,     -0.352,    β:       1.000
α:      -1.647,      1.112,      0.654,      1.035,     -1.278,     -0.352,    β:       1.000
α:      -1.647,      1.111,      0.655,      1.035,     -1.279,     -0.352,    β:       1.000
α:      -1.648,      1.111,      0.655,      1.035,     -1.280,     -0.351,    β:       1.000
α:      -1.647,      1.113,      0.655,      1.036,     -1.281,     -0.352,    β:       1.000
α:      -1.647,      1.113,      0.654,      1.036,     -1.281,     -0.352,    β:       1.000
α:      -1.647,      1.113,      0.654,      1.037,     -1.282,     -0.351,    β:       1.000
α:      -1.646,      1.114,      0.653,      1.037,     -1.283,     -0.351,    β:       1.000
α:      -1.647,      1.114,      0.654,      1.037,     -1.283,     -0.351,    β:       1.000
α:      -1.647,      1.115,      0.653,      1.038,     -1.284,     -0.350,    β:       1.000
α:      -1.647,      1.115,      0.654,      1.039,     -1.284,     -0.350,    β:       1.000
α:      -1.647,      1.113,      0.655,      1.039,     -1.286,     -0.350,    β:       1.000
α:      -1.646,      1.113,      0.657,      1.039,     -1.287,     -0.350,    β:       1.000
α:      -1.646,      1.112,      0.657,      1.039,     -1.287,     -0.349,    β:       1.000
α:      -1.646,      1.112,      0.657,      1.039,     -1.288,     -0.349,    β:       1.000
α:      -1.646,      1.113,      0.657,      1.039,     -1.289,     -0.348,    β:       1.000
α:      -1.645,      1.114,      0.657,      1.040,     -1.290,     -0.349,    β:       1.000
α:      -1.645,      1.112,      0.655,      1.039,     -1.291,     -0.348,    β:       1.000
α:      -1.646,      1.113,      0.656,      1.040,     -1.292,     -0.348,    β:       1.000
α:      -1.646,      1.116,      0.656,      1.041,     -1.293,     -0.349,    β:       1.000
α:      -1.646,      1.116,      0.656,      1.042,     -1.293,     -0.349,    β:       1.000
α:      -1.646,      1.115,      0.656,      1.041,     -1.293,     -0.347,    β:       1.000
α:      -1.646,      1.116,      0.655,      1.042,     -1.295,     -0.346,    β:       1.000
α:      -1.646,      1.117,      0.653,      1.043,     -1.295,     -0.346,    β:       1.000
α:      -1.646,      1.116,      0.654,      1.043,     -1.296,     -0.346,    β:       1.000
α:      -1.645,      1.115,      0.653,      1.043,     -1.296,     -0.345,    β:       1.000
α:      -1.644,      1.114,      0.654,      1.043,     -1.296,     -0.345,    β:       1.000
α:      -1.644,      1.115,      0.652,      1.044,     -1.297,     -0.344,    β:       1.000
α:      -1.644,      1.114,      0.652,      1.044,     -1.298,     -0.344,    β:       1.000
α:      -1.643,      1.114,      0.653,      1.044,     -1.299,     -0.344,    β:       1.000
α:      -1.642,      1.114,      0.652,      1.044,     -1.299,     -0.343,    β:       1.000
α:      -1.643,      1.114,      0.652,      1.045,     -1.300,     -0.342,    β:       1.000
α:      -1.643,      1.114,      0.653,      1.046,     -1.300,     -0.342,    β:       1.000
α:      -1.643,      1.116,      0.652,      1.046,     -1.301,     -0.342,    β:       1.000
α:      -1.643,      1.115,      0.652,      1.047,     -1.302,     -0.343,    β:       1.000
α:      -1.643,      1.116,      0.653,      1.047,     -1.303,     -0.343,    β:       1.000
α:      -1.644,      1.115,      0.652,      1.048,     -1.304,     -0.342,    β:       1.000
α:      -1.645,      1.116,      0.652,      1.049,     -1.305,     -0.343,    β:       1.000
α:      -1.644,      1.117,      0.652,      1.049,     -1.306,     -0.343,    β:       1.000
α:      -1.644,      1.117,      0.654,      1.050,     -1.307,     -0.343,    β:       1.000
α:      -1.644,      1.116,      0.653,      1.050,     -1.308,     -0.342,    β:       1.000
α:      -1.645,      1.114,      0.653,      1.050,     -1.308,     -0.341,    β:       1.000
α:      -1.645,      1.114,      0.652,      1.051,     -1.309,     -0.341,    β:       1.000
α:      -1.645,      1.113,      0.651,      1.051,     -1.310,     -0.340,    β:       1.000
α:      -1.646,      1.113,      0.652,      1.052,     -1.310,     -0.341,    β:       1.000
α:      -1.646,      1.113,      0.652,      1.053,     -1.311,     -0.340,    β:       1.000
α:      -1.645,      1.113,      0.652,      1.053,     -1.312,     -0.341,    β:       1.000
α:      -1.644,      1.113,      0.652,      1.053,     -1.313,     -0.341,    β:       1.000
α:      -1.645,      1.113,      0.651,      1.053,     -1.313,     -0.340,    β:       1.000
α:      -1.645,      1.113,      0.651,      1.053,     -1.313,     -0.339,    β:       1.000
α:      -1.645,      1.114,      0.652,      1.054,     -1.314,     -0.339,    β:       1.000
