α0:     -0.596,      0.613,      0.622,     -0.729,      0.633,      0.687,    β0:      1.000
α:       0.093,      0.105,      0.104,     -0.054,      0.053,      0.053,    β:       1.000
α:       0.153,      0.175,      0.173,     -0.093,      0.091,      0.091,    β:       1.000
α:       0.198,      0.230,      0.227,     -0.124,      0.121,      0.120,    β:       1.000
α:       0.230,      0.272,      0.269,     -0.149,      0.145,      0.144,    β:       1.000
α:       0.257,      0.307,      0.304,     -0.170,      0.166,      0.166,    β:       1.000
α:       0.282,      0.337,      0.334,     -0.190,      0.185,      0.184,    β:       1.000
α:       0.302,      0.365,      0.363,     -0.208,      0.203,      0.202,    β:       1.000
α:       0.320,      0.387,      0.390,     -0.223,      0.218,      0.218,    β:       1.000
α:       0.332,      0.407,      0.410,     -0.237,      0.231,      0.231,    β:       1.000
α:       0.344,      0.426,      0.427,     -0.251,      0.245,      0.244,    β:       1.000
α:       0.356,      0.444,      0.444,     -0.264,      0.257,      0.257,    β:       1.000
α:       0.362,      0.459,      0.460,     -0.274,      0.268,      0.268,    β:       1.000
α:       0.372,      0.473,      0.475,     -0.285,      0.279,      0.278,    β:       1.000
α:       0.380,      0.486,      0.488,     -0.295,      0.288,      0.288,    β:       1.000
α:       0.388,      0.498,      0.501,     -0.306,      0.298,      0.299,    β:       1.000
α:       0.394,      0.509,      0.513,     -0.316,      0.307,      0.307,    β:       1.000
α:       0.399,      0.521,      0.523,     -0.324,      0.315,      0.317,    β:       1.000
α:       0.404,      0.530,      0.532,     -0.332,      0.322,      0.325,    β:       1.000
α:       0.409,      0.538,      0.541,     -0.341,      0.329,      0.333,    β:       1.000
α:       0.411,      0.547,      0.550,     -0.348,      0.336,      0.341,    β:       1.000
α:       0.413,      0.555,      0.557,     -0.356,      0.342,      0.348,    β:       1.000
α:       0.415,      0.562,      0.566,     -0.363,      0.349,      0.354,    β:       1.000
α:       0.418,      0.569,      0.572,     -0.371,      0.356,      0.360,    β:       1.000
α:       0.421,      0.574,      0.577,     -0.377,      0.362,      0.365,    β:       1.000
α:       0.421,      0.579,      0.582,     -0.385,      0.368,      0.371,    β:       1.000
α:       0.422,      0.585,      0.590,     -0.392,      0.373,      0.377,    β:       1.000
α:       0.422,      0.588,      0.595,     -0.397,      0.378,      0.383,    β:       1.000
α:       0.425,      0.592,      0.599,     -0.403,      0.384,      0.388,    β:       1.000
α:       0.424,      0.595,      0.604,     -0.408,      0.388,      0.392,    β:       1.000
α:       0.425,      0.601,      0.608,     -0.414,      0.393,      0.398,    β:       1.000
α:       0.425,      0.604,      0.611,     -0.419,      0.397,      0.403,    β:       1.000
α:       0.426,      0.607,      0.618,     -0.424,      0.402,      0.407,    β:       1.000
α:       0.424,      0.609,      0.623,     -0.428,      0.407,      0.412,    β:       1.000
α:       0.422,      0.613,      0.624,     -0.433,      0.411,      0.415,    β:       1.000
α:       0.420,      0.617,      0.627,     -0.438,      0.415,      0.419,    β:       1.000
α:       0.420,      0.620,      0.630,     -0.444,      0.420,      0.423,    β:       1.000
α:       0.420,      0.623,      0.631,     -0.448,      0.424,      0.427,    β:       1.000
α:       0.420,      0.627,      0.635,     -0.453,      0.429,      0.431,    β:       1.000
α:       0.418,      0.629,      0.636,     -0.457,      0.432,      0.435,    β:       1.000
α:       0.420,      0.631,      0.639,     -0.462,      0.438,      0.439,    β:       1.000
α:       0.419,      0.633,      0.641,     -0.467,      0.441,      0.443,    β:       1.000
α:       0.417,      0.634,      0.644,     -0.471,      0.443,      0.446,    β:       1.000
α:       0.417,      0.636,      0.645,     -0.476,      0.448,      0.449,    β:       1.000
α:       0.416,      0.635,      0.646,     -0.480,      0.452,      0.452,    β:       1.000
α:       0.416,      0.636,      0.647,     -0.484,      0.454,      0.455,    β:       1.000
α:       0.414,      0.638,      0.648,     -0.489,      0.458,      0.458,    β:       1.000
α:       0.414,      0.641,      0.651,     -0.493,      0.462,      0.461,    β:       1.000
α:       0.415,      0.642,      0.650,     -0.497,      0.465,      0.464,    β:       1.000
α:       0.415,      0.644,      0.651,     -0.502,      0.468,      0.467,    β:       1.000
α:       0.414,      0.646,      0.653,     -0.506,      0.471,      0.469,    β:       1.000
α:       0.413,      0.647,      0.656,     -0.510,      0.475,      0.472,    β:       1.000
α:       0.416,      0.647,      0.658,     -0.515,      0.479,      0.474,    β:       1.000
α:       0.413,      0.649,      0.659,     -0.519,      0.483,      0.476,    β:       1.000
α:       0.414,      0.651,      0.661,     -0.524,      0.487,      0.479,    β:       1.000
α:       0.416,      0.648,      0.661,     -0.527,      0.490,      0.481,    β:       1.000
α:       0.413,      0.651,      0.660,     -0.530,      0.492,      0.483,    β:       1.000
α:       0.411,      0.651,      0.662,     -0.534,      0.495,      0.485,    β:       1.000
α:       0.412,      0.654,      0.665,     -0.538,      0.500,      0.487,    β:       1.000
α:       0.409,      0.653,      0.665,     -0.541,      0.502,      0.489,    β:       1.000
α:       0.406,      0.655,      0.665,     -0.545,      0.504,      0.490,    β:       1.000
α:       0.406,      0.654,      0.667,     -0.547,      0.507,      0.492,    β:       1.000
α:       0.405,      0.651,      0.667,     -0.550,      0.510,      0.494,    β:       1.000
α:       0.401,      0.653,      0.666,     -0.554,      0.513,      0.497,    β:       1.000
α:       0.401,      0.653,      0.665,     -0.557,      0.515,      0.498,    β:       1.000
α:       0.398,      0.653,      0.666,     -0.560,      0.517,      0.500,    β:       1.000
α:       0.398,      0.654,      0.666,     -0.563,      0.520,      0.503,    β:       1.000
α:       0.397,      0.653,      0.666,     -0.566,      0.523,      0.505,    β:       1.000
α:       0.396,      0.653,      0.667,     -0.568,      0.525,      0.507,    β:       1.000
α:       0.392,      0.651,      0.668,     -0.571,      0.527,      0.509,    β:       1.000
α:       0.392,      0.652,      0.670,     -0.574,      0.530,      0.511,    β:       1.000
α:       0.393,      0.651,      0.670,     -0.578,      0.533,      0.512,    β:       1.000
α:       0.391,      0.651,      0.669,     -0.581,      0.535,      0.514,    β:       1.000
α:       0.388,      0.651,      0.668,     -0.584,      0.538,      0.516,    β:       1.000
α:       0.385,      0.652,      0.671,     -0.587,      0.541,      0.519,    β:       1.000
α:       0.385,      0.652,      0.672,     -0.590,      0.544,      0.521,    β:       1.000
α:       0.385,      0.653,      0.672,     -0.593,      0.546,      0.523,    β:       1.000
α:       0.385,      0.653,      0.672,     -0.596,      0.548,      0.525,    β:       1.000
α:       0.383,      0.652,      0.674,     -0.598,      0.550,      0.528,    β:       1.000
α:       0.385,      0.649,      0.672,     -0.601,      0.553,      0.529,    β:       1.000
α:       0.384,      0.649,      0.672,     -0.604,      0.555,      0.530,    β:       1.000
α:       0.383,      0.650,      0.673,     -0.607,      0.559,      0.532,    β:       1.000
α:       0.381,      0.648,      0.671,     -0.610,      0.561,      0.534,    β:       1.000
α:       0.380,      0.649,      0.670,     -0.613,      0.562,      0.537,    β:       1.000
α:       0.378,      0.645,      0.670,     -0.615,      0.564,      0.539,    β:       1.000
α:       0.377,      0.644,      0.671,     -0.617,      0.566,      0.541,    β:       1.000
α:       0.377,      0.644,      0.672,     -0.620,      0.567,      0.543,    β:       1.000
α:       0.376,      0.643,      0.673,     -0.623,      0.569,      0.544,    β:       1.000
α:       0.378,      0.645,      0.672,     -0.627,      0.572,      0.544,    β:       1.000
α:       0.376,      0.644,      0.670,     -0.630,      0.573,      0.545,    β:       1.000
α:       0.376,      0.643,      0.670,     -0.634,      0.575,      0.547,    β:       1.000
α:       0.375,      0.641,      0.669,     -0.636,      0.577,      0.547,    β:       1.000
α:       0.376,      0.644,      0.669,     -0.638,      0.580,      0.549,    β:       1.000
α:       0.374,      0.645,      0.667,     -0.641,      0.582,      0.551,    β:       1.000
α:       0.371,      0.645,      0.665,     -0.643,      0.582,      0.552,    β:       1.000
α:       0.369,      0.644,      0.664,     -0.644,      0.583,      0.554,    β:       1.000
α:       0.365,      0.645,      0.664,     -0.646,      0.585,      0.557,    β:       1.000
α:       0.364,      0.642,      0.664,     -0.649,      0.586,      0.557,    β:       1.000
α:       0.363,      0.641,      0.664,     -0.651,      0.588,      0.559,    β:       1.000
α:       0.362,      0.641,      0.662,     -0.653,      0.591,      0.560,    β:       1.000
α:       0.365,      0.639,      0.661,     -0.655,      0.594,      0.561,    β:       1.000
α:       0.363,      0.638,      0.660,     -0.657,      0.596,      0.562,    β:       1.000
α:       0.360,      0.638,      0.661,     -0.660,      0.598,      0.562,    β:       1.000
α:       0.360,      0.638,      0.660,     -0.663,      0.600,      0.563,    β:       1.000
α:       0.360,      0.639,      0.660,     -0.665,      0.602,      0.565,    β:       1.000
α:       0.354,      0.639,      0.660,     -0.667,      0.604,      0.567,    β:       1.000
α:       0.353,      0.639,      0.659,     -0.669,      0.605,      0.569,    β:       1.000
α:       0.352,      0.638,      0.660,     -0.672,      0.607,      0.570,    β:       1.000
α:       0.351,      0.639,      0.660,     -0.674,      0.608,      0.570,    β:       1.000
α:       0.351,      0.639,      0.658,     -0.676,      0.610,      0.572,    β:       1.000
α:       0.351,      0.639,      0.658,     -0.679,      0.612,      0.573,    β:       1.000
α:       0.349,      0.640,      0.658,     -0.681,      0.614,      0.575,    β:       1.000
α:       0.347,      0.637,      0.657,     -0.683,      0.615,      0.576,    β:       1.000
α:       0.347,      0.638,      0.656,     -0.685,      0.616,      0.577,    β:       1.000
α:       0.344,      0.638,      0.656,     -0.688,      0.617,      0.579,    β:       1.000
α:       0.345,      0.636,      0.655,     -0.689,      0.619,      0.580,    β:       1.000
α:       0.346,      0.635,      0.655,     -0.690,      0.621,      0.582,    β:       1.000
α:       0.348,      0.632,      0.654,     -0.693,      0.623,      0.583,    β:       1.000
α:       0.345,      0.630,      0.654,     -0.695,      0.625,      0.583,    β:       1.000
α:       0.345,      0.628,      0.654,     -0.697,      0.626,      0.585,    β:       1.000
α:       0.345,      0.629,      0.653,     -0.700,      0.628,      0.586,    β:       1.000
α:       0.341,      0.628,      0.651,     -0.701,      0.628,      0.586,    β:       1.000
α:       0.342,      0.627,      0.650,     -0.704,      0.629,      0.587,    β:       1.000
α:       0.340,      0.627,      0.648,     -0.705,      0.630,      0.586,    β:       1.000
α:       0.339,      0.625,      0.646,     -0.705,      0.632,      0.587,    β:       1.000
α:       0.339,      0.621,      0.647,     -0.706,      0.633,      0.588,    β:       1.000
α:       0.339,      0.619,      0.644,     -0.709,      0.634,      0.588,    β:       1.000
α:       0.336,      0.618,      0.644,     -0.710,      0.636,      0.588,    β:       1.000
α:       0.337,      0.620,      0.642,     -0.713,      0.638,      0.589,    β:       1.000
α:       0.336,      0.619,      0.642,     -0.715,      0.639,      0.590,    β:       1.000
α:       0.335,      0.617,      0.643,     -0.717,      0.641,      0.591,    β:       1.000
α:       0.336,      0.617,      0.645,     -0.719,      0.642,      0.592,    β:       1.000
α:       0.336,      0.617,      0.644,     -0.721,      0.644,      0.593,    β:       1.000
α:       0.338,      0.616,      0.646,     -0.723,      0.646,      0.594,    β:       1.000
α:       0.335,      0.615,      0.643,     -0.725,      0.647,      0.595,    β:       1.000
α:       0.336,      0.614,      0.642,     -0.727,      0.648,      0.597,    β:       1.000
α:       0.335,      0.615,      0.642,     -0.729,      0.650,      0.598,    β:       1.000
α:       0.337,      0.615,      0.644,     -0.731,      0.652,      0.600,    β:       1.000
α:       0.336,      0.615,      0.645,     -0.732,      0.654,      0.602,    β:       1.000
α:       0.335,      0.612,      0.645,     -0.733,      0.656,      0.604,    β:       1.000
α:       0.336,      0.611,      0.644,     -0.735,      0.658,      0.604,    β:       1.000
α:       0.331,      0.609,      0.642,     -0.735,      0.659,      0.605,    β:       1.000
α:       0.332,      0.612,      0.642,     -0.737,      0.661,      0.606,    β:       1.000
α:       0.334,      0.611,      0.642,     -0.738,      0.662,      0.608,    β:       1.000
α:       0.331,      0.609,      0.643,     -0.738,      0.663,      0.609,    β:       1.000
α:       0.330,      0.610,      0.644,     -0.740,      0.666,      0.609,    β:       1.000
α:       0.327,      0.609,      0.643,     -0.741,      0.667,      0.610,    β:       1.000
α:       0.325,      0.610,      0.642,     -0.743,      0.669,      0.611,    β:       1.000
α:       0.327,      0.608,      0.644,     -0.746,      0.670,      0.612,    β:       1.000
α:       0.325,      0.608,      0.643,     -0.748,      0.671,      0.613,    β:       1.000
α:       0.324,      0.609,      0.643,     -0.749,      0.671,      0.614,    β:       1.000
α:       0.325,      0.608,      0.640,     -0.752,      0.672,      0.614,    β:       1.000
α:       0.325,      0.608,      0.639,     -0.754,      0.674,      0.614,    β:       1.000
α:       0.326,      0.609,      0.639,     -0.757,      0.676,      0.616,    β:       1.000
α:       0.326,      0.610,      0.638,     -0.758,      0.677,      0.617,    β:       1.000
α:       0.325,      0.609,      0.637,     -0.760,      0.677,      0.618,    β:       1.000
α:       0.325,      0.609,      0.637,     -0.761,      0.679,      0.619,    β:       1.000
α:       0.324,      0.606,      0.636,     -0.762,      0.680,      0.619,    β:       1.000
α:       0.324,      0.606,      0.636,     -0.764,      0.682,      0.621,    β:       1.000
α:       0.326,      0.605,      0.636,     -0.767,      0.684,      0.621,    β:       1.000
α:       0.324,      0.604,      0.635,     -0.768,      0.684,      0.622,    β:       1.000
α:       0.324,      0.603,      0.635,     -0.768,      0.685,      0.623,    β:       1.000
α:       0.321,      0.602,      0.634,     -0.770,      0.685,      0.625,    β:       1.000
α:       0.320,      0.603,      0.635,     -0.771,      0.685,      0.627,    β:       1.000
α:       0.319,      0.602,      0.634,     -0.772,      0.687,      0.627,    β:       1.000
α:       0.317,      0.603,      0.633,     -0.773,      0.688,      0.628,    β:       1.000
α:       0.317,      0.605,      0.635,     -0.774,      0.690,      0.630,    β:       1.000
α:       0.317,      0.605,      0.635,     -0.776,      0.690,      0.631,    β:       1.000
α:       0.315,      0.603,      0.636,     -0.777,      0.692,      0.632,    β:       1.000
α:       0.312,      0.604,      0.636,     -0.778,      0.692,      0.632,    β:       1.000
α:       0.314,      0.602,      0.637,     -0.779,      0.694,      0.632,    β:       1.000
α:       0.313,      0.604,      0.635,     -0.780,      0.696,      0.634,    β:       1.000
α:       0.314,      0.606,      0.636,     -0.783,      0.698,      0.635,    β:       1.000
α:       0.315,      0.608,      0.638,     -0.786,      0.699,      0.637,    β:       1.000
α:       0.316,      0.608,      0.638,     -0.788,      0.701,      0.638,    β:       1.000
α:       0.318,      0.608,      0.638,     -0.789,      0.702,      0.640,    β:       1.000
α:       0.317,      0.609,      0.638,     -0.790,      0.703,      0.642,    β:       1.000
α:       0.317,      0.609,      0.640,     -0.792,      0.705,      0.643,    β:       1.000
α:       0.317,      0.607,      0.637,     -0.794,      0.706,      0.643,    β:       1.000
α:       0.315,      0.607,      0.636,     -0.794,      0.707,      0.643,    β:       1.000
α:       0.313,      0.606,      0.635,     -0.796,      0.707,      0.644,    β:       1.000
α:       0.314,      0.605,      0.633,     -0.797,      0.709,      0.643,    β:       1.000
α:       0.310,      0.605,      0.632,     -0.798,      0.709,      0.645,    β:       1.000
α:       0.307,      0.602,      0.631,     -0.798,      0.710,      0.646,    β:       1.000
α:       0.310,      0.603,      0.630,     -0.801,      0.711,      0.647,    β:       1.000
α:       0.310,      0.603,      0.627,     -0.802,      0.712,      0.646,    β:       1.000
α:       0.309,      0.602,      0.625,     -0.802,      0.712,      0.647,    β:       1.000
α:       0.308,      0.601,      0.628,     -0.803,      0.713,      0.649,    β:       1.000
α:       0.308,      0.599,      0.625,     -0.805,      0.713,      0.648,    β:       1.000
α:       0.306,      0.597,      0.625,     -0.806,      0.712,      0.649,    β:       1.000
α:       0.306,      0.596,      0.625,     -0.807,      0.714,      0.650,    β:       1.000
α:       0.305,      0.596,      0.623,     -0.808,      0.715,      0.651,    β:       1.000
α:       0.306,      0.598,      0.622,     -0.810,      0.716,      0.651,    β:       1.000
α:       0.304,      0.596,      0.621,     -0.811,      0.716,      0.651,    β:       1.000
α:       0.303,      0.594,      0.620,     -0.813,      0.718,      0.652,    β:       1.000
α:       0.299,      0.593,      0.620,     -0.814,      0.719,      0.653,    β:       1.000
α:       0.301,      0.593,      0.619,     -0.815,      0.721,      0.654,    β:       1.000
α:       0.303,      0.594,      0.619,     -0.817,      0.722,      0.655,    β:       1.000
α:       0.301,      0.595,      0.619,     -0.816,      0.722,      0.656,    β:       1.000
α:       0.302,      0.595,      0.619,     -0.818,      0.723,      0.658,    β:       1.000
α:       0.305,      0.592,      0.620,     -0.820,      0.725,      0.659,    β:       1.000
α:       0.305,      0.592,      0.620,     -0.821,      0.725,      0.660,    β:       1.000
α:       0.305,      0.590,      0.620,     -0.822,      0.726,      0.660,    β:       1.000
α:       0.305,      0.587,      0.619,     -0.822,      0.727,      0.660,    β:       1.000
α:       0.305,      0.588,      0.621,     -0.824,      0.728,      0.661,    β:       1.000
α:       0.305,      0.589,      0.622,     -0.826,      0.729,      0.663,    β:       1.000
α:       0.305,      0.589,      0.624,     -0.826,      0.730,      0.665,    β:       1.000
α:       0.306,      0.586,      0.621,     -0.828,      0.731,      0.664,    β:       1.000
α:       0.306,      0.584,      0.620,     -0.828,      0.731,      0.666,    β:       1.000
α:       0.306,      0.584,      0.621,     -0.829,      0.732,      0.667,    β:       1.000
α:       0.306,      0.586,      0.621,     -0.829,      0.734,      0.669,    β:       1.000
α:       0.307,      0.586,      0.621,     -0.830,      0.736,      0.669,    β:       1.000
α:       0.303,      0.585,      0.621,     -0.831,      0.736,      0.671,    β:       1.000
α:       0.301,      0.586,      0.621,     -0.832,      0.737,      0.671,    β:       1.000
α:       0.301,      0.586,      0.620,     -0.833,      0.737,      0.672,    β:       1.000
α:       0.299,      0.584,      0.619,     -0.834,      0.737,      0.672,    β:       1.000
α:       0.299,      0.584,      0.619,     -0.835,      0.738,      0.673,    β:       1.000
α:       0.301,      0.581,      0.619,     -0.836,      0.739,      0.673,    β:       1.000
α:       0.302,      0.580,      0.619,     -0.837,      0.740,      0.673,    β:       1.000
α:       0.301,      0.579,      0.619,     -0.837,      0.740,      0.674,    β:       1.000
α:       0.301,      0.579,      0.617,     -0.839,      0.742,      0.675,    β:       1.000
α:       0.299,      0.579,      0.617,     -0.840,      0.743,      0.675,    β:       1.000
α:       0.301,      0.578,      0.618,     -0.841,      0.744,      0.676,    β:       1.000
α:       0.300,      0.578,      0.620,     -0.841,      0.746,      0.676,    β:       1.000
α:       0.301,      0.578,      0.618,     -0.843,      0.747,      0.677,    β:       1.000
α:       0.303,      0.578,      0.617,     -0.843,      0.748,      0.677,    β:       1.000
α:       0.304,      0.579,      0.616,     -0.843,      0.750,      0.677,    β:       1.000
α:       0.302,      0.578,      0.614,     -0.845,      0.750,      0.678,    β:       1.000
α:       0.301,      0.578,      0.612,     -0.846,      0.750,      0.678,    β:       1.000
α:       0.301,      0.579,      0.612,     -0.847,      0.750,      0.678,    β:       1.000
α:       0.303,      0.580,      0.611,     -0.848,      0.751,      0.679,    β:       1.000
α:       0.301,      0.583,      0.610,     -0.849,      0.751,      0.679,    β:       1.000
α:       0.299,      0.584,      0.609,     -0.850,      0.750,      0.680,    β:       1.000
α:       0.299,      0.585,      0.610,     -0.851,      0.751,      0.681,    β:       1.000
α:       0.299,      0.586,      0.609,     -0.853,      0.752,      0.682,    β:       1.000
α:       0.299,      0.586,      0.608,     -0.854,      0.753,      0.682,    β:       1.000
α:       0.296,      0.584,      0.607,     -0.855,      0.753,      0.683,    β:       1.000
α:       0.295,      0.583,      0.608,     -0.855,      0.755,      0.683,    β:       1.000
α:       0.292,      0.583,      0.608,     -0.856,      0.755,      0.683,    β:       1.000
α:       0.291,      0.582,      0.607,     -0.857,      0.756,      0.684,    β:       1.000
α:       0.296,      0.580,      0.606,     -0.858,      0.757,      0.683,    β:       1.000
α:       0.297,      0.579,      0.606,     -0.859,      0.757,      0.684,    β:       1.000
α:       0.297,      0.580,      0.606,     -0.859,      0.757,      0.684,    β:       1.000
α:       0.296,      0.579,      0.607,     -0.860,      0.759,      0.685,    β:       1.000
α:       0.295,      0.578,      0.608,     -0.861,      0.759,      0.686,    β:       1.000
α:       0.292,      0.580,      0.607,     -0.862,      0.758,      0.687,    β:       1.000
α:       0.295,      0.579,      0.608,     -0.864,      0.760,      0.687,    β:       1.000
α:       0.294,      0.578,      0.608,     -0.864,      0.759,      0.688,    β:       1.000
α:       0.293,      0.576,      0.610,     -0.865,      0.761,      0.688,    β:       1.000
α:       0.291,      0.575,      0.609,     -0.866,      0.761,      0.688,    β:       1.000
α:       0.291,      0.573,      0.610,     -0.867,      0.762,      0.688,    β:       1.000
α:       0.291,      0.573,      0.607,     -0.867,      0.761,      0.689,    β:       1.000
α:       0.288,      0.572,      0.605,     -0.868,      0.760,      0.688,    β:       1.000
α:       0.289,      0.570,      0.605,     -0.869,      0.760,      0.688,    β:       1.000
α:       0.288,      0.568,      0.604,     -0.870,      0.761,      0.689,    β:       1.000
α:       0.289,      0.569,      0.604,     -0.870,      0.762,      0.689,    β:       1.000
α:       0.290,      0.571,      0.604,     -0.872,      0.763,      0.690,    β:       1.000
α:       0.291,      0.571,      0.604,     -0.874,      0.765,      0.691,    β:       1.000
α:       0.290,      0.571,      0.605,     -0.874,      0.766,      0.692,    β:       1.000
α:       0.290,      0.571,      0.604,     -0.875,      0.766,      0.692,    β:       1.000
α:       0.292,      0.571,      0.604,     -0.876,      0.766,      0.693,    β:       1.000
α:       0.291,      0.570,      0.604,     -0.876,      0.766,      0.693,    β:       1.000
α:       0.293,      0.569,      0.605,     -0.876,      0.767,      0.693,    β:       1.000
α:       0.293,      0.570,      0.606,     -0.877,      0.769,      0.695,    β:       1.000
α:       0.290,      0.570,      0.605,     -0.878,      0.769,      0.696,    β:       1.000
α:       0.292,      0.572,      0.604,     -0.880,      0.770,      0.697,    β:       1.000
α:       0.290,      0.572,      0.603,     -0.880,      0.771,      0.697,    β:       1.000
α:       0.285,      0.573,      0.602,     -0.881,      0.770,      0.696,    β:       1.000
α:       0.286,      0.573,      0.601,     -0.882,      0.772,      0.696,    β:       1.000
α:       0.286,      0.572,      0.600,     -0.882,      0.772,      0.697,    β:       1.000
α:       0.284,      0.572,      0.601,     -0.883,      0.773,      0.698,    β:       1.000
α:       0.282,      0.570,      0.601,     -0.884,      0.773,      0.699,    β:       1.000
α:       0.284,      0.570,      0.601,     -0.885,      0.774,      0.699,    β:       1.000
α:       0.285,      0.570,      0.601,     -0.885,      0.776,      0.699,    β:       1.000
α:       0.280,      0.568,      0.602,     -0.885,      0.776,      0.700,    β:       1.000
α:       0.277,      0.569,      0.602,     -0.886,      0.775,      0.700,    β:       1.000
α:       0.278,      0.568,      0.602,     -0.886,      0.775,      0.701,    β:       1.000
α:       0.278,      0.568,      0.602,     -0.888,      0.775,      0.702,    β:       1.000
α:       0.277,      0.569,      0.603,     -0.888,      0.776,      0.702,    β:       1.000
α:       0.277,      0.569,      0.602,     -0.888,      0.776,      0.703,    β:       1.000
α:       0.277,      0.570,      0.600,     -0.889,      0.776,      0.704,    β:       1.000
α:       0.276,      0.569,      0.600,     -0.889,      0.777,      0.705,    β:       1.000
α:       0.276,      0.567,      0.600,     -0.889,      0.779,      0.705,    β:       1.000
α:       0.274,      0.567,      0.599,     -0.890,      0.779,      0.705,    β:       1.000
α:       0.276,      0.565,      0.599,     -0.892,      0.780,      0.705,    β:       1.000
α:       0.278,      0.568,      0.599,     -0.893,      0.781,      0.707,    β:       1.000
α:       0.277,      0.569,      0.599,     -0.894,      0.781,      0.708,    β:       1.000
α:       0.273,      0.569,      0.598,     -0.894,      0.781,      0.708,    β:       1.000
α:       0.273,      0.568,      0.598,     -0.894,      0.783,      0.708,    β:       1.000
α:       0.271,      0.567,      0.596,     -0.894,      0.783,      0.708,    β:       1.000
α:       0.272,      0.566,      0.595,     -0.896,      0.783,      0.708,    β:       1.000
α:       0.272,      0.567,      0.597,     -0.896,      0.785,      0.709,    β:       1.000
α:       0.273,      0.566,      0.597,     -0.897,      0.786,      0.709,    β:       1.000
α:       0.272,      0.566,      0.598,     -0.898,      0.786,      0.708,    β:       1.000
α:       0.271,      0.566,      0.598,     -0.899,      0.785,      0.708,    β:       1.000
α:       0.272,      0.567,      0.597,     -0.899,      0.786,      0.709,    β:       1.000
α:       0.274,      0.567,      0.599,     -0.900,      0.786,      0.709,    β:       1.000
α:       0.273,      0.567,      0.599,     -0.902,      0.787,      0.711,    β:       1.000
α:       0.274,      0.565,      0.595,     -0.902,      0.786,      0.710,    β:       1.000
α:       0.276,      0.566,      0.595,     -0.904,      0.786,      0.712,    β:       1.000
α:       0.278,      0.566,      0.594,     -0.905,      0.786,      0.712,    β:       1.000
α:       0.277,      0.566,      0.594,     -0.905,      0.786,      0.714,    β:       1.000
α:       0.279,      0.565,      0.595,     -0.906,      0.787,      0.715,    β:       1.000
α:       0.277,      0.565,      0.594,     -0.906,      0.788,      0.716,    β:       1.000
α:       0.277,      0.563,      0.593,     -0.906,      0.788,      0.716,    β:       1.000
α:       0.276,      0.562,      0.593,     -0.907,      0.789,      0.716,    β:       1.000
α:       0.279,      0.561,      0.591,     -0.907,      0.790,      0.715,    β:       1.000
α:       0.275,      0.563,      0.593,     -0.907,      0.789,      0.716,    β:       1.000
α:       0.275,      0.564,      0.593,     -0.908,      0.790,      0.715,    β:       1.000
α:       0.275,      0.564,      0.595,     -0.908,      0.789,      0.716,    β:       1.000
α:       0.272,      0.564,      0.593,     -0.909,      0.789,      0.716,    β:       1.000
α:       0.275,      0.564,      0.592,     -0.910,      0.791,      0.716,    β:       1.000
α:       0.277,      0.564,      0.593,     -0.912,      0.792,      0.717,    β:       1.000
α:       0.276,      0.564,      0.591,     -0.912,      0.793,      0.717,    β:       1.000
α:       0.274,      0.562,      0.592,     -0.911,      0.793,      0.717,    β:       1.000
α:       0.275,      0.562,      0.591,     -0.911,      0.794,      0.717,    β:       1.000
α:       0.274,      0.561,      0.590,     -0.911,      0.795,      0.716,    β:       1.000
α:       0.274,      0.560,      0.591,     -0.913,      0.795,      0.717,    β:       1.000
α:       0.272,      0.559,      0.589,     -0.913,      0.795,      0.717,    β:       1.000
α:       0.272,      0.559,      0.589,     -0.914,      0.795,      0.717,    β:       1.000
α:       0.271,      0.559,      0.588,     -0.914,      0.795,      0.718,    β:       1.000
α:       0.273,      0.558,      0.587,     -0.914,      0.795,      0.719,    β:       1.000
α:       0.273,      0.560,      0.585,     -0.914,      0.796,      0.719,    β:       1.000
α:       0.273,      0.560,      0.583,     -0.915,      0.797,      0.719,    β:       1.000
α:       0.273,      0.561,      0.585,     -0.915,      0.798,      0.720,    β:       1.000
α:       0.275,      0.560,      0.586,     -0.915,      0.799,      0.720,    β:       1.000
α:       0.272,      0.561,      0.587,     -0.915,      0.799,      0.721,    β:       1.000
α:       0.273,      0.559,      0.586,     -0.914,      0.799,      0.721,    β:       1.000
α:       0.274,      0.557,      0.586,     -0.916,      0.799,      0.720,    β:       1.000
α:       0.274,      0.556,      0.585,     -0.915,      0.801,      0.720,    β:       1.000
α:       0.272,      0.558,      0.586,     -0.916,      0.802,      0.720,    β:       1.000
α:       0.272,      0.556,      0.587,     -0.916,      0.802,      0.721,    β:       1.000
α:       0.272,      0.556,      0.587,     -0.916,      0.803,      0.722,    β:       1.000
α:       0.274,      0.555,      0.587,     -0.917,      0.803,      0.722,    β:       1.000
α:       0.275,      0.553,      0.585,     -0.917,      0.804,      0.722,    β:       1.000
α:       0.276,      0.552,      0.585,     -0.917,      0.804,      0.723,    β:       1.000
α:       0.277,      0.552,      0.586,     -0.918,      0.804,      0.724,    β:       1.000
α:       0.278,      0.554,      0.585,     -0.918,      0.804,      0.725,    β:       1.000
α:       0.279,      0.555,      0.585,     -0.920,      0.804,      0.725,    β:       1.000
α:       0.281,      0.554,      0.585,     -0.920,      0.805,      0.726,    β:       1.000
α:       0.281,      0.553,      0.585,     -0.921,      0.805,      0.726,    β:       1.000
α:       0.281,      0.553,      0.585,     -0.921,      0.805,      0.726,    β:       1.000
α:       0.278,      0.551,      0.585,     -0.919,      0.806,      0.726,    β:       1.000
α:       0.282,      0.553,      0.583,     -0.920,      0.805,      0.726,    β:       1.000
α:       0.282,      0.552,      0.582,     -0.921,      0.806,      0.725,    β:       1.000
α:       0.281,      0.551,      0.581,     -0.921,      0.807,      0.725,    β:       1.000
α:       0.279,      0.551,      0.582,     -0.921,      0.807,      0.726,    β:       1.000
α:       0.278,      0.552,      0.582,     -0.922,      0.809,      0.727,    β:       1.000
α:       0.278,      0.551,      0.581,     -0.922,      0.809,      0.727,    β:       1.000
α:       0.275,      0.552,      0.582,     -0.922,      0.808,      0.727,    β:       1.000
α:       0.277,      0.553,      0.583,     -0.923,      0.808,      0.728,    β:       1.000
α:       0.274,      0.553,      0.583,     -0.923,      0.807,      0.728,    β:       1.000
α:       0.272,      0.553,      0.582,     -0.923,      0.807,      0.729,    β:       1.000
α:       0.274,      0.555,      0.583,     -0.924,      0.808,      0.730,    β:       1.000
α:       0.272,      0.556,      0.584,     -0.924,      0.808,      0.730,    β:       1.000
α:       0.271,      0.556,      0.582,     -0.924,      0.808,      0.731,    β:       1.000
α:       0.272,      0.555,      0.583,     -0.925,      0.808,      0.730,    β:       1.000
α:       0.274,      0.557,      0.582,     -0.926,      0.810,      0.731,    β:       1.000
α:       0.271,      0.558,      0.583,     -0.925,      0.810,      0.732,    β:       1.000
α:       0.272,      0.558,      0.583,     -0.926,      0.810,      0.732,    β:       1.000
α:       0.271,      0.555,      0.583,     -0.925,      0.810,      0.732,    β:       1.000
α:       0.270,      0.553,      0.584,     -0.924,      0.810,      0.733,    β:       1.000
α:       0.272,      0.552,      0.585,     -0.925,      0.811,      0.733,    β:       1.000
α:       0.272,      0.550,      0.584,     -0.925,      0.811,      0.732,    β:       1.000
α:       0.272,      0.550,      0.586,     -0.926,      0.812,      0.734,    β:       1.000
α:       0.270,      0.548,      0.584,     -0.925,      0.811,      0.734,    β:       1.000
α:       0.270,      0.550,      0.584,     -0.925,      0.813,      0.734,    β:       1.000
α:       0.269,      0.550,      0.584,     -0.925,      0.814,      0.734,    β:       1.000
α:       0.269,      0.549,      0.583,     -0.925,      0.813,      0.734,    β:       1.000
α:       0.270,      0.548,      0.583,     -0.925,      0.814,      0.734,    β:       1.000
α:       0.271,      0.551,      0.581,     -0.925,      0.815,      0.736,    β:       1.000
α:       0.271,      0.549,      0.583,     -0.925,      0.814,      0.735,    β:       1.000
α:       0.270,      0.549,      0.583,     -0.925,      0.815,      0.736,    β:       1.000
α:       0.269,      0.548,      0.584,     -0.925,      0.816,      0.736,    β:       1.000
α:       0.268,      0.550,      0.584,     -0.926,      0.816,      0.736,    β:       1.000
α:       0.271,      0.550,      0.585,     -0.927,      0.818,      0.737,    β:       1.000
α:       0.272,      0.553,      0.584,     -0.929,      0.817,      0.737,    β:       1.000
α:       0.272,      0.554,      0.584,     -0.929,      0.817,      0.737,    β:       1.000
α:       0.273,      0.553,      0.584,     -0.929,      0.818,      0.737,    β:       1.000
α:       0.273,      0.554,      0.583,     -0.931,      0.818,      0.738,    β:       1.000
α:       0.275,      0.555,      0.584,     -0.931,      0.819,      0.738,    β:       1.000
α:       0.275,      0.554,      0.584,     -0.931,      0.819,      0.738,    β:       1.000
α:       0.278,      0.554,      0.582,     -0.932,      0.820,      0.739,    β:       1.000
α:       0.280,      0.552,      0.583,     -0.932,      0.821,      0.739,    β:       1.000
α:       0.279,      0.552,      0.584,     -0.932,      0.821,      0.740,    β:       1.000
α:       0.278,      0.552,      0.584,     -0.933,      0.821,      0.740,    β:       1.000
α:       0.276,      0.551,      0.584,     -0.934,      0.821,      0.740,    β:       1.000
α:       0.274,      0.550,      0.583,     -0.934,      0.822,      0.740,    β:       1.000
α:       0.271,      0.550,      0.581,     -0.934,      0.821,      0.740,    β:       1.000
α:       0.269,      0.551,      0.581,     -0.934,      0.820,      0.741,    β:       1.000
α:       0.269,      0.551,      0.582,     -0.934,      0.821,      0.742,    β:       1.000
α:       0.267,      0.551,      0.580,     -0.933,      0.821,      0.742,    β:       1.000
α:       0.264,      0.551,      0.581,     -0.933,      0.821,      0.742,    β:       1.000
α:       0.266,      0.553,      0.581,     -0.934,      0.822,      0.742,    β:       1.000
α:       0.266,      0.552,      0.582,     -0.934,      0.823,      0.742,    β:       1.000
α:       0.267,      0.552,      0.581,     -0.934,      0.823,      0.742,    β:       1.000
α:       0.270,      0.552,      0.582,     -0.935,      0.824,      0.742,    β:       1.000
α:       0.270,      0.551,      0.582,     -0.936,      0.824,      0.743,    β:       1.000
α:       0.269,      0.553,      0.583,     -0.936,      0.825,      0.743,    β:       1.000
α:       0.269,      0.549,      0.582,     -0.936,      0.827,      0.743,    β:       1.000
α:       0.269,      0.546,      0.581,     -0.936,      0.827,      0.742,    β:       1.000
α:       0.265,      0.548,      0.582,     -0.935,      0.827,      0.743,    β:       1.000
α:       0.267,      0.546,      0.583,     -0.935,      0.828,      0.743,    β:       1.000
α:       0.264,      0.546,      0.584,     -0.936,      0.827,      0.742,    β:       1.000
α:       0.264,      0.545,      0.584,     -0.936,      0.828,      0.742,    β:       1.000
α:       0.262,      0.546,      0.583,     -0.935,      0.828,      0.744,    β:       1.000
α:       0.264,      0.546,      0.584,     -0.936,      0.829,      0.744,    β:       1.000
α:       0.264,      0.548,      0.586,     -0.936,      0.830,      0.745,    β:       1.000
α:       0.265,      0.549,      0.588,     -0.936,      0.831,      0.746,    β:       1.000
α:       0.262,      0.547,      0.585,     -0.936,      0.831,      0.745,    β:       1.000
α:       0.262,      0.547,      0.585,     -0.936,      0.831,      0.745,    β:       1.000
α:       0.261,      0.547,      0.584,     -0.937,      0.831,      0.745,    β:       1.000
α:       0.261,      0.548,      0.585,     -0.937,      0.832,      0.746,    β:       1.000
α:       0.260,      0.550,      0.585,     -0.938,      0.833,      0.747,    β:       1.000
α:       0.261,      0.549,      0.586,     -0.938,      0.834,      0.747,    β:       1.000
α:       0.262,      0.549,      0.585,     -0.939,      0.834,      0.748,    β:       1.000
α:       0.262,      0.549,      0.584,     -0.939,      0.834,      0.747,    β:       1.000
α:       0.263,      0.549,      0.584,     -0.940,      0.835,      0.748,    β:       1.000
α:       0.262,      0.550,      0.582,     -0.940,      0.835,      0.747,    β:       1.000
α:       0.261,      0.552,      0.584,     -0.941,      0.836,      0.747,    β:       1.000
α:       0.261,      0.552,      0.583,     -0.942,      0.835,      0.748,    β:       1.000
α:       0.261,      0.551,      0.583,     -0.941,      0.834,      0.749,    β:       1.000
α:       0.261,      0.550,      0.581,     -0.942,      0.835,      0.749,    β:       1.000
α:       0.259,      0.552,      0.583,     -0.942,      0.835,      0.750,    β:       1.000
α:       0.261,      0.554,      0.583,     -0.943,      0.835,      0.752,    β:       1.000
α:       0.261,      0.554,      0.583,     -0.944,      0.834,      0.753,    β:       1.000
α:       0.261,      0.552,      0.581,     -0.944,      0.834,      0.754,    β:       1.000
α:       0.259,      0.550,      0.581,     -0.943,      0.833,      0.754,    β:       1.000
α:       0.255,      0.551,      0.581,     -0.942,      0.833,      0.755,    β:       1.000
α:       0.255,      0.552,      0.581,     -0.944,      0.834,      0.754,    β:       1.000
α:       0.251,      0.554,      0.581,     -0.944,      0.833,      0.755,    β:       1.000
α:       0.250,      0.553,      0.580,     -0.944,      0.834,      0.755,    β:       1.000
α:       0.253,      0.553,      0.580,     -0.944,      0.834,      0.756,    β:       1.000
α:       0.255,      0.553,      0.580,     -0.945,      0.835,      0.756,    β:       1.000
α:       0.255,      0.551,      0.579,     -0.945,      0.834,      0.754,    β:       1.000
α:       0.258,      0.549,      0.579,     -0.945,      0.836,      0.754,    β:       1.000
α:       0.258,      0.549,      0.581,     -0.945,      0.836,      0.755,    β:       1.000
α:       0.259,      0.550,      0.583,     -0.945,      0.836,      0.756,    β:       1.000
α:       0.258,      0.551,      0.583,     -0.946,      0.837,      0.757,    β:       1.000
α:       0.256,      0.551,      0.582,     -0.946,      0.837,      0.757,    β:       1.000
α:       0.260,      0.550,      0.581,     -0.947,      0.837,      0.756,    β:       1.000
α:       0.260,      0.549,      0.580,     -0.947,      0.837,      0.756,    β:       1.000
α:       0.261,      0.548,      0.581,     -0.947,      0.838,      0.756,    β:       1.000
α:       0.263,      0.548,      0.581,     -0.949,      0.839,      0.756,    β:       1.000
α:       0.263,      0.549,      0.581,     -0.949,      0.839,      0.755,    β:       1.000
α:       0.262,      0.548,      0.581,     -0.950,      0.838,      0.756,    β:       1.000
α:       0.262,      0.547,      0.580,     -0.950,      0.838,      0.757,    β:       1.000
α:       0.262,      0.548,      0.580,     -0.951,      0.839,      0.758,    β:       1.000
α:       0.258,      0.548,      0.580,     -0.951,      0.839,      0.758,    β:       1.000
α:       0.259,      0.548,      0.579,     -0.952,      0.839,      0.758,    β:       1.000
α:       0.259,      0.548,      0.579,     -0.952,      0.839,      0.758,    β:       1.000
α:       0.255,      0.549,      0.580,     -0.952,      0.838,      0.759,    β:       1.000
α:       0.256,      0.548,      0.578,     -0.952,      0.838,      0.759,    β:       1.000
α:       0.256,      0.548,      0.578,     -0.953,      0.839,      0.759,    β:       1.000
α:       0.258,      0.547,      0.577,     -0.953,      0.839,      0.759,    β:       1.000
α:       0.257,      0.545,      0.577,     -0.953,      0.840,      0.759,    β:       1.000
α:       0.257,      0.543,      0.576,     -0.952,      0.840,      0.758,    β:       1.000
α:       0.254,      0.543,      0.577,     -0.952,      0.840,      0.758,    β:       1.000
α:       0.250,      0.542,      0.577,     -0.952,      0.839,      0.758,    β:       1.000
α:       0.252,      0.543,      0.579,     -0.952,      0.840,      0.758,    β:       1.000
α:       0.251,      0.544,      0.579,     -0.953,      0.840,      0.759,    β:       1.000
α:       0.251,      0.547,      0.578,     -0.953,      0.839,      0.760,    β:       1.000
α:       0.252,      0.547,      0.579,     -0.953,      0.839,      0.761,    β:       1.000
α:       0.251,      0.548,      0.581,     -0.953,      0.839,      0.761,    β:       1.000
α:       0.251,      0.547,      0.579,     -0.953,      0.839,      0.761,    β:       1.000
α:       0.252,      0.545,      0.579,     -0.953,      0.839,      0.761,    β:       1.000
α:       0.253,      0.545,      0.581,     -0.953,      0.840,      0.761,    β:       1.000
α:       0.255,      0.544,      0.579,     -0.954,      0.840,      0.760,    β:       1.000
α:       0.256,      0.546,      0.579,     -0.955,      0.840,      0.761,    β:       1.000
α:       0.257,      0.546,      0.580,     -0.956,      0.841,      0.762,    β:       1.000
α:       0.255,      0.547,      0.579,     -0.955,      0.841,      0.763,    β:       1.000
α:       0.257,      0.549,      0.578,     -0.956,      0.841,      0.764,    β:       1.000
α:       0.257,      0.549,      0.579,     -0.957,      0.841,      0.764,    β:       1.000
α:       0.257,      0.551,      0.580,     -0.958,      0.841,      0.764,    β:       1.000
α:       0.256,      0.551,      0.580,     -0.958,      0.842,      0.765,    β:       1.000
α:       0.255,      0.551,      0.579,     -0.957,      0.842,      0.766,    β:       1.000
α:       0.255,      0.551,      0.578,     -0.958,      0.841,      0.765,    β:       1.000
α:       0.255,      0.548,      0.580,     -0.958,      0.842,      0.765,    β:       1.000
α:       0.256,      0.548,      0.579,     -0.959,      0.843,      0.765,    β:       1.000
α:       0.258,      0.548,      0.581,     -0.959,      0.843,      0.766,    β:       1.000
α:       0.258,      0.548,      0.582,     -0.959,      0.844,      0.767,    β:       1.000
α:       0.260,      0.548,      0.580,     -0.960,      0.843,      0.767,    β:       1.000
α:       0.258,      0.548,      0.580,     -0.960,      0.843,      0.767,    β:       1.000
α:       0.258,      0.547,      0.579,     -0.960,      0.843,      0.767,    β:       1.000
α:       0.256,      0.544,      0.578,     -0.959,      0.842,      0.767,    β:       1.000
α:       0.254,      0.545,      0.577,     -0.959,      0.842,      0.767,    β:       1.000
α:       0.251,      0.545,      0.576,     -0.959,      0.842,      0.767,    β:       1.000
α:       0.252,      0.544,      0.576,     -0.958,      0.842,      0.766,    β:       1.000
α:       0.249,      0.544,      0.574,     -0.958,      0.842,      0.767,    β:       1.000
α:       0.252,      0.544,      0.574,     -0.960,      0.843,      0.766,    β:       1.000
α:       0.253,      0.545,      0.576,     -0.959,      0.844,      0.767,    β:       1.000
α:       0.251,      0.544,      0.576,     -0.960,      0.844,      0.768,    β:       1.000
α:       0.251,      0.544,      0.577,     -0.960,      0.844,      0.770,    β:       1.000
α:       0.252,      0.543,      0.576,     -0.961,      0.844,      0.769,    β:       1.000
α:       0.251,      0.542,      0.576,     -0.961,      0.845,      0.769,    β:       1.000
α:       0.251,      0.544,      0.575,     -0.961,      0.845,      0.770,    β:       1.000
α:       0.254,      0.544,      0.575,     -0.962,      0.846,      0.772,    β:       1.000
α:       0.254,      0.544,      0.574,     -0.962,      0.845,      0.772,    β:       1.000
α:       0.254,      0.544,      0.574,     -0.962,      0.845,      0.771,    β:       1.000
α:       0.255,      0.542,      0.573,     -0.962,      0.845,      0.770,    β:       1.000
α:       0.255,      0.544,      0.574,     -0.961,      0.845,      0.771,    β:       1.000
