α0:     -0.837,     -0.432,     -0.877,     -1.043,     -0.746,      0.746,    β0:      1.000
α:      -0.109,     -0.101,      0.100,     -0.057,      0.051,      0.053,    β:       1.000
α:      -0.184,     -0.168,      0.164,     -0.097,      0.086,      0.093,    β:       1.000
α:      -0.243,     -0.219,      0.214,     -0.130,      0.112,      0.126,    β:       1.000
α:      -0.293,     -0.256,      0.255,     -0.157,      0.135,      0.153,    β:       1.000
α:      -0.333,     -0.290,      0.286,     -0.181,      0.152,      0.176,    β:       1.000
α:      -0.369,     -0.322,      0.316,     -0.202,      0.169,      0.199,    β:       1.000
α:      -0.397,     -0.346,      0.340,     -0.219,      0.182,      0.218,    β:       1.000
α:      -0.425,     -0.368,      0.362,     -0.237,      0.193,      0.235,    β:       1.000
α:      -0.452,     -0.384,      0.383,     -0.252,      0.205,      0.252,    β:       1.000
α:      -0.477,     -0.402,      0.400,     -0.267,      0.216,      0.267,    β:       1.000
α:      -0.499,     -0.417,      0.415,     -0.281,      0.225,      0.281,    β:       1.000
α:      -0.519,     -0.433,      0.428,     -0.295,      0.232,      0.296,    β:       1.000
α:      -0.538,     -0.444,      0.442,     -0.307,      0.240,      0.309,    β:       1.000
α:      -0.557,     -0.453,      0.452,     -0.318,      0.246,      0.320,    β:       1.000
α:      -0.574,     -0.460,      0.462,     -0.330,      0.252,      0.332,    β:       1.000
α:      -0.590,     -0.471,      0.472,     -0.341,      0.258,      0.343,    β:       1.000
α:      -0.605,     -0.478,      0.480,     -0.351,      0.264,      0.354,    β:       1.000
α:      -0.619,     -0.486,      0.488,     -0.361,      0.268,      0.364,    β:       1.000
α:      -0.633,     -0.493,      0.493,     -0.371,      0.272,      0.373,    β:       1.000
α:      -0.645,     -0.499,      0.499,     -0.379,      0.276,      0.383,    β:       1.000
α:      -0.657,     -0.507,      0.507,     -0.388,      0.280,      0.392,    β:       1.000
α:      -0.669,     -0.511,      0.514,     -0.396,      0.284,      0.401,    β:       1.000
α:      -0.680,     -0.515,      0.522,     -0.405,      0.289,      0.409,    β:       1.000
α:      -0.691,     -0.518,      0.527,     -0.412,      0.293,      0.417,    β:       1.000
α:      -0.701,     -0.523,      0.532,     -0.420,      0.295,      0.424,    β:       1.000
α:      -0.709,     -0.528,      0.534,     -0.426,      0.298,      0.430,    β:       1.000
α:      -0.718,     -0.532,      0.538,     -0.433,      0.301,      0.438,    β:       1.000
α:      -0.728,     -0.535,      0.541,     -0.440,      0.304,      0.445,    β:       1.000
α:      -0.735,     -0.538,      0.546,     -0.446,      0.305,      0.454,    β:       1.000
α:      -0.744,     -0.544,      0.548,     -0.454,      0.307,      0.462,    β:       1.000
α:      -0.754,     -0.547,      0.552,     -0.460,      0.310,      0.469,    β:       1.000
α:      -0.763,     -0.550,      0.552,     -0.466,      0.312,      0.476,    β:       1.000
α:      -0.770,     -0.554,      0.556,     -0.473,      0.313,      0.483,    β:       1.000
α:      -0.775,     -0.556,      0.555,     -0.478,      0.314,      0.490,    β:       1.000
α:      -0.780,     -0.559,      0.558,     -0.484,      0.315,      0.496,    β:       1.000
α:      -0.787,     -0.563,      0.558,     -0.489,      0.316,      0.502,    β:       1.000
α:      -0.792,     -0.563,      0.559,     -0.494,      0.316,      0.508,    β:       1.000
α:      -0.798,     -0.564,      0.561,     -0.500,      0.317,      0.513,    β:       1.000
α:      -0.804,     -0.564,      0.563,     -0.505,      0.317,      0.519,    β:       1.000
α:      -0.810,     -0.564,      0.565,     -0.510,      0.318,      0.525,    β:       1.000
α:      -0.814,     -0.564,      0.567,     -0.514,      0.318,      0.530,    β:       1.000
α:      -0.818,     -0.565,      0.568,     -0.519,      0.318,      0.536,    β:       1.000
α:      -0.824,     -0.566,      0.564,     -0.524,      0.317,      0.540,    β:       1.000
α:      -0.827,     -0.566,      0.567,     -0.528,      0.317,      0.545,    β:       1.000
α:      -0.832,     -0.566,      0.567,     -0.532,      0.318,      0.550,    β:       1.000
α:      -0.838,     -0.568,      0.569,     -0.537,      0.319,      0.554,    β:       1.000
α:      -0.842,     -0.568,      0.568,     -0.541,      0.320,      0.559,    β:       1.000
α:      -0.845,     -0.567,      0.570,     -0.545,      0.320,      0.564,    β:       1.000
α:      -0.849,     -0.568,      0.570,     -0.549,      0.321,      0.570,    β:       1.000
α:      -0.852,     -0.567,      0.571,     -0.553,      0.322,      0.575,    β:       1.000
α:      -0.855,     -0.566,      0.571,     -0.557,      0.322,      0.580,    β:       1.000
α:      -0.859,     -0.565,      0.571,     -0.561,      0.322,      0.585,    β:       1.000
α:      -0.861,     -0.562,      0.571,     -0.564,      0.321,      0.589,    β:       1.000
α:      -0.864,     -0.562,      0.570,     -0.568,      0.322,      0.593,    β:       1.000
α:      -0.867,     -0.561,      0.571,     -0.571,      0.322,      0.597,    β:       1.000
α:      -0.869,     -0.558,      0.575,     -0.574,      0.322,      0.602,    β:       1.000
α:      -0.871,     -0.558,      0.577,     -0.578,      0.323,      0.607,    β:       1.000
α:      -0.873,     -0.556,      0.576,     -0.581,      0.323,      0.611,    β:       1.000
α:      -0.875,     -0.554,      0.578,     -0.584,      0.323,      0.615,    β:       1.000
α:      -0.879,     -0.553,      0.578,     -0.588,      0.324,      0.620,    β:       1.000
α:      -0.881,     -0.553,      0.578,     -0.592,      0.323,      0.625,    β:       1.000
α:      -0.883,     -0.552,      0.579,     -0.596,      0.323,      0.629,    β:       1.000
α:      -0.885,     -0.552,      0.577,     -0.600,      0.322,      0.633,    β:       1.000
α:      -0.886,     -0.551,      0.578,     -0.603,      0.321,      0.638,    β:       1.000
α:      -0.889,     -0.551,      0.577,     -0.607,      0.321,      0.641,    β:       1.000
α:      -0.890,     -0.552,      0.579,     -0.610,      0.321,      0.645,    β:       1.000
α:      -0.892,     -0.551,      0.577,     -0.613,      0.320,      0.650,    β:       1.000
α:      -0.894,     -0.550,      0.578,     -0.617,      0.319,      0.654,    β:       1.000
α:      -0.896,     -0.549,      0.580,     -0.620,      0.319,      0.658,    β:       1.000
α:      -0.898,     -0.546,      0.583,     -0.622,      0.318,      0.663,    β:       1.000
α:      -0.900,     -0.545,      0.582,     -0.625,      0.318,      0.667,    β:       1.000
α:      -0.904,     -0.544,      0.583,     -0.628,      0.319,      0.671,    β:       1.000
α:      -0.906,     -0.543,      0.580,     -0.632,      0.319,      0.674,    β:       1.000
α:      -0.907,     -0.545,      0.579,     -0.635,      0.319,      0.679,    β:       1.000
α:      -0.909,     -0.545,      0.577,     -0.637,      0.318,      0.682,    β:       1.000
α:      -0.912,     -0.545,      0.579,     -0.641,      0.318,      0.686,    β:       1.000
α:      -0.913,     -0.543,      0.579,     -0.644,      0.317,      0.690,    β:       1.000
α:      -0.915,     -0.545,      0.576,     -0.647,      0.316,      0.694,    β:       1.000
α:      -0.916,     -0.543,      0.578,     -0.650,      0.316,      0.697,    β:       1.000
α:      -0.918,     -0.543,      0.580,     -0.653,      0.316,      0.701,    β:       1.000
α:      -0.919,     -0.542,      0.580,     -0.656,      0.316,      0.704,    β:       1.000
α:      -0.922,     -0.540,      0.579,     -0.659,      0.315,      0.707,    β:       1.000
α:      -0.923,     -0.539,      0.578,     -0.662,      0.314,      0.711,    β:       1.000
α:      -0.926,     -0.538,      0.577,     -0.665,      0.314,      0.714,    β:       1.000
α:      -0.926,     -0.536,      0.576,     -0.667,      0.312,      0.717,    β:       1.000
α:      -0.928,     -0.533,      0.575,     -0.669,      0.311,      0.720,    β:       1.000
α:      -0.930,     -0.534,      0.574,     -0.672,      0.311,      0.723,    β:       1.000
α:      -0.933,     -0.532,      0.571,     -0.675,      0.310,      0.726,    β:       1.000
α:      -0.935,     -0.529,      0.572,     -0.678,      0.309,      0.729,    β:       1.000
α:      -0.937,     -0.528,      0.572,     -0.680,      0.309,      0.732,    β:       1.000
α:      -0.938,     -0.525,      0.571,     -0.682,      0.308,      0.734,    β:       1.000
α:      -0.938,     -0.524,      0.570,     -0.684,      0.307,      0.737,    β:       1.000
α:      -0.939,     -0.524,      0.570,     -0.687,      0.306,      0.740,    β:       1.000
α:      -0.940,     -0.523,      0.571,     -0.689,      0.306,      0.743,    β:       1.000
α:      -0.942,     -0.522,      0.570,     -0.693,      0.304,      0.746,    β:       1.000
α:      -0.943,     -0.521,      0.567,     -0.695,      0.302,      0.749,    β:       1.000
α:      -0.944,     -0.522,      0.567,     -0.698,      0.301,      0.752,    β:       1.000
α:      -0.944,     -0.520,      0.563,     -0.700,      0.300,      0.754,    β:       1.000
α:      -0.944,     -0.519,      0.564,     -0.702,      0.300,      0.757,    β:       1.000
α:      -0.945,     -0.517,      0.566,     -0.705,      0.299,      0.761,    β:       1.000
α:      -0.946,     -0.514,      0.565,     -0.707,      0.299,      0.763,    β:       1.000
α:      -0.946,     -0.512,      0.564,     -0.709,      0.298,      0.766,    β:       1.000
α:      -0.946,     -0.510,      0.564,     -0.711,      0.296,      0.770,    β:       1.000
α:      -0.947,     -0.510,      0.563,     -0.713,      0.296,      0.773,    β:       1.000
α:      -0.948,     -0.510,      0.562,     -0.715,      0.295,      0.776,    β:       1.000
α:      -0.950,     -0.510,      0.562,     -0.717,      0.295,      0.780,    β:       1.000
α:      -0.950,     -0.510,      0.560,     -0.720,      0.294,      0.782,    β:       1.000
α:      -0.950,     -0.509,      0.560,     -0.722,      0.293,      0.785,    β:       1.000
α:      -0.950,     -0.509,      0.558,     -0.725,      0.291,      0.788,    β:       1.000
α:      -0.951,     -0.510,      0.560,     -0.727,      0.290,      0.791,    β:       1.000
α:      -0.951,     -0.506,      0.558,     -0.728,      0.289,      0.794,    β:       1.000
α:      -0.950,     -0.507,      0.559,     -0.729,      0.288,      0.797,    β:       1.000
α:      -0.949,     -0.508,      0.561,     -0.732,      0.287,      0.800,    β:       1.000
α:      -0.949,     -0.507,      0.562,     -0.734,      0.285,      0.802,    β:       1.000
α:      -0.949,     -0.506,      0.563,     -0.735,      0.284,      0.804,    β:       1.000
α:      -0.949,     -0.506,      0.564,     -0.737,      0.284,      0.807,    β:       1.000
α:      -0.950,     -0.504,      0.567,     -0.740,      0.284,      0.809,    β:       1.000
α:      -0.951,     -0.501,      0.565,     -0.742,      0.283,      0.811,    β:       1.000
α:      -0.950,     -0.499,      0.563,     -0.744,      0.281,      0.814,    β:       1.000
α:      -0.950,     -0.497,      0.562,     -0.746,      0.281,      0.816,    β:       1.000
α:      -0.951,     -0.497,      0.563,     -0.748,      0.281,      0.819,    β:       1.000
α:      -0.951,     -0.497,      0.563,     -0.750,      0.281,      0.822,    β:       1.000
α:      -0.951,     -0.495,      0.563,     -0.753,      0.280,      0.825,    β:       1.000
α:      -0.953,     -0.495,      0.562,     -0.755,      0.280,      0.828,    β:       1.000
α:      -0.953,     -0.495,      0.561,     -0.757,      0.278,      0.829,    β:       1.000
α:      -0.953,     -0.493,      0.561,     -0.759,      0.278,      0.832,    β:       1.000
α:      -0.955,     -0.491,      0.562,     -0.762,      0.278,      0.835,    β:       1.000
α:      -0.957,     -0.491,      0.565,     -0.764,      0.279,      0.838,    β:       1.000
α:      -0.957,     -0.491,      0.564,     -0.766,      0.278,      0.840,    β:       1.000
α:      -0.958,     -0.489,      0.564,     -0.767,      0.277,      0.842,    β:       1.000
α:      -0.958,     -0.490,      0.565,     -0.769,      0.276,      0.844,    β:       1.000
α:      -0.958,     -0.488,      0.567,     -0.771,      0.275,      0.847,    β:       1.000
α:      -0.961,     -0.487,      0.565,     -0.773,      0.276,      0.849,    β:       1.000
α:      -0.962,     -0.486,      0.566,     -0.776,      0.277,      0.851,    β:       1.000
α:      -0.962,     -0.487,      0.565,     -0.778,      0.277,      0.853,    β:       1.000
α:      -0.960,     -0.485,      0.565,     -0.780,      0.276,      0.855,    β:       1.000
α:      -0.960,     -0.484,      0.564,     -0.782,      0.275,      0.859,    β:       1.000
α:      -0.960,     -0.484,      0.563,     -0.783,      0.274,      0.861,    β:       1.000
α:      -0.960,     -0.483,      0.563,     -0.784,      0.272,      0.863,    β:       1.000
α:      -0.961,     -0.483,      0.562,     -0.787,      0.271,      0.866,    β:       1.000
α:      -0.963,     -0.480,      0.558,     -0.789,      0.270,      0.867,    β:       1.000
α:      -0.964,     -0.480,      0.559,     -0.792,      0.270,      0.869,    β:       1.000
α:      -0.964,     -0.478,      0.557,     -0.793,      0.269,      0.872,    β:       1.000
α:      -0.962,     -0.478,      0.559,     -0.795,      0.268,      0.874,    β:       1.000
α:      -0.963,     -0.478,      0.559,     -0.797,      0.268,      0.877,    β:       1.000
α:      -0.964,     -0.480,      0.560,     -0.799,      0.268,      0.880,    β:       1.000
α:      -0.963,     -0.479,      0.559,     -0.802,      0.267,      0.882,    β:       1.000
α:      -0.964,     -0.478,      0.559,     -0.803,      0.267,      0.884,    β:       1.000
α:      -0.965,     -0.477,      0.559,     -0.805,      0.266,      0.885,    β:       1.000
α:      -0.968,     -0.477,      0.562,     -0.808,      0.268,      0.888,    β:       1.000
α:      -0.968,     -0.477,      0.561,     -0.810,      0.267,      0.890,    β:       1.000
α:      -0.970,     -0.476,      0.558,     -0.811,      0.265,      0.891,    β:       1.000
α:      -0.970,     -0.474,      0.555,     -0.813,      0.264,      0.892,    β:       1.000
α:      -0.970,     -0.475,      0.555,     -0.814,      0.264,      0.894,    β:       1.000
α:      -0.969,     -0.474,      0.555,     -0.816,      0.262,      0.897,    β:       1.000
α:      -0.969,     -0.474,      0.554,     -0.818,      0.262,      0.900,    β:       1.000
α:      -0.968,     -0.476,      0.553,     -0.820,      0.262,      0.902,    β:       1.000
α:      -0.969,     -0.474,      0.554,     -0.821,      0.261,      0.904,    β:       1.000
α:      -0.967,     -0.472,      0.554,     -0.822,      0.260,      0.906,    β:       1.000
α:      -0.967,     -0.470,      0.553,     -0.824,      0.259,      0.908,    β:       1.000
α:      -0.968,     -0.471,      0.556,     -0.826,      0.260,      0.911,    β:       1.000
α:      -0.968,     -0.470,      0.554,     -0.827,      0.259,      0.913,    β:       1.000
α:      -0.969,     -0.469,      0.553,     -0.829,      0.258,      0.915,    β:       1.000
α:      -0.969,     -0.467,      0.554,     -0.830,      0.257,      0.916,    β:       1.000
α:      -0.970,     -0.465,      0.553,     -0.831,      0.258,      0.918,    β:       1.000
α:      -0.971,     -0.466,      0.551,     -0.832,      0.257,      0.919,    β:       1.000
α:      -0.971,     -0.463,      0.550,     -0.833,      0.257,      0.921,    β:       1.000
α:      -0.972,     -0.462,      0.551,     -0.835,      0.257,      0.923,    β:       1.000
α:      -0.973,     -0.460,      0.551,     -0.835,      0.257,      0.926,    β:       1.000
α:      -0.974,     -0.459,      0.550,     -0.837,      0.258,      0.927,    β:       1.000
α:      -0.974,     -0.457,      0.552,     -0.838,      0.257,      0.928,    β:       1.000
α:      -0.974,     -0.458,      0.553,     -0.840,      0.257,      0.930,    β:       1.000
α:      -0.974,     -0.457,      0.552,     -0.842,      0.256,      0.932,    β:       1.000
α:      -0.974,     -0.457,      0.551,     -0.843,      0.256,      0.933,    β:       1.000
α:      -0.975,     -0.457,      0.550,     -0.845,      0.255,      0.936,    β:       1.000
α:      -0.974,     -0.456,      0.549,     -0.847,      0.254,      0.937,    β:       1.000
α:      -0.974,     -0.455,      0.549,     -0.848,      0.254,      0.939,    β:       1.000
α:      -0.975,     -0.454,      0.547,     -0.849,      0.254,      0.941,    β:       1.000
α:      -0.974,     -0.455,      0.547,     -0.850,      0.252,      0.944,    β:       1.000
α:      -0.974,     -0.455,      0.547,     -0.851,      0.252,      0.946,    β:       1.000
α:      -0.975,     -0.456,      0.548,     -0.853,      0.252,      0.947,    β:       1.000
α:      -0.975,     -0.454,      0.549,     -0.854,      0.252,      0.949,    β:       1.000
α:      -0.973,     -0.453,      0.551,     -0.855,      0.251,      0.952,    β:       1.000
α:      -0.974,     -0.453,      0.551,     -0.857,      0.251,      0.952,    β:       1.000
α:      -0.973,     -0.456,      0.550,     -0.858,      0.251,      0.954,    β:       1.000
α:      -0.973,     -0.456,      0.551,     -0.860,      0.250,      0.956,    β:       1.000
α:      -0.971,     -0.455,      0.552,     -0.862,      0.249,      0.958,    β:       1.000
α:      -0.970,     -0.457,      0.552,     -0.863,      0.248,      0.959,    β:       1.000
α:      -0.970,     -0.458,      0.552,     -0.865,      0.248,      0.961,    β:       1.000
α:      -0.970,     -0.456,      0.550,     -0.866,      0.247,      0.962,    β:       1.000
α:      -0.969,     -0.456,      0.550,     -0.866,      0.247,      0.963,    β:       1.000
α:      -0.969,     -0.458,      0.548,     -0.868,      0.246,      0.965,    β:       1.000
α:      -0.967,     -0.457,      0.547,     -0.870,      0.246,      0.967,    β:       1.000
α:      -0.967,     -0.456,      0.546,     -0.872,      0.246,      0.968,    β:       1.000
α:      -0.966,     -0.455,      0.548,     -0.873,      0.246,      0.970,    β:       1.000
α:      -0.965,     -0.455,      0.546,     -0.874,      0.244,      0.971,    β:       1.000
α:      -0.964,     -0.452,      0.546,     -0.875,      0.243,      0.971,    β:       1.000
α:      -0.965,     -0.453,      0.547,     -0.877,      0.243,      0.973,    β:       1.000
α:      -0.967,     -0.453,      0.545,     -0.877,      0.243,      0.974,    β:       1.000
α:      -0.968,     -0.452,      0.546,     -0.879,      0.244,      0.976,    β:       1.000
α:      -0.969,     -0.452,      0.546,     -0.880,      0.243,      0.978,    β:       1.000
α:      -0.969,     -0.453,      0.543,     -0.881,      0.244,      0.979,    β:       1.000
α:      -0.968,     -0.453,      0.541,     -0.882,      0.242,      0.981,    β:       1.000
α:      -0.968,     -0.450,      0.542,     -0.883,      0.241,      0.982,    β:       1.000
α:      -0.967,     -0.451,      0.540,     -0.885,      0.239,      0.984,    β:       1.000
α:      -0.967,     -0.450,      0.542,     -0.886,      0.239,      0.985,    β:       1.000
α:      -0.967,     -0.454,      0.543,     -0.888,      0.239,      0.988,    β:       1.000
α:      -0.966,     -0.453,      0.544,     -0.890,      0.239,      0.988,    β:       1.000
α:      -0.967,     -0.451,      0.543,     -0.891,      0.239,      0.990,    β:       1.000
α:      -0.965,     -0.450,      0.544,     -0.892,      0.238,      0.991,    β:       1.000
α:      -0.964,     -0.452,      0.545,     -0.893,      0.238,      0.992,    β:       1.000
α:      -0.965,     -0.451,      0.546,     -0.895,      0.239,      0.994,    β:       1.000
α:      -0.965,     -0.449,      0.548,     -0.895,      0.239,      0.995,    β:       1.000
α:      -0.964,     -0.451,      0.547,     -0.897,      0.239,      0.998,    β:       1.000
α:      -0.963,     -0.450,      0.545,     -0.898,      0.238,      0.999,    β:       1.000
α:      -0.964,     -0.449,      0.546,     -0.900,      0.239,      1.001,    β:       1.000
α:      -0.964,     -0.447,      0.546,     -0.900,      0.238,      1.002,    β:       1.000
α:      -0.963,     -0.445,      0.544,     -0.902,      0.237,      1.005,    β:       1.000
α:      -0.964,     -0.443,      0.543,     -0.903,      0.236,      1.006,    β:       1.000
α:      -0.965,     -0.444,      0.543,     -0.904,      0.237,      1.007,    β:       1.000
α:      -0.964,     -0.444,      0.544,     -0.904,      0.236,      1.009,    β:       1.000
α:      -0.965,     -0.443,      0.543,     -0.906,      0.235,      1.010,    β:       1.000
α:      -0.965,     -0.444,      0.543,     -0.907,      0.235,      1.011,    β:       1.000
α:      -0.964,     -0.441,      0.545,     -0.907,      0.234,      1.012,    β:       1.000
α:      -0.963,     -0.442,      0.543,     -0.909,      0.232,      1.014,    β:       1.000
α:      -0.963,     -0.442,      0.543,     -0.911,      0.231,      1.016,    β:       1.000
α:      -0.963,     -0.441,      0.543,     -0.912,      0.231,      1.017,    β:       1.000
α:      -0.964,     -0.440,      0.542,     -0.913,      0.231,      1.017,    β:       1.000
α:      -0.963,     -0.439,      0.542,     -0.913,      0.231,      1.018,    β:       1.000
α:      -0.963,     -0.438,      0.542,     -0.915,      0.229,      1.020,    β:       1.000
α:      -0.963,     -0.436,      0.540,     -0.916,      0.228,      1.020,    β:       1.000
α:      -0.962,     -0.437,      0.543,     -0.917,      0.228,      1.022,    β:       1.000
α:      -0.962,     -0.438,      0.539,     -0.919,      0.226,      1.023,    β:       1.000
α:      -0.962,     -0.438,      0.541,     -0.920,      0.226,      1.025,    β:       1.000
α:      -0.963,     -0.439,      0.540,     -0.921,      0.227,      1.027,    β:       1.000
α:      -0.962,     -0.437,      0.541,     -0.923,      0.227,      1.029,    β:       1.000
α:      -0.963,     -0.438,      0.538,     -0.924,      0.227,      1.030,    β:       1.000
α:      -0.963,     -0.437,      0.538,     -0.926,      0.227,      1.031,    β:       1.000
α:      -0.963,     -0.436,      0.537,     -0.927,      0.226,      1.032,    β:       1.000
α:      -0.965,     -0.437,      0.538,     -0.929,      0.226,      1.034,    β:       1.000
α:      -0.964,     -0.436,      0.535,     -0.930,      0.225,      1.035,    β:       1.000
α:      -0.963,     -0.435,      0.537,     -0.931,      0.225,      1.036,    β:       1.000
α:      -0.963,     -0.436,      0.535,     -0.932,      0.225,      1.038,    β:       1.000
α:      -0.964,     -0.435,      0.539,     -0.933,      0.226,      1.040,    β:       1.000
α:      -0.963,     -0.434,      0.537,     -0.933,      0.224,      1.040,    β:       1.000
α:      -0.960,     -0.436,      0.537,     -0.934,      0.223,      1.042,    β:       1.000
α:      -0.960,     -0.432,      0.534,     -0.934,      0.223,      1.043,    β:       1.000
α:      -0.959,     -0.434,      0.533,     -0.935,      0.222,      1.044,    β:       1.000
α:      -0.961,     -0.433,      0.533,     -0.936,      0.222,      1.045,    β:       1.000
α:      -0.961,     -0.433,      0.533,     -0.937,      0.223,      1.046,    β:       1.000
α:      -0.961,     -0.433,      0.532,     -0.938,      0.223,      1.047,    β:       1.000
α:      -0.962,     -0.435,      0.532,     -0.939,      0.223,      1.048,    β:       1.000
α:      -0.962,     -0.434,      0.534,     -0.940,      0.223,      1.050,    β:       1.000
α:      -0.962,     -0.434,      0.532,     -0.941,      0.221,      1.050,    β:       1.000
α:      -0.960,     -0.434,      0.531,     -0.942,      0.220,      1.052,    β:       1.000
α:      -0.961,     -0.433,      0.528,     -0.943,      0.220,      1.052,    β:       1.000
α:      -0.961,     -0.431,      0.528,     -0.943,      0.219,      1.053,    β:       1.000
α:      -0.960,     -0.432,      0.529,     -0.944,      0.220,      1.054,    β:       1.000
α:      -0.959,     -0.432,      0.530,     -0.945,      0.219,      1.055,    β:       1.000
α:      -0.959,     -0.431,      0.531,     -0.946,      0.218,      1.056,    β:       1.000
α:      -0.958,     -0.431,      0.531,     -0.946,      0.218,      1.057,    β:       1.000
α:      -0.958,     -0.431,      0.532,     -0.947,      0.218,      1.058,    β:       1.000
α:      -0.958,     -0.431,      0.533,     -0.947,      0.218,      1.060,    β:       1.000
α:      -0.958,     -0.432,      0.534,     -0.949,      0.218,      1.062,    β:       1.000
α:      -0.955,     -0.430,      0.535,     -0.949,      0.218,      1.062,    β:       1.000
α:      -0.956,     -0.429,      0.534,     -0.949,      0.218,      1.063,    β:       1.000
α:      -0.954,     -0.429,      0.533,     -0.950,      0.216,      1.064,    β:       1.000
α:      -0.954,     -0.427,      0.535,     -0.950,      0.217,      1.065,    β:       1.000
α:      -0.954,     -0.426,      0.535,     -0.950,      0.216,      1.065,    β:       1.000
α:      -0.955,     -0.427,      0.536,     -0.952,      0.217,      1.067,    β:       1.000
α:      -0.954,     -0.426,      0.537,     -0.952,      0.217,      1.067,    β:       1.000
α:      -0.953,     -0.424,      0.538,     -0.953,      0.217,      1.068,    β:       1.000
α:      -0.951,     -0.421,      0.538,     -0.953,      0.216,      1.069,    β:       1.000
α:      -0.953,     -0.423,      0.541,     -0.953,      0.216,      1.070,    β:       1.000
α:      -0.953,     -0.424,      0.542,     -0.954,      0.217,      1.072,    β:       1.000
α:      -0.953,     -0.425,      0.543,     -0.956,      0.217,      1.072,    β:       1.000
α:      -0.952,     -0.425,      0.544,     -0.956,      0.217,      1.073,    β:       1.000
α:      -0.952,     -0.426,      0.545,     -0.957,      0.218,      1.075,    β:       1.000
α:      -0.953,     -0.424,      0.544,     -0.958,      0.217,      1.075,    β:       1.000
α:      -0.954,     -0.423,      0.544,     -0.959,      0.217,      1.076,    β:       1.000
α:      -0.954,     -0.422,      0.544,     -0.960,      0.216,      1.077,    β:       1.000
α:      -0.954,     -0.424,      0.544,     -0.962,      0.216,      1.079,    β:       1.000
α:      -0.954,     -0.424,      0.544,     -0.962,      0.215,      1.080,    β:       1.000
α:      -0.955,     -0.423,      0.542,     -0.963,      0.215,      1.081,    β:       1.000
α:      -0.956,     -0.423,      0.543,     -0.964,      0.216,      1.082,    β:       1.000
α:      -0.957,     -0.424,      0.543,     -0.965,      0.216,      1.083,    β:       1.000
α:      -0.957,     -0.422,      0.543,     -0.966,      0.216,      1.083,    β:       1.000
α:      -0.957,     -0.422,      0.542,     -0.967,      0.216,      1.084,    β:       1.000
α:      -0.957,     -0.422,      0.542,     -0.969,      0.216,      1.085,    β:       1.000
α:      -0.956,     -0.420,      0.541,     -0.969,      0.214,      1.086,    β:       1.000
α:      -0.957,     -0.420,      0.538,     -0.970,      0.213,      1.087,    β:       1.000
α:      -0.957,     -0.421,      0.538,     -0.970,      0.213,      1.088,    β:       1.000
α:      -0.958,     -0.422,      0.537,     -0.972,      0.213,      1.090,    β:       1.000
α:      -0.957,     -0.422,      0.537,     -0.972,      0.212,      1.090,    β:       1.000
α:      -0.956,     -0.421,      0.536,     -0.973,      0.211,      1.090,    β:       1.000
α:      -0.956,     -0.422,      0.538,     -0.973,      0.211,      1.092,    β:       1.000
α:      -0.957,     -0.422,      0.535,     -0.974,      0.210,      1.093,    β:       1.000
α:      -0.957,     -0.421,      0.536,     -0.975,      0.210,      1.094,    β:       1.000
α:      -0.958,     -0.423,      0.536,     -0.977,      0.210,      1.095,    β:       1.000
α:      -0.955,     -0.422,      0.538,     -0.977,      0.209,      1.096,    β:       1.000
α:      -0.956,     -0.422,      0.538,     -0.979,      0.208,      1.096,    β:       1.000
α:      -0.956,     -0.422,      0.536,     -0.980,      0.208,      1.097,    β:       1.000
α:      -0.955,     -0.418,      0.536,     -0.980,      0.209,      1.097,    β:       1.000
α:      -0.954,     -0.419,      0.537,     -0.980,      0.209,      1.098,    β:       1.000
α:      -0.954,     -0.418,      0.535,     -0.981,      0.208,      1.097,    β:       1.000
α:      -0.953,     -0.416,      0.537,     -0.981,      0.208,      1.098,    β:       1.000
α:      -0.953,     -0.416,      0.537,     -0.982,      0.207,      1.098,    β:       1.000
α:      -0.951,     -0.415,      0.538,     -0.982,      0.208,      1.098,    β:       1.000
α:      -0.951,     -0.413,      0.537,     -0.983,      0.207,      1.099,    β:       1.000
α:      -0.953,     -0.413,      0.537,     -0.984,      0.207,      1.099,    β:       1.000
α:      -0.953,     -0.413,      0.536,     -0.985,      0.207,      1.100,    β:       1.000
α:      -0.953,     -0.410,      0.536,     -0.986,      0.207,      1.101,    β:       1.000
α:      -0.953,     -0.410,      0.534,     -0.986,      0.207,      1.102,    β:       1.000
α:      -0.953,     -0.408,      0.535,     -0.988,      0.207,      1.102,    β:       1.000
α:      -0.954,     -0.409,      0.535,     -0.989,      0.207,      1.103,    β:       1.000
α:      -0.953,     -0.409,      0.535,     -0.990,      0.207,      1.103,    β:       1.000
α:      -0.953,     -0.408,      0.534,     -0.990,      0.206,      1.103,    β:       1.000
α:      -0.952,     -0.408,      0.534,     -0.991,      0.206,      1.104,    β:       1.000
α:      -0.953,     -0.407,      0.535,     -0.992,      0.206,      1.106,    β:       1.000
α:      -0.953,     -0.405,      0.534,     -0.993,      0.205,      1.106,    β:       1.000
α:      -0.954,     -0.403,      0.536,     -0.993,      0.206,      1.107,    β:       1.000
α:      -0.953,     -0.404,      0.538,     -0.993,      0.206,      1.109,    β:       1.000
α:      -0.953,     -0.403,      0.538,     -0.994,      0.204,      1.108,    β:       1.000
α:      -0.952,     -0.400,      0.536,     -0.994,      0.204,      1.109,    β:       1.000
α:      -0.952,     -0.400,      0.533,     -0.994,      0.204,      1.109,    β:       1.000
α:      -0.952,     -0.400,      0.532,     -0.995,      0.204,      1.110,    β:       1.000
α:      -0.953,     -0.402,      0.534,     -0.996,      0.205,      1.111,    β:       1.000
α:      -0.954,     -0.400,      0.535,     -0.997,      0.204,      1.112,    β:       1.000
α:      -0.955,     -0.402,      0.535,     -0.998,      0.205,      1.113,    β:       1.000
α:      -0.956,     -0.399,      0.534,     -0.999,      0.204,      1.113,    β:       1.000
α:      -0.954,     -0.398,      0.533,     -0.999,      0.205,      1.113,    β:       1.000
α:      -0.954,     -0.398,      0.532,     -0.999,      0.205,      1.112,    β:       1.000
α:      -0.953,     -0.397,      0.531,     -1.000,      0.204,      1.112,    β:       1.000
α:      -0.954,     -0.399,      0.529,     -1.001,      0.205,      1.112,    β:       1.000
α:      -0.954,     -0.398,      0.530,     -1.000,      0.205,      1.112,    β:       1.000
α:      -0.955,     -0.398,      0.532,     -1.001,      0.206,      1.112,    β:       1.000
α:      -0.955,     -0.400,      0.533,     -1.003,      0.205,      1.113,    β:       1.000
α:      -0.954,     -0.398,      0.531,     -1.003,      0.205,      1.113,    β:       1.000
α:      -0.955,     -0.398,      0.532,     -1.004,      0.205,      1.114,    β:       1.000
α:      -0.953,     -0.397,      0.532,     -1.004,      0.206,      1.114,    β:       1.000
α:      -0.955,     -0.397,      0.528,     -1.005,      0.206,      1.114,    β:       1.000
α:      -0.956,     -0.398,      0.527,     -1.006,      0.206,      1.115,    β:       1.000
α:      -0.956,     -0.398,      0.529,     -1.008,      0.207,      1.117,    β:       1.000
α:      -0.957,     -0.398,      0.530,     -1.008,      0.206,      1.117,    β:       1.000
α:      -0.956,     -0.397,      0.528,     -1.008,      0.206,      1.117,    β:       1.000
α:      -0.956,     -0.399,      0.527,     -1.009,      0.206,      1.117,    β:       1.000
α:      -0.954,     -0.400,      0.527,     -1.010,      0.204,      1.119,    β:       1.000
α:      -0.955,     -0.401,      0.529,     -1.010,      0.204,      1.121,    β:       1.000
α:      -0.955,     -0.401,      0.528,     -1.011,      0.205,      1.122,    β:       1.000
α:      -0.955,     -0.403,      0.527,     -1.011,      0.204,      1.123,    β:       1.000
α:      -0.954,     -0.404,      0.529,     -1.012,      0.204,      1.124,    β:       1.000
α:      -0.954,     -0.403,      0.531,     -1.012,      0.206,      1.124,    β:       1.000
α:      -0.954,     -0.405,      0.529,     -1.013,      0.205,      1.124,    β:       1.000
α:      -0.955,     -0.406,      0.528,     -1.014,      0.206,      1.125,    β:       1.000
α:      -0.953,     -0.404,      0.527,     -1.014,      0.204,      1.125,    β:       1.000
α:      -0.954,     -0.404,      0.529,     -1.015,      0.206,      1.125,    β:       1.000
α:      -0.956,     -0.404,      0.530,     -1.016,      0.207,      1.125,    β:       1.000
α:      -0.956,     -0.403,      0.530,     -1.016,      0.207,      1.126,    β:       1.000
α:      -0.954,     -0.403,      0.530,     -1.016,      0.206,      1.127,    β:       1.000
α:      -0.955,     -0.402,      0.529,     -1.017,      0.206,      1.127,    β:       1.000
α:      -0.953,     -0.402,      0.531,     -1.018,      0.206,      1.128,    β:       1.000
α:      -0.952,     -0.400,      0.529,     -1.018,      0.205,      1.128,    β:       1.000
α:      -0.951,     -0.398,      0.531,     -1.018,      0.204,      1.129,    β:       1.000
α:      -0.952,     -0.399,      0.529,     -1.018,      0.204,      1.129,    β:       1.000
α:      -0.953,     -0.401,      0.530,     -1.018,      0.205,      1.130,    β:       1.000
α:      -0.951,     -0.403,      0.530,     -1.018,      0.204,      1.131,    β:       1.000
α:      -0.949,     -0.401,      0.529,     -1.018,      0.203,      1.130,    β:       1.000
α:      -0.950,     -0.402,      0.531,     -1.019,      0.204,      1.132,    β:       1.000
α:      -0.948,     -0.402,      0.529,     -1.020,      0.202,      1.132,    β:       1.000
α:      -0.949,     -0.403,      0.528,     -1.020,      0.202,      1.133,    β:       1.000
α:      -0.950,     -0.402,      0.529,     -1.021,      0.202,      1.132,    β:       1.000
α:      -0.948,     -0.401,      0.530,     -1.021,      0.201,      1.133,    β:       1.000
α:      -0.947,     -0.399,      0.531,     -1.021,      0.200,      1.134,    β:       1.000
α:      -0.946,     -0.398,      0.530,     -1.021,      0.200,      1.134,    β:       1.000
α:      -0.947,     -0.398,      0.532,     -1.022,      0.201,      1.135,    β:       1.000
α:      -0.949,     -0.400,      0.535,     -1.022,      0.201,      1.136,    β:       1.000
α:      -0.948,     -0.400,      0.533,     -1.023,      0.200,      1.135,    β:       1.000
α:      -0.948,     -0.399,      0.535,     -1.024,      0.201,      1.136,    β:       1.000
α:      -0.947,     -0.400,      0.535,     -1.025,      0.200,      1.138,    β:       1.000
α:      -0.948,     -0.400,      0.535,     -1.025,      0.199,      1.138,    β:       1.000
α:      -0.949,     -0.399,      0.536,     -1.026,      0.199,      1.139,    β:       1.000
α:      -0.949,     -0.401,      0.536,     -1.026,      0.200,      1.139,    β:       1.000
α:      -0.949,     -0.403,      0.534,     -1.026,      0.199,      1.139,    β:       1.000
α:      -0.950,     -0.404,      0.535,     -1.027,      0.199,      1.140,    β:       1.000
α:      -0.950,     -0.404,      0.536,     -1.028,      0.198,      1.140,    β:       1.000
α:      -0.949,     -0.404,      0.536,     -1.029,      0.198,      1.141,    β:       1.000
α:      -0.949,     -0.405,      0.537,     -1.029,      0.199,      1.142,    β:       1.000
α:      -0.951,     -0.405,      0.540,     -1.031,      0.200,      1.143,    β:       1.000
α:      -0.951,     -0.405,      0.541,     -1.031,      0.201,      1.143,    β:       1.000
α:      -0.950,     -0.405,      0.544,     -1.032,      0.202,      1.144,    β:       1.000
α:      -0.950,     -0.408,      0.542,     -1.034,      0.202,      1.145,    β:       1.000
α:      -0.950,     -0.406,      0.542,     -1.034,      0.201,      1.146,    β:       1.000
α:      -0.949,     -0.406,      0.540,     -1.035,      0.199,      1.146,    β:       1.000
α:      -0.950,     -0.407,      0.538,     -1.035,      0.199,      1.145,    β:       1.000
α:      -0.948,     -0.405,      0.536,     -1.035,      0.198,      1.145,    β:       1.000
α:      -0.947,     -0.404,      0.535,     -1.035,      0.198,      1.145,    β:       1.000
α:      -0.947,     -0.402,      0.533,     -1.035,      0.197,      1.146,    β:       1.000
α:      -0.947,     -0.402,      0.534,     -1.035,      0.197,      1.147,    β:       1.000
α:      -0.949,     -0.401,      0.534,     -1.036,      0.197,      1.148,    β:       1.000
α:      -0.949,     -0.401,      0.532,     -1.037,      0.197,      1.147,    β:       1.000
α:      -0.949,     -0.398,      0.531,     -1.038,      0.197,      1.147,    β:       1.000
α:      -0.949,     -0.395,      0.529,     -1.038,      0.196,      1.148,    β:       1.000
α:      -0.949,     -0.393,      0.530,     -1.038,      0.196,      1.148,    β:       1.000
α:      -0.948,     -0.393,      0.531,     -1.038,      0.196,      1.149,    β:       1.000
α:      -0.949,     -0.392,      0.533,     -1.039,      0.195,      1.150,    β:       1.000
α:      -0.948,     -0.390,      0.533,     -1.039,      0.195,      1.149,    β:       1.000
α:      -0.949,     -0.391,      0.531,     -1.040,      0.195,      1.149,    β:       1.000
α:      -0.948,     -0.389,      0.534,     -1.040,      0.195,      1.150,    β:       1.000
α:      -0.948,     -0.388,      0.533,     -1.041,      0.195,      1.150,    β:       1.000
α:      -0.949,     -0.389,      0.533,     -1.042,      0.195,      1.151,    β:       1.000
α:      -0.948,     -0.389,      0.533,     -1.042,      0.195,      1.151,    β:       1.000
α:      -0.949,     -0.387,      0.534,     -1.042,      0.197,      1.151,    β:       1.000
α:      -0.947,     -0.385,      0.532,     -1.043,      0.196,      1.152,    β:       1.000
α:      -0.945,     -0.385,      0.532,     -1.043,      0.194,      1.153,    β:       1.000
α:      -0.947,     -0.387,      0.531,     -1.044,      0.195,      1.153,    β:       1.000
α:      -0.948,     -0.385,      0.531,     -1.044,      0.195,      1.153,    β:       1.000
α:      -0.946,     -0.385,      0.530,     -1.044,      0.194,      1.154,    β:       1.000
α:      -0.946,     -0.386,      0.530,     -1.045,      0.193,      1.155,    β:       1.000
α:      -0.946,     -0.388,      0.529,     -1.046,      0.193,      1.156,    β:       1.000
α:      -0.947,     -0.387,      0.530,     -1.046,      0.195,      1.156,    β:       1.000
α:      -0.946,     -0.384,      0.532,     -1.046,      0.194,      1.156,    β:       1.000
α:      -0.945,     -0.385,      0.531,     -1.046,      0.194,      1.156,    β:       1.000
α:      -0.945,     -0.386,      0.529,     -1.046,      0.193,      1.157,    β:       1.000
α:      -0.944,     -0.386,      0.528,     -1.047,      0.193,      1.158,    β:       1.000
α:      -0.942,     -0.386,      0.528,     -1.047,      0.193,      1.158,    β:       1.000
α:      -0.943,     -0.386,      0.529,     -1.047,      0.194,      1.158,    β:       1.000
α:      -0.944,     -0.385,      0.525,     -1.048,      0.194,      1.157,    β:       1.000
α:      -0.945,     -0.384,      0.525,     -1.049,      0.194,      1.158,    β:       1.000
α:      -0.946,     -0.382,      0.525,     -1.048,      0.195,      1.158,    β:       1.000
α:      -0.945,     -0.382,      0.523,     -1.048,      0.194,      1.158,    β:       1.000
α:      -0.944,     -0.382,      0.523,     -1.049,      0.194,      1.159,    β:       1.000
α:      -0.943,     -0.382,      0.523,     -1.050,      0.195,      1.160,    β:       1.000
α:      -0.944,     -0.382,      0.526,     -1.050,      0.196,      1.160,    β:       1.000
α:      -0.944,     -0.382,      0.527,     -1.050,      0.196,      1.160,    β:       1.000
α:      -0.946,     -0.382,      0.527,     -1.050,      0.198,      1.160,    β:       1.000
α:      -0.946,     -0.382,      0.528,     -1.050,      0.198,      1.160,    β:       1.000
α:      -0.945,     -0.384,      0.525,     -1.051,      0.197,      1.161,    β:       1.000
α:      -0.946,     -0.380,      0.525,     -1.051,      0.198,      1.160,    β:       1.000
α:      -0.945,     -0.381,      0.526,     -1.051,      0.197,      1.161,    β:       1.000
α:      -0.945,     -0.380,      0.525,     -1.052,      0.198,      1.161,    β:       1.000
α:      -0.947,     -0.381,      0.526,     -1.052,      0.199,      1.161,    β:       1.000
α:      -0.947,     -0.381,      0.526,     -1.053,      0.199,      1.162,    β:       1.000
α:      -0.947,     -0.385,      0.527,     -1.054,      0.199,      1.162,    β:       1.000
α:      -0.947,     -0.387,      0.529,     -1.055,      0.198,      1.163,    β:       1.000
α:      -0.947,     -0.387,      0.529,     -1.055,      0.197,      1.163,    β:       1.000
α:      -0.946,     -0.386,      0.529,     -1.055,      0.196,      1.164,    β:       1.000
α:      -0.946,     -0.385,      0.530,     -1.056,      0.197,      1.164,    β:       1.000
α:      -0.947,     -0.385,      0.531,     -1.057,      0.198,      1.165,    β:       1.000
α:      -0.946,     -0.384,      0.531,     -1.057,      0.198,      1.166,    β:       1.000
α:      -0.945,     -0.382,      0.529,     -1.057,      0.197,      1.165,    β:       1.000
α:      -0.947,     -0.380,      0.528,     -1.058,      0.197,      1.164,    β:       1.000
α:      -0.948,     -0.379,      0.528,     -1.058,      0.198,      1.165,    β:       1.000
α:      -0.948,     -0.378,      0.526,     -1.059,      0.198,      1.165,    β:       1.000
α:      -0.947,     -0.380,      0.529,     -1.060,      0.198,      1.165,    β:       1.000
α:      -0.947,     -0.382,      0.528,     -1.060,      0.199,      1.166,    β:       1.000
α:      -0.947,     -0.381,      0.529,     -1.060,      0.200,      1.167,    β:       1.000
α:      -0.948,     -0.383,      0.529,     -1.060,      0.200,      1.167,    β:       1.000
α:      -0.947,     -0.381,      0.528,     -1.060,      0.200,      1.166,    β:       1.000
α:      -0.947,     -0.381,      0.529,     -1.060,      0.200,      1.167,    β:       1.000
α:      -0.946,     -0.377,      0.530,     -1.060,      0.200,      1.167,    β:       1.000
α:      -0.947,     -0.375,      0.528,     -1.059,      0.199,      1.167,    β:       1.000
α:      -0.948,     -0.376,      0.530,     -1.059,      0.200,      1.167,    β:       1.000
α:      -0.947,     -0.374,      0.528,     -1.059,      0.200,      1.167,    β:       1.000
α:      -0.949,     -0.373,      0.528,     -1.059,      0.200,      1.167,    β:       1.000
α:      -0.949,     -0.375,      0.526,     -1.059,      0.199,      1.167,    β:       1.000
α:      -0.948,     -0.376,      0.528,     -1.060,      0.200,      1.168,    β:       1.000
α:      -0.948,     -0.378,      0.526,     -1.061,      0.199,      1.168,    β:       1.000
α:      -0.946,     -0.378,      0.526,     -1.061,      0.199,      1.169,    β:       1.000
α:      -0.946,     -0.379,      0.525,     -1.061,      0.198,      1.169,    β:       1.000
α:      -0.947,     -0.380,      0.525,     -1.061,      0.199,      1.170,    β:       1.000
α:      -0.947,     -0.381,      0.525,     -1.062,      0.199,      1.170,    β:       1.000
α:      -0.948,     -0.378,      0.526,     -1.063,      0.199,      1.170,    β:       1.000
α:      -0.949,     -0.377,      0.528,     -1.062,      0.199,      1.171,    β:       1.000
α:      -0.950,     -0.376,      0.529,     -1.063,      0.199,      1.171,    β:       1.000
α:      -0.948,     -0.375,      0.528,     -1.063,      0.198,      1.171,    β:       1.000
α:      -0.948,     -0.376,      0.527,     -1.063,      0.197,      1.172,    β:       1.000
α:      -0.949,     -0.374,      0.526,     -1.064,      0.198,      1.171,    β:       1.000
α:      -0.948,     -0.373,      0.524,     -1.064,      0.197,      1.172,    β:       1.000
α:      -0.950,     -0.374,      0.526,     -1.065,      0.198,      1.172,    β:       1.000
α:      -0.951,     -0.374,      0.527,     -1.066,      0.200,      1.173,    β:       1.000
α:      -0.952,     -0.375,      0.528,     -1.067,      0.201,      1.173,    β:       1.000
α:      -0.952,     -0.375,      0.528,     -1.067,      0.201,      1.173,    β:       1.000
α:      -0.952,     -0.374,      0.528,     -1.068,      0.201,      1.174,    β:       1.000
α:      -0.953,     -0.375,      0.529,     -1.069,      0.201,      1.173,    β:       1.000
α:      -0.952,     -0.375,      0.528,     -1.069,      0.200,      1.174,    β:       1.000
α:      -0.951,     -0.376,      0.530,     -1.069,      0.201,      1.174,    β:       1.000
α:      -0.951,     -0.379,      0.531,     -1.070,      0.201,      1.175,    β:       1.000
α:      -0.951,     -0.377,      0.533,     -1.070,      0.202,      1.174,    β:       1.000
α:      -0.951,     -0.378,      0.533,     -1.070,      0.202,      1.175,    β:       1.000
α:      -0.951,     -0.379,      0.531,     -1.070,      0.201,      1.175,    β:       1.000
α:      -0.949,     -0.380,      0.533,     -1.071,      0.201,      1.175,    β:       1.000
α:      -0.949,     -0.381,      0.533,     -1.072,      0.201,      1.176,    β:       1.000
α:      -0.950,     -0.380,      0.532,     -1.072,      0.201,      1.177,    β:       1.000
α:      -0.951,     -0.382,      0.533,     -1.073,      0.201,      1.178,    β:       1.000
α:      -0.951,     -0.384,      0.535,     -1.074,      0.201,      1.178,    β:       1.000
α:      -0.950,     -0.384,      0.535,     -1.075,      0.201,      1.178,    β:       1.000
α:      -0.950,     -0.383,      0.535,     -1.075,      0.201,      1.178,    β:       1.000
α:      -0.950,     -0.383,      0.534,     -1.076,      0.201,      1.179,    β:       1.000
α:      -0.951,     -0.382,      0.533,     -1.076,      0.202,      1.177,    β:       1.000
α:      -0.951,     -0.379,      0.531,     -1.076,      0.200,      1.177,    β:       1.000
