α0:      0.119,      0.545,      0.330,      0.832,     -0.451,     -0.754,    β0:      1.000
α:       0.080,      0.104,      0.095,      0.054,     -0.051,     -0.054,    β:       1.000
α:       0.128,      0.173,      0.156,      0.091,     -0.085,     -0.090,    β:       1.000
α:       0.159,      0.226,      0.198,      0.119,     -0.109,     -0.119,    β:       1.000
α:       0.177,      0.265,      0.232,      0.141,     -0.129,     -0.142,    β:       1.000
α:       0.189,      0.296,      0.257,      0.161,     -0.145,     -0.162,    β:       1.000
α:       0.204,      0.325,      0.282,      0.180,     -0.162,     -0.181,    β:       1.000
α:       0.216,      0.348,      0.301,      0.196,     -0.177,     -0.197,    β:       1.000
α:       0.224,      0.372,      0.316,      0.211,     -0.189,     -0.211,    β:       1.000
α:       0.228,      0.393,      0.330,      0.225,     -0.201,     -0.226,    β:       1.000
α:       0.234,      0.415,      0.342,      0.239,     -0.211,     -0.240,    β:       1.000
α:       0.233,      0.429,      0.352,      0.249,     -0.220,     -0.250,    β:       1.000
α:       0.235,      0.443,      0.359,      0.261,     -0.228,     -0.262,    β:       1.000
α:       0.235,      0.454,      0.363,      0.271,     -0.235,     -0.271,    β:       1.000
α:       0.235,      0.466,      0.371,      0.279,     -0.242,     -0.280,    β:       1.000
α:       0.239,      0.476,      0.377,      0.289,     -0.249,     -0.289,    β:       1.000
α:       0.243,      0.486,      0.384,      0.299,     -0.257,     -0.298,    β:       1.000
α:       0.242,      0.496,      0.388,      0.308,     -0.262,     -0.307,    β:       1.000
α:       0.240,      0.505,      0.389,      0.316,     -0.268,     -0.314,    β:       1.000
α:       0.234,      0.512,      0.392,      0.323,     -0.273,     -0.322,    β:       1.000
α:       0.232,      0.520,      0.393,      0.331,     -0.278,     -0.329,    β:       1.000
α:       0.231,      0.527,      0.393,      0.338,     -0.283,     -0.336,    β:       1.000
α:       0.231,      0.532,      0.397,      0.345,     -0.288,     -0.344,    β:       1.000
α:       0.231,      0.538,      0.399,      0.351,     -0.292,     -0.350,    β:       1.000
α:       0.227,      0.547,      0.402,      0.359,     -0.296,     -0.357,    β:       1.000
α:       0.225,      0.550,      0.403,      0.366,     -0.299,     -0.362,    β:       1.000
α:       0.223,      0.554,      0.405,      0.372,     -0.303,     -0.369,    β:       1.000
α:       0.220,      0.560,      0.407,      0.378,     -0.307,     -0.374,    β:       1.000
α:       0.218,      0.564,      0.405,      0.384,     -0.312,     -0.379,    β:       1.000
α:       0.219,      0.568,      0.407,      0.391,     -0.316,     -0.385,    β:       1.000
α:       0.219,      0.572,      0.407,      0.398,     -0.321,     -0.391,    β:       1.000
α:       0.218,      0.576,      0.405,      0.403,     -0.324,     -0.395,    β:       1.000
α:       0.214,      0.577,      0.407,      0.409,     -0.327,     -0.400,    β:       1.000
α:       0.212,      0.579,      0.408,      0.413,     -0.330,     -0.404,    β:       1.000
α:       0.211,      0.580,      0.406,      0.418,     -0.332,     -0.408,    β:       1.000
α:       0.209,      0.583,      0.406,      0.423,     -0.335,     -0.412,    β:       1.000
α:       0.207,      0.585,      0.407,      0.428,     -0.339,     -0.418,    β:       1.000
α:       0.204,      0.585,      0.407,      0.433,     -0.342,     -0.422,    β:       1.000
α:       0.200,      0.588,      0.407,      0.437,     -0.346,     -0.427,    β:       1.000
α:       0.197,      0.590,      0.408,      0.441,     -0.348,     -0.432,    β:       1.000
α:       0.190,      0.590,      0.407,      0.445,     -0.351,     -0.435,    β:       1.000
α:       0.191,      0.592,      0.411,      0.450,     -0.355,     -0.439,    β:       1.000
α:       0.187,      0.595,      0.413,      0.455,     -0.357,     -0.442,    β:       1.000
α:       0.188,      0.598,      0.409,      0.459,     -0.360,     -0.444,    β:       1.000
α:       0.189,      0.600,      0.409,      0.464,     -0.363,     -0.448,    β:       1.000
α:       0.191,      0.600,      0.406,      0.468,     -0.367,     -0.451,    β:       1.000
α:       0.192,      0.600,      0.406,      0.473,     -0.370,     -0.455,    β:       1.000
α:       0.191,      0.600,      0.405,      0.476,     -0.372,     -0.458,    β:       1.000
α:       0.190,      0.602,      0.403,      0.479,     -0.374,     -0.460,    β:       1.000
α:       0.188,      0.602,      0.398,      0.483,     -0.377,     -0.462,    β:       1.000
α:       0.187,      0.603,      0.397,      0.487,     -0.379,     -0.466,    β:       1.000
α:       0.185,      0.604,      0.398,      0.491,     -0.381,     -0.469,    β:       1.000
α:       0.178,      0.606,      0.395,      0.495,     -0.382,     -0.471,    β:       1.000
α:       0.177,      0.610,      0.395,      0.499,     -0.383,     -0.473,    β:       1.000
α:       0.177,      0.609,      0.394,      0.502,     -0.385,     -0.477,    β:       1.000
α:       0.178,      0.607,      0.397,      0.505,     -0.388,     -0.480,    β:       1.000
α:       0.178,      0.608,      0.397,      0.509,     -0.391,     -0.482,    β:       1.000
α:       0.178,      0.607,      0.397,      0.513,     -0.393,     -0.484,    β:       1.000
α:       0.173,      0.606,      0.396,      0.516,     -0.394,     -0.486,    β:       1.000
α:       0.176,      0.606,      0.399,      0.519,     -0.397,     -0.489,    β:       1.000
α:       0.174,      0.605,      0.397,      0.522,     -0.398,     -0.492,    β:       1.000
α:       0.173,      0.603,      0.395,      0.524,     -0.400,     -0.495,    β:       1.000
α:       0.170,      0.601,      0.394,      0.527,     -0.402,     -0.497,    β:       1.000
α:       0.169,      0.602,      0.393,      0.531,     -0.404,     -0.499,    β:       1.000
α:       0.170,      0.602,      0.391,      0.534,     -0.406,     -0.501,    β:       1.000
α:       0.172,      0.603,      0.393,      0.538,     -0.408,     -0.504,    β:       1.000
α:       0.165,      0.604,      0.392,      0.541,     -0.410,     -0.506,    β:       1.000
α:       0.166,      0.603,      0.390,      0.543,     -0.412,     -0.508,    β:       1.000
α:       0.167,      0.603,      0.390,      0.547,     -0.414,     -0.510,    β:       1.000
α:       0.168,      0.601,      0.389,      0.549,     -0.415,     -0.512,    β:       1.000
α:       0.168,      0.601,      0.390,      0.554,     -0.418,     -0.515,    β:       1.000
α:       0.169,      0.598,      0.387,      0.556,     -0.420,     -0.517,    β:       1.000
α:       0.169,      0.598,      0.386,      0.559,     -0.422,     -0.519,    β:       1.000
α:       0.169,      0.597,      0.382,      0.561,     -0.423,     -0.520,    β:       1.000
α:       0.166,      0.598,      0.380,      0.563,     -0.425,     -0.522,    β:       1.000
α:       0.167,      0.597,      0.382,      0.567,     -0.428,     -0.526,    β:       1.000
α:       0.164,      0.597,      0.381,      0.569,     -0.428,     -0.529,    β:       1.000
α:       0.161,      0.597,      0.382,      0.570,     -0.430,     -0.531,    β:       1.000
α:       0.157,      0.598,      0.385,      0.573,     -0.432,     -0.534,    β:       1.000
α:       0.156,      0.597,      0.382,      0.576,     -0.433,     -0.536,    β:       1.000
α:       0.152,      0.597,      0.380,      0.578,     -0.433,     -0.538,    β:       1.000
α:       0.152,      0.598,      0.379,      0.581,     -0.435,     -0.541,    β:       1.000
α:       0.153,      0.598,      0.374,      0.584,     -0.436,     -0.543,    β:       1.000
α:       0.151,      0.598,      0.375,      0.585,     -0.437,     -0.545,    β:       1.000
α:       0.153,      0.596,      0.372,      0.588,     -0.437,     -0.546,    β:       1.000
α:       0.152,      0.596,      0.372,      0.592,     -0.439,     -0.548,    β:       1.000
α:       0.151,      0.595,      0.374,      0.594,     -0.441,     -0.549,    β:       1.000
α:       0.151,      0.593,      0.372,      0.596,     -0.442,     -0.551,    β:       1.000
α:       0.155,      0.592,      0.375,      0.598,     -0.445,     -0.554,    β:       1.000
α:       0.152,      0.592,      0.377,      0.600,     -0.446,     -0.556,    β:       1.000
α:       0.149,      0.592,      0.376,      0.603,     -0.448,     -0.558,    β:       1.000
α:       0.149,      0.591,      0.375,      0.606,     -0.450,     -0.560,    β:       1.000
α:       0.151,      0.590,      0.373,      0.609,     -0.451,     -0.561,    β:       1.000
α:       0.153,      0.591,      0.374,      0.611,     -0.453,     -0.563,    β:       1.000
α:       0.153,      0.590,      0.375,      0.613,     -0.454,     -0.565,    β:       1.000
α:       0.155,      0.589,      0.375,      0.616,     -0.456,     -0.567,    β:       1.000
α:       0.155,      0.589,      0.374,      0.618,     -0.458,     -0.569,    β:       1.000
α:       0.154,      0.588,      0.373,      0.620,     -0.459,     -0.571,    β:       1.000
α:       0.154,      0.588,      0.370,      0.622,     -0.459,     -0.572,    β:       1.000
α:       0.156,      0.586,      0.368,      0.626,     -0.460,     -0.574,    β:       1.000
α:       0.154,      0.587,      0.368,      0.628,     -0.460,     -0.575,    β:       1.000
α:       0.151,      0.587,      0.368,      0.629,     -0.462,     -0.577,    β:       1.000
α:       0.151,      0.586,      0.367,      0.630,     -0.463,     -0.578,    β:       1.000
α:       0.147,      0.586,      0.369,      0.632,     -0.463,     -0.580,    β:       1.000
α:       0.143,      0.587,      0.372,      0.633,     -0.464,     -0.581,    β:       1.000
α:       0.139,      0.587,      0.370,      0.634,     -0.464,     -0.582,    β:       1.000
α:       0.141,      0.586,      0.371,      0.635,     -0.464,     -0.582,    β:       1.000
α:       0.143,      0.586,      0.369,      0.637,     -0.465,     -0.584,    β:       1.000
α:       0.144,      0.584,      0.370,      0.639,     -0.466,     -0.586,    β:       1.000
α:       0.143,      0.584,      0.369,      0.641,     -0.466,     -0.587,    β:       1.000
α:       0.144,      0.583,      0.368,      0.643,     -0.467,     -0.589,    β:       1.000
α:       0.142,      0.583,      0.370,      0.644,     -0.469,     -0.591,    β:       1.000
α:       0.140,      0.582,      0.365,      0.645,     -0.469,     -0.590,    β:       1.000
α:       0.139,      0.584,      0.367,      0.647,     -0.469,     -0.592,    β:       1.000
α:       0.140,      0.584,      0.367,      0.648,     -0.471,     -0.593,    β:       1.000
α:       0.138,      0.585,      0.370,      0.650,     -0.470,     -0.595,    β:       1.000
α:       0.134,      0.585,      0.368,      0.652,     -0.471,     -0.595,    β:       1.000
α:       0.135,      0.584,      0.366,      0.654,     -0.472,     -0.597,    β:       1.000
α:       0.134,      0.584,      0.366,      0.656,     -0.472,     -0.600,    β:       1.000
α:       0.133,      0.583,      0.369,      0.657,     -0.473,     -0.602,    β:       1.000
α:       0.130,      0.583,      0.368,      0.657,     -0.474,     -0.604,    β:       1.000
α:       0.131,      0.582,      0.366,      0.659,     -0.475,     -0.605,    β:       1.000
α:       0.131,      0.582,      0.365,      0.661,     -0.476,     -0.605,    β:       1.000
α:       0.127,      0.582,      0.366,      0.662,     -0.476,     -0.607,    β:       1.000
α:       0.128,      0.582,      0.363,      0.664,     -0.478,     -0.608,    β:       1.000
α:       0.132,      0.581,      0.363,      0.667,     -0.480,     -0.609,    β:       1.000
α:       0.134,      0.580,      0.361,      0.667,     -0.480,     -0.609,    β:       1.000
α:       0.137,      0.577,      0.360,      0.669,     -0.481,     -0.610,    β:       1.000
α:       0.137,      0.579,      0.359,      0.671,     -0.482,     -0.611,    β:       1.000
α:       0.136,      0.579,      0.360,      0.673,     -0.482,     -0.612,    β:       1.000
α:       0.135,      0.578,      0.357,      0.675,     -0.483,     -0.612,    β:       1.000
α:       0.138,      0.578,      0.357,      0.676,     -0.483,     -0.613,    β:       1.000
α:       0.137,      0.579,      0.354,      0.678,     -0.484,     -0.615,    β:       1.000
α:       0.134,      0.577,      0.355,      0.679,     -0.484,     -0.615,    β:       1.000
α:       0.136,      0.576,      0.358,      0.682,     -0.485,     -0.617,    β:       1.000
α:       0.136,      0.577,      0.357,      0.682,     -0.484,     -0.617,    β:       1.000
α:       0.140,      0.579,      0.357,      0.684,     -0.485,     -0.619,    β:       1.000
α:       0.141,      0.580,      0.357,      0.686,     -0.484,     -0.620,    β:       1.000
α:       0.139,      0.578,      0.358,      0.687,     -0.484,     -0.621,    β:       1.000
α:       0.141,      0.578,      0.360,      0.688,     -0.485,     -0.622,    β:       1.000
α:       0.141,      0.575,      0.361,      0.689,     -0.485,     -0.623,    β:       1.000
α:       0.139,      0.575,      0.361,      0.689,     -0.486,     -0.623,    β:       1.000
α:       0.139,      0.574,      0.361,      0.690,     -0.487,     -0.623,    β:       1.000
α:       0.138,      0.576,      0.361,      0.691,     -0.486,     -0.624,    β:       1.000
α:       0.139,      0.575,      0.361,      0.693,     -0.486,     -0.623,    β:       1.000
α:       0.139,      0.574,      0.362,      0.694,     -0.486,     -0.625,    β:       1.000
α:       0.135,      0.574,      0.359,      0.696,     -0.486,     -0.625,    β:       1.000
α:       0.135,      0.573,      0.357,      0.698,     -0.487,     -0.626,    β:       1.000
α:       0.133,      0.573,      0.355,      0.698,     -0.487,     -0.627,    β:       1.000
α:       0.134,      0.573,      0.356,      0.699,     -0.487,     -0.628,    β:       1.000
α:       0.129,      0.573,      0.354,      0.700,     -0.486,     -0.628,    β:       1.000
α:       0.129,      0.574,      0.358,      0.701,     -0.487,     -0.631,    β:       1.000
α:       0.129,      0.574,      0.356,      0.702,     -0.489,     -0.632,    β:       1.000
α:       0.128,      0.574,      0.353,      0.703,     -0.490,     -0.633,    β:       1.000
α:       0.127,      0.574,      0.353,      0.704,     -0.490,     -0.633,    β:       1.000
α:       0.126,      0.575,      0.353,      0.706,     -0.491,     -0.634,    β:       1.000
α:       0.127,      0.575,      0.353,      0.707,     -0.492,     -0.634,    β:       1.000
α:       0.130,      0.575,      0.353,      0.708,     -0.491,     -0.635,    β:       1.000
α:       0.127,      0.575,      0.352,      0.708,     -0.491,     -0.636,    β:       1.000
α:       0.128,      0.575,      0.353,      0.709,     -0.491,     -0.638,    β:       1.000
α:       0.126,      0.576,      0.352,      0.709,     -0.490,     -0.638,    β:       1.000
α:       0.125,      0.574,      0.353,      0.710,     -0.492,     -0.640,    β:       1.000
α:       0.126,      0.574,      0.354,      0.712,     -0.492,     -0.641,    β:       1.000
α:       0.122,      0.572,      0.354,      0.713,     -0.492,     -0.641,    β:       1.000
α:       0.125,      0.571,      0.355,      0.713,     -0.491,     -0.641,    β:       1.000
α:       0.127,      0.571,      0.354,      0.715,     -0.493,     -0.642,    β:       1.000
α:       0.130,      0.571,      0.353,      0.716,     -0.492,     -0.644,    β:       1.000
α:       0.125,      0.571,      0.351,      0.717,     -0.492,     -0.644,    β:       1.000
α:       0.125,      0.571,      0.352,      0.718,     -0.493,     -0.645,    β:       1.000
α:       0.120,      0.570,      0.354,      0.719,     -0.494,     -0.647,    β:       1.000
α:       0.119,      0.574,      0.354,      0.719,     -0.494,     -0.648,    β:       1.000
α:       0.115,      0.573,      0.354,      0.719,     -0.493,     -0.648,    β:       1.000
α:       0.116,      0.573,      0.353,      0.721,     -0.493,     -0.649,    β:       1.000
α:       0.116,      0.573,      0.354,      0.722,     -0.492,     -0.650,    β:       1.000
α:       0.118,      0.572,      0.353,      0.724,     -0.493,     -0.651,    β:       1.000
α:       0.119,      0.572,      0.352,      0.724,     -0.494,     -0.651,    β:       1.000
α:       0.118,      0.571,      0.352,      0.724,     -0.494,     -0.652,    β:       1.000
α:       0.119,      0.570,      0.353,      0.725,     -0.493,     -0.652,    β:       1.000
α:       0.117,      0.572,      0.353,      0.725,     -0.494,     -0.653,    β:       1.000
α:       0.118,      0.570,      0.353,      0.725,     -0.495,     -0.653,    β:       1.000
α:       0.116,      0.569,      0.354,      0.725,     -0.494,     -0.653,    β:       1.000
α:       0.118,      0.567,      0.353,      0.726,     -0.495,     -0.654,    β:       1.000
α:       0.117,      0.567,      0.352,      0.727,     -0.494,     -0.654,    β:       1.000
α:       0.122,      0.566,      0.351,      0.729,     -0.494,     -0.654,    β:       1.000
α:       0.118,      0.567,      0.352,      0.730,     -0.494,     -0.656,    β:       1.000
α:       0.120,      0.567,      0.349,      0.731,     -0.495,     -0.655,    β:       1.000
α:       0.120,      0.566,      0.349,      0.732,     -0.495,     -0.656,    β:       1.000
α:       0.117,      0.566,      0.349,      0.733,     -0.495,     -0.656,    β:       1.000
α:       0.119,      0.567,      0.350,      0.732,     -0.495,     -0.657,    β:       1.000
α:       0.121,      0.566,      0.347,      0.734,     -0.495,     -0.656,    β:       1.000
α:       0.120,      0.564,      0.349,      0.733,     -0.493,     -0.656,    β:       1.000
α:       0.119,      0.564,      0.346,      0.734,     -0.493,     -0.656,    β:       1.000
α:       0.120,      0.563,      0.345,      0.735,     -0.493,     -0.656,    β:       1.000
α:       0.122,      0.565,      0.348,      0.736,     -0.494,     -0.658,    β:       1.000
α:       0.121,      0.564,      0.346,      0.736,     -0.494,     -0.657,    β:       1.000
α:       0.122,      0.563,      0.346,      0.737,     -0.494,     -0.658,    β:       1.000
α:       0.125,      0.562,      0.345,      0.738,     -0.494,     -0.658,    β:       1.000
α:       0.125,      0.561,      0.345,      0.738,     -0.494,     -0.659,    β:       1.000
α:       0.124,      0.560,      0.344,      0.739,     -0.495,     -0.659,    β:       1.000
α:       0.124,      0.560,      0.345,      0.740,     -0.495,     -0.661,    β:       1.000
α:       0.123,      0.560,      0.345,      0.740,     -0.495,     -0.661,    β:       1.000
α:       0.118,      0.559,      0.344,      0.740,     -0.493,     -0.661,    β:       1.000
α:       0.117,      0.559,      0.343,      0.740,     -0.493,     -0.662,    β:       1.000
α:       0.118,      0.560,      0.343,      0.742,     -0.493,     -0.662,    β:       1.000
α:       0.116,      0.559,      0.346,      0.741,     -0.492,     -0.663,    β:       1.000
α:       0.117,      0.559,      0.346,      0.742,     -0.494,     -0.664,    β:       1.000
α:       0.120,      0.561,      0.347,      0.743,     -0.495,     -0.665,    β:       1.000
α:       0.122,      0.562,      0.349,      0.744,     -0.495,     -0.665,    β:       1.000
α:       0.123,      0.565,      0.351,      0.745,     -0.495,     -0.666,    β:       1.000
α:       0.123,      0.564,      0.352,      0.746,     -0.496,     -0.666,    β:       1.000
α:       0.122,      0.563,      0.352,      0.746,     -0.495,     -0.666,    β:       1.000
α:       0.119,      0.564,      0.351,      0.747,     -0.495,     -0.667,    β:       1.000
α:       0.119,      0.563,      0.353,      0.748,     -0.495,     -0.668,    β:       1.000
α:       0.119,      0.565,      0.351,      0.748,     -0.494,     -0.668,    β:       1.000
α:       0.118,      0.561,      0.349,      0.748,     -0.494,     -0.667,    β:       1.000
α:       0.119,      0.562,      0.350,      0.749,     -0.494,     -0.668,    β:       1.000
α:       0.117,      0.562,      0.350,      0.749,     -0.494,     -0.668,    β:       1.000
α:       0.118,      0.563,      0.347,      0.750,     -0.495,     -0.669,    β:       1.000
α:       0.121,      0.562,      0.348,      0.750,     -0.495,     -0.670,    β:       1.000
α:       0.122,      0.562,      0.346,      0.750,     -0.495,     -0.670,    β:       1.000
α:       0.122,      0.563,      0.347,      0.750,     -0.495,     -0.670,    β:       1.000
α:       0.121,      0.565,      0.346,      0.751,     -0.495,     -0.671,    β:       1.000
α:       0.123,      0.562,      0.347,      0.752,     -0.495,     -0.671,    β:       1.000
α:       0.121,      0.562,      0.347,      0.752,     -0.495,     -0.671,    β:       1.000
α:       0.120,      0.562,      0.346,      0.752,     -0.494,     -0.672,    β:       1.000
α:       0.123,      0.563,      0.346,      0.753,     -0.494,     -0.672,    β:       1.000
α:       0.120,      0.562,      0.346,      0.753,     -0.493,     -0.672,    β:       1.000
α:       0.118,      0.564,      0.346,      0.754,     -0.494,     -0.673,    β:       1.000
α:       0.119,      0.564,      0.347,      0.755,     -0.495,     -0.676,    β:       1.000
α:       0.120,      0.561,      0.349,      0.755,     -0.495,     -0.675,    β:       1.000
α:       0.120,      0.562,      0.350,      0.756,     -0.496,     -0.676,    β:       1.000
α:       0.122,      0.561,      0.349,      0.756,     -0.495,     -0.676,    β:       1.000
α:       0.124,      0.560,      0.347,      0.757,     -0.496,     -0.676,    β:       1.000
α:       0.124,      0.560,      0.348,      0.756,     -0.495,     -0.676,    β:       1.000
α:       0.123,      0.559,      0.349,      0.757,     -0.495,     -0.677,    β:       1.000
α:       0.121,      0.559,      0.348,      0.756,     -0.494,     -0.677,    β:       1.000
α:       0.121,      0.560,      0.346,      0.758,     -0.494,     -0.676,    β:       1.000
α:       0.122,      0.562,      0.345,      0.759,     -0.493,     -0.677,    β:       1.000
α:       0.123,      0.563,      0.344,      0.759,     -0.494,     -0.677,    β:       1.000
α:       0.121,      0.563,      0.344,      0.759,     -0.495,     -0.678,    β:       1.000
α:       0.126,      0.563,      0.342,      0.760,     -0.495,     -0.680,    β:       1.000
α:       0.122,      0.562,      0.340,      0.761,     -0.495,     -0.680,    β:       1.000
α:       0.120,      0.561,      0.340,      0.760,     -0.494,     -0.680,    β:       1.000
α:       0.118,      0.561,      0.345,      0.760,     -0.494,     -0.681,    β:       1.000
α:       0.116,      0.558,      0.344,      0.759,     -0.495,     -0.682,    β:       1.000
α:       0.119,      0.558,      0.342,      0.759,     -0.495,     -0.681,    β:       1.000
α:       0.116,      0.557,      0.343,      0.760,     -0.495,     -0.683,    β:       1.000
α:       0.118,      0.558,      0.341,      0.760,     -0.496,     -0.683,    β:       1.000
α:       0.120,      0.558,      0.345,      0.760,     -0.497,     -0.684,    β:       1.000
α:       0.123,      0.557,      0.345,      0.761,     -0.498,     -0.683,    β:       1.000
α:       0.122,      0.557,      0.343,      0.761,     -0.497,     -0.683,    β:       1.000
α:       0.123,      0.554,      0.339,      0.761,     -0.496,     -0.682,    β:       1.000
α:       0.119,      0.556,      0.341,      0.761,     -0.495,     -0.683,    β:       1.000
α:       0.122,      0.556,      0.342,      0.762,     -0.496,     -0.684,    β:       1.000
α:       0.120,      0.556,      0.343,      0.762,     -0.496,     -0.684,    β:       1.000
α:       0.121,      0.556,      0.342,      0.764,     -0.497,     -0.684,    β:       1.000
α:       0.118,      0.556,      0.343,      0.763,     -0.497,     -0.684,    β:       1.000
α:       0.120,      0.555,      0.342,      0.764,     -0.497,     -0.685,    β:       1.000
α:       0.120,      0.556,      0.341,      0.764,     -0.494,     -0.684,    β:       1.000
α:       0.118,      0.556,      0.341,      0.765,     -0.495,     -0.684,    β:       1.000
α:       0.115,      0.559,      0.340,      0.764,     -0.494,     -0.685,    β:       1.000
α:       0.114,      0.559,      0.341,      0.765,     -0.494,     -0.685,    β:       1.000
α:       0.113,      0.560,      0.338,      0.766,     -0.493,     -0.683,    β:       1.000
α:       0.110,      0.561,      0.338,      0.767,     -0.494,     -0.684,    β:       1.000
α:       0.111,      0.561,      0.338,      0.768,     -0.494,     -0.684,    β:       1.000
α:       0.110,      0.559,      0.339,      0.768,     -0.495,     -0.684,    β:       1.000
α:       0.113,      0.559,      0.339,      0.769,     -0.494,     -0.685,    β:       1.000
α:       0.113,      0.557,      0.339,      0.770,     -0.493,     -0.685,    β:       1.000
α:       0.115,      0.557,      0.340,      0.770,     -0.493,     -0.686,    β:       1.000
α:       0.114,      0.554,      0.340,      0.770,     -0.493,     -0.686,    β:       1.000
α:       0.114,      0.556,      0.338,      0.771,     -0.492,     -0.686,    β:       1.000
α:       0.116,      0.557,      0.337,      0.772,     -0.492,     -0.686,    β:       1.000
α:       0.117,      0.556,      0.335,      0.773,     -0.492,     -0.685,    β:       1.000
α:       0.118,      0.554,      0.336,      0.773,     -0.493,     -0.685,    β:       1.000
α:       0.118,      0.552,      0.338,      0.774,     -0.493,     -0.685,    β:       1.000
α:       0.111,      0.551,      0.336,      0.773,     -0.494,     -0.685,    β:       1.000
α:       0.112,      0.548,      0.336,      0.774,     -0.493,     -0.685,    β:       1.000
α:       0.114,      0.549,      0.338,      0.775,     -0.494,     -0.686,    β:       1.000
α:       0.113,      0.547,      0.338,      0.776,     -0.494,     -0.686,    β:       1.000
α:       0.114,      0.547,      0.338,      0.777,     -0.494,     -0.685,    β:       1.000
α:       0.112,      0.545,      0.339,      0.777,     -0.493,     -0.685,    β:       1.000
α:       0.115,      0.545,      0.340,      0.776,     -0.492,     -0.686,    β:       1.000
α:       0.117,      0.548,      0.341,      0.776,     -0.493,     -0.687,    β:       1.000
α:       0.118,      0.549,      0.339,      0.777,     -0.493,     -0.687,    β:       1.000
α:       0.114,      0.548,      0.339,      0.778,     -0.494,     -0.687,    β:       1.000
α:       0.116,      0.548,      0.340,      0.779,     -0.495,     -0.687,    β:       1.000
α:       0.114,      0.549,      0.340,      0.779,     -0.495,     -0.689,    β:       1.000
α:       0.115,      0.549,      0.339,      0.779,     -0.495,     -0.689,    β:       1.000
α:       0.116,      0.549,      0.340,      0.780,     -0.494,     -0.689,    β:       1.000
α:       0.115,      0.551,      0.340,      0.780,     -0.494,     -0.690,    β:       1.000
α:       0.117,      0.551,      0.342,      0.781,     -0.495,     -0.691,    β:       1.000
α:       0.118,      0.550,      0.344,      0.782,     -0.495,     -0.691,    β:       1.000
α:       0.118,      0.550,      0.343,      0.782,     -0.495,     -0.691,    β:       1.000
α:       0.115,      0.550,      0.342,      0.782,     -0.493,     -0.690,    β:       1.000
α:       0.110,      0.548,      0.343,      0.781,     -0.493,     -0.690,    β:       1.000
α:       0.114,      0.550,      0.343,      0.783,     -0.493,     -0.691,    β:       1.000
α:       0.113,      0.550,      0.346,      0.782,     -0.493,     -0.691,    β:       1.000
α:       0.118,      0.550,      0.346,      0.783,     -0.492,     -0.691,    β:       1.000
α:       0.121,      0.551,      0.344,      0.783,     -0.492,     -0.691,    β:       1.000
α:       0.120,      0.550,      0.342,      0.784,     -0.493,     -0.690,    β:       1.000
α:       0.123,      0.551,      0.342,      0.785,     -0.493,     -0.691,    β:       1.000
α:       0.124,      0.552,      0.341,      0.786,     -0.494,     -0.690,    β:       1.000
α:       0.122,      0.551,      0.341,      0.785,     -0.493,     -0.691,    β:       1.000
α:       0.122,      0.551,      0.343,      0.785,     -0.493,     -0.690,    β:       1.000
α:       0.121,      0.553,      0.345,      0.785,     -0.494,     -0.692,    β:       1.000
α:       0.121,      0.553,      0.345,      0.786,     -0.494,     -0.692,    β:       1.000
α:       0.121,      0.552,      0.341,      0.786,     -0.493,     -0.692,    β:       1.000
α:       0.118,      0.552,      0.341,      0.787,     -0.493,     -0.692,    β:       1.000
α:       0.120,      0.555,      0.341,      0.787,     -0.493,     -0.692,    β:       1.000
α:       0.119,      0.553,      0.339,      0.787,     -0.492,     -0.692,    β:       1.000
α:       0.118,      0.554,      0.338,      0.787,     -0.492,     -0.693,    β:       1.000
α:       0.117,      0.554,      0.337,      0.787,     -0.491,     -0.692,    β:       1.000
α:       0.117,      0.554,      0.338,      0.787,     -0.492,     -0.692,    β:       1.000
α:       0.120,      0.555,      0.341,      0.788,     -0.493,     -0.693,    β:       1.000
α:       0.118,      0.554,      0.340,      0.786,     -0.492,     -0.692,    β:       1.000
α:       0.118,      0.553,      0.341,      0.786,     -0.492,     -0.692,    β:       1.000
α:       0.118,      0.552,      0.341,      0.786,     -0.492,     -0.691,    β:       1.000
α:       0.118,      0.551,      0.342,      0.788,     -0.492,     -0.692,    β:       1.000
α:       0.117,      0.551,      0.342,      0.788,     -0.492,     -0.692,    β:       1.000
α:       0.118,      0.552,      0.344,      0.789,     -0.493,     -0.693,    β:       1.000
α:       0.117,      0.551,      0.344,      0.789,     -0.493,     -0.693,    β:       1.000
α:       0.118,      0.552,      0.344,      0.790,     -0.495,     -0.694,    β:       1.000
α:       0.121,      0.552,      0.341,      0.790,     -0.494,     -0.693,    β:       1.000
α:       0.117,      0.551,      0.341,      0.790,     -0.493,     -0.693,    β:       1.000
α:       0.116,      0.553,      0.342,      0.790,     -0.493,     -0.695,    β:       1.000
α:       0.119,      0.553,      0.343,      0.791,     -0.493,     -0.695,    β:       1.000
α:       0.116,      0.551,      0.343,      0.791,     -0.493,     -0.696,    β:       1.000
α:       0.112,      0.552,      0.343,      0.791,     -0.492,     -0.695,    β:       1.000
α:       0.113,      0.552,      0.342,      0.791,     -0.492,     -0.695,    β:       1.000
α:       0.114,      0.553,      0.341,      0.793,     -0.492,     -0.695,    β:       1.000
α:       0.115,      0.554,      0.340,      0.793,     -0.492,     -0.694,    β:       1.000
α:       0.116,      0.553,      0.342,      0.793,     -0.492,     -0.694,    β:       1.000
α:       0.115,      0.554,      0.344,      0.793,     -0.492,     -0.694,    β:       1.000
α:       0.113,      0.552,      0.344,      0.794,     -0.492,     -0.695,    β:       1.000
α:       0.115,      0.552,      0.349,      0.794,     -0.493,     -0.695,    β:       1.000
α:       0.117,      0.553,      0.346,      0.795,     -0.494,     -0.695,    β:       1.000
α:       0.116,      0.553,      0.345,      0.795,     -0.494,     -0.695,    β:       1.000
α:       0.119,      0.555,      0.343,      0.796,     -0.494,     -0.695,    β:       1.000
α:       0.118,      0.555,      0.342,      0.796,     -0.493,     -0.695,    β:       1.000
α:       0.119,      0.555,      0.344,      0.797,     -0.494,     -0.696,    β:       1.000
α:       0.116,      0.553,      0.346,      0.797,     -0.495,     -0.696,    β:       1.000
α:       0.115,      0.554,      0.349,      0.797,     -0.495,     -0.697,    β:       1.000
α:       0.113,      0.552,      0.351,      0.796,     -0.494,     -0.697,    β:       1.000
α:       0.115,      0.553,      0.353,      0.796,     -0.495,     -0.697,    β:       1.000
α:       0.112,      0.551,      0.351,      0.795,     -0.493,     -0.698,    β:       1.000
α:       0.116,      0.552,      0.353,      0.796,     -0.494,     -0.698,    β:       1.000
α:       0.112,      0.550,      0.356,      0.795,     -0.493,     -0.699,    β:       1.000
α:       0.114,      0.550,      0.354,      0.795,     -0.493,     -0.697,    β:       1.000
α:       0.115,      0.551,      0.350,      0.794,     -0.494,     -0.698,    β:       1.000
α:       0.114,      0.553,      0.349,      0.794,     -0.494,     -0.698,    β:       1.000
α:       0.112,      0.554,      0.347,      0.794,     -0.492,     -0.699,    β:       1.000
α:       0.110,      0.553,      0.345,      0.794,     -0.492,     -0.699,    β:       1.000
α:       0.111,      0.554,      0.342,      0.794,     -0.492,     -0.699,    β:       1.000
α:       0.113,      0.554,      0.342,      0.793,     -0.492,     -0.699,    β:       1.000
α:       0.115,      0.554,      0.342,      0.793,     -0.493,     -0.700,    β:       1.000
α:       0.120,      0.552,      0.343,      0.792,     -0.493,     -0.700,    β:       1.000
α:       0.121,      0.552,      0.344,      0.793,     -0.492,     -0.700,    β:       1.000
α:       0.119,      0.553,      0.346,      0.793,     -0.493,     -0.701,    β:       1.000
α:       0.113,      0.551,      0.345,      0.792,     -0.491,     -0.701,    β:       1.000
α:       0.113,      0.553,      0.342,      0.790,     -0.490,     -0.701,    β:       1.000
α:       0.117,      0.553,      0.344,      0.791,     -0.490,     -0.701,    β:       1.000
α:       0.118,      0.553,      0.343,      0.792,     -0.490,     -0.700,    β:       1.000
α:       0.122,      0.553,      0.342,      0.792,     -0.491,     -0.701,    β:       1.000
α:       0.119,      0.552,      0.343,      0.792,     -0.492,     -0.701,    β:       1.000
α:       0.120,      0.554,      0.346,      0.792,     -0.492,     -0.702,    β:       1.000
α:       0.119,      0.554,      0.347,      0.793,     -0.492,     -0.703,    β:       1.000
α:       0.118,      0.553,      0.350,      0.792,     -0.493,     -0.703,    β:       1.000
α:       0.117,      0.552,      0.351,      0.793,     -0.493,     -0.703,    β:       1.000
α:       0.117,      0.551,      0.354,      0.793,     -0.494,     -0.703,    β:       1.000
α:       0.118,      0.549,      0.353,      0.793,     -0.493,     -0.703,    β:       1.000
α:       0.119,      0.549,      0.355,      0.793,     -0.494,     -0.703,    β:       1.000
α:       0.117,      0.549,      0.351,      0.793,     -0.493,     -0.701,    β:       1.000
α:       0.114,      0.549,      0.351,      0.792,     -0.491,     -0.701,    β:       1.000
α:       0.115,      0.550,      0.348,      0.792,     -0.491,     -0.701,    β:       1.000
α:       0.116,      0.549,      0.349,      0.793,     -0.491,     -0.702,    β:       1.000
α:       0.116,      0.550,      0.349,      0.793,     -0.490,     -0.702,    β:       1.000
α:       0.117,      0.550,      0.350,      0.793,     -0.490,     -0.703,    β:       1.000
α:       0.117,      0.552,      0.350,      0.793,     -0.491,     -0.704,    β:       1.000
α:       0.117,      0.553,      0.348,      0.794,     -0.490,     -0.703,    β:       1.000
α:       0.115,      0.553,      0.347,      0.793,     -0.490,     -0.704,    β:       1.000
α:       0.112,      0.552,      0.347,      0.793,     -0.489,     -0.704,    β:       1.000
α:       0.111,      0.553,      0.348,      0.792,     -0.488,     -0.703,    β:       1.000
α:       0.111,      0.553,      0.345,      0.792,     -0.488,     -0.703,    β:       1.000
α:       0.113,      0.552,      0.345,      0.793,     -0.489,     -0.704,    β:       1.000
α:       0.110,      0.551,      0.344,      0.792,     -0.489,     -0.704,    β:       1.000
α:       0.113,      0.553,      0.342,      0.793,     -0.489,     -0.704,    β:       1.000
α:       0.115,      0.552,      0.343,      0.793,     -0.488,     -0.703,    β:       1.000
α:       0.113,      0.550,      0.341,      0.793,     -0.488,     -0.702,    β:       1.000
α:       0.115,      0.550,      0.337,      0.793,     -0.487,     -0.702,    β:       1.000
α:       0.115,      0.551,      0.336,      0.794,     -0.486,     -0.702,    β:       1.000
α:       0.117,      0.553,      0.339,      0.795,     -0.486,     -0.702,    β:       1.000
α:       0.115,      0.555,      0.337,      0.795,     -0.487,     -0.703,    β:       1.000
α:       0.116,      0.555,      0.338,      0.796,     -0.487,     -0.703,    β:       1.000
α:       0.112,      0.555,      0.338,      0.795,     -0.487,     -0.703,    β:       1.000
α:       0.115,      0.554,      0.338,      0.796,     -0.488,     -0.703,    β:       1.000
α:       0.111,      0.554,      0.340,      0.794,     -0.487,     -0.703,    β:       1.000
α:       0.108,      0.552,      0.338,      0.795,     -0.488,     -0.703,    β:       1.000
α:       0.110,      0.550,      0.339,      0.794,     -0.487,     -0.703,    β:       1.000
α:       0.111,      0.550,      0.340,      0.794,     -0.487,     -0.704,    β:       1.000
α:       0.111,      0.550,      0.339,      0.796,     -0.487,     -0.704,    β:       1.000
α:       0.112,      0.550,      0.338,      0.795,     -0.488,     -0.704,    β:       1.000
α:       0.113,      0.550,      0.341,      0.795,     -0.488,     -0.704,    β:       1.000
α:       0.112,      0.550,      0.343,      0.795,     -0.488,     -0.704,    β:       1.000
α:       0.112,      0.551,      0.342,      0.794,     -0.488,     -0.704,    β:       1.000
α:       0.114,      0.551,      0.341,      0.795,     -0.489,     -0.704,    β:       1.000
α:       0.114,      0.549,      0.339,      0.795,     -0.488,     -0.704,    β:       1.000
α:       0.112,      0.550,      0.341,      0.794,     -0.486,     -0.705,    β:       1.000
α:       0.113,      0.548,      0.344,      0.794,     -0.486,     -0.705,    β:       1.000
α:       0.117,      0.548,      0.345,      0.795,     -0.487,     -0.706,    β:       1.000
α:       0.118,      0.548,      0.345,      0.794,     -0.486,     -0.707,    β:       1.000
α:       0.118,      0.546,      0.344,      0.794,     -0.486,     -0.707,    β:       1.000
α:       0.118,      0.550,      0.345,      0.795,     -0.486,     -0.708,    β:       1.000
α:       0.118,      0.549,      0.344,      0.795,     -0.486,     -0.708,    β:       1.000
α:       0.119,      0.548,      0.342,      0.795,     -0.486,     -0.708,    β:       1.000
α:       0.120,      0.547,      0.341,      0.795,     -0.485,     -0.707,    β:       1.000
α:       0.117,      0.547,      0.345,      0.795,     -0.486,     -0.708,    β:       1.000
α:       0.116,      0.547,      0.346,      0.796,     -0.486,     -0.708,    β:       1.000
α:       0.115,      0.549,      0.344,      0.796,     -0.486,     -0.708,    β:       1.000
α:       0.118,      0.549,      0.343,      0.796,     -0.486,     -0.708,    β:       1.000
α:       0.121,      0.551,      0.346,      0.798,     -0.487,     -0.708,    β:       1.000
α:       0.121,      0.552,      0.347,      0.798,     -0.488,     -0.709,    β:       1.000
α:       0.125,      0.550,      0.348,      0.799,     -0.489,     -0.709,    β:       1.000
α:       0.121,      0.551,      0.345,      0.798,     -0.489,     -0.708,    β:       1.000
α:       0.119,      0.548,      0.348,      0.798,     -0.489,     -0.709,    β:       1.000
α:       0.113,      0.545,      0.347,      0.797,     -0.489,     -0.709,    β:       1.000
α:       0.112,      0.545,      0.345,      0.797,     -0.487,     -0.710,    β:       1.000
α:       0.109,      0.547,      0.345,      0.798,     -0.487,     -0.710,    β:       1.000
α:       0.111,      0.548,      0.345,      0.799,     -0.488,     -0.709,    β:       1.000
α:       0.110,      0.546,      0.344,      0.799,     -0.488,     -0.709,    β:       1.000
α:       0.113,      0.546,      0.344,      0.799,     -0.488,     -0.708,    β:       1.000
α:       0.114,      0.549,      0.345,      0.800,     -0.488,     -0.709,    β:       1.000
α:       0.114,      0.549,      0.342,      0.800,     -0.487,     -0.708,    β:       1.000
α:       0.119,      0.549,      0.340,      0.800,     -0.487,     -0.708,    β:       1.000
α:       0.116,      0.549,      0.337,      0.801,     -0.486,     -0.707,    β:       1.000
α:       0.113,      0.547,      0.338,      0.800,     -0.486,     -0.707,    β:       1.000
α:       0.116,      0.548,      0.338,      0.800,     -0.487,     -0.707,    β:       1.000
α:       0.114,      0.547,      0.338,      0.799,     -0.487,     -0.707,    β:       1.000
α:       0.115,      0.546,      0.337,      0.800,     -0.487,     -0.706,    β:       1.000
α:       0.115,      0.546,      0.341,      0.800,     -0.488,     -0.707,    β:       1.000
α:       0.114,      0.544,      0.342,      0.800,     -0.488,     -0.707,    β:       1.000
α:       0.114,      0.545,      0.342,      0.801,     -0.488,     -0.708,    β:       1.000
α:       0.114,      0.543,      0.341,      0.801,     -0.488,     -0.707,    β:       1.000
α:       0.114,      0.546,      0.343,      0.800,     -0.487,     -0.708,    β:       1.000
α:       0.113,      0.546,      0.345,      0.800,     -0.488,     -0.708,    β:       1.000
α:       0.115,      0.546,      0.346,      0.801,     -0.488,     -0.709,    β:       1.000
α:       0.114,      0.543,      0.346,      0.801,     -0.488,     -0.709,    β:       1.000
α:       0.113,      0.542,      0.348,      0.799,     -0.489,     -0.709,    β:       1.000
α:       0.116,      0.543,      0.349,      0.800,     -0.489,     -0.709,    β:       1.000
α:       0.114,      0.543,      0.346,      0.800,     -0.488,     -0.709,    β:       1.000
α:       0.115,      0.542,      0.345,      0.800,     -0.488,     -0.709,    β:       1.000
α:       0.117,      0.544,      0.346,      0.800,     -0.488,     -0.709,    β:       1.000
α:       0.111,      0.541,      0.342,      0.799,     -0.486,     -0.709,    β:       1.000
α:       0.111,      0.541,      0.343,      0.799,     -0.485,     -0.708,    β:       1.000
α:       0.111,      0.543,      0.340,      0.799,     -0.485,     -0.707,    β:       1.000
α:       0.111,      0.544,      0.340,      0.799,     -0.485,     -0.707,    β:       1.000
α:       0.113,      0.545,      0.340,      0.799,     -0.486,     -0.708,    β:       1.000
α:       0.114,      0.545,      0.343,      0.800,     -0.486,     -0.708,    β:       1.000
α:       0.113,      0.548,      0.344,      0.801,     -0.487,     -0.708,    β:       1.000
α:       0.118,      0.550,      0.346,      0.801,     -0.487,     -0.709,    β:       1.000
α:       0.117,      0.551,      0.347,      0.801,     -0.486,     -0.709,    β:       1.000
α:       0.116,      0.552,      0.345,      0.801,     -0.486,     -0.709,    β:       1.000
α:       0.121,      0.555,      0.344,      0.802,     -0.487,     -0.710,    β:       1.000
α:       0.123,      0.554,      0.345,      0.803,     -0.487,     -0.711,    β:       1.000
α:       0.121,      0.552,      0.347,      0.802,     -0.486,     -0.710,    β:       1.000
α:       0.120,      0.551,      0.347,      0.802,     -0.487,     -0.710,    β:       1.000
α:       0.118,      0.551,      0.348,      0.801,     -0.488,     -0.710,    β:       1.000
α:       0.119,      0.547,      0.348,      0.801,     -0.488,     -0.710,    β:       1.000
α:       0.120,      0.547,      0.349,      0.800,     -0.488,     -0.709,    β:       1.000
α:       0.121,      0.546,      0.348,      0.801,     -0.489,     -0.708,    β:       1.000
α:       0.120,      0.545,      0.346,      0.800,     -0.489,     -0.708,    β:       1.000
α:       0.119,      0.546,      0.345,      0.801,     -0.489,     -0.708,    β:       1.000
α:       0.117,      0.548,      0.347,      0.801,     -0.489,     -0.709,    β:       1.000
α:       0.119,      0.549,      0.349,      0.801,     -0.490,     -0.709,    β:       1.000
α:       0.118,      0.550,      0.349,      0.800,     -0.489,     -0.709,    β:       1.000
α:       0.119,      0.550,      0.351,      0.801,     -0.491,     -0.710,    β:       1.000
α:       0.120,      0.549,      0.352,      0.801,     -0.490,     -0.711,    β:       1.000
α:       0.121,      0.549,      0.348,      0.802,     -0.490,     -0.710,    β:       1.000
α:       0.121,      0.549,      0.346,      0.801,     -0.490,     -0.711,    β:       1.000
α:       0.118,      0.550,      0.347,      0.801,     -0.491,     -0.712,    β:       1.000
α:       0.119,      0.551,      0.347,      0.801,     -0.492,     -0.712,    β:       1.000
α:       0.118,      0.551,      0.346,      0.800,     -0.491,     -0.711,    β:       1.000
α:       0.118,      0.549,      0.346,      0.800,     -0.490,     -0.710,    β:       1.000
α:       0.122,      0.550,      0.344,      0.801,     -0.490,     -0.709,    β:       1.000
α:       0.123,      0.550,      0.347,      0.801,     -0.490,     -0.711,    β:       1.000
α:       0.122,      0.552,      0.347,      0.800,     -0.490,     -0.710,    β:       1.000
α:       0.122,      0.551,      0.347,      0.801,     -0.490,     -0.710,    β:       1.000
α:       0.118,      0.550,      0.345,      0.800,     -0.489,     -0.708,    β:       1.000
α:       0.120,      0.548,      0.347,      0.799,     -0.489,     -0.709,    β:       1.000
α:       0.122,      0.551,      0.346,      0.799,     -0.489,     -0.708,    β:       1.000
α:       0.119,      0.549,      0.348,      0.799,     -0.489,     -0.708,    β:       1.000
α:       0.120,      0.551,      0.352,      0.800,     -0.488,     -0.708,    β:       1.000
α:       0.122,      0.551,      0.353,      0.800,     -0.488,     -0.710,    β:       1.000
α:       0.124,      0.551,      0.352,      0.801,     -0.489,     -0.710,    β:       1.000
α:       0.123,      0.552,      0.354,      0.802,     -0.489,     -0.710,    β:       1.000
α:       0.122,      0.551,      0.352,      0.802,     -0.489,     -0.710,    β:       1.000
α:       0.120,      0.550,      0.351,      0.801,     -0.488,     -0.710,    β:       1.000
α:       0.118,      0.549,      0.350,      0.802,     -0.488,     -0.710,    β:       1.000
α:       0.122,      0.550,      0.346,      0.803,     -0.488,     -0.710,    β:       1.000
α:       0.119,      0.550,      0.346,      0.803,     -0.487,     -0.711,    β:       1.000
α:       0.116,      0.548,      0.347,      0.801,     -0.488,     -0.711,    β:       1.000
α:       0.118,      0.547,      0.346,      0.802,     -0.488,     -0.710,    β:       1.000
