α:       1.711,      0.707,      0.917,      0.845,      0.676,      2.614,      2.041,      0.928,      0.552,      0.481,      0.994,      1.451,      0.533,      0.592,     -0.094,      0.153,      0.461,     -0.534,      0.161,     -0.122,     -0.057,     -0.038,     -0.240,     -0.019,     -0.112,      0.437,      0.298,      0.150,      0.096,      0.377,      0.226,     -0.008,      0.348,      0.504,      0.359
α:       1.738,      0.736,      1.014,      0.860,      0.437,      3.366,      2.263,      1.163,      0.534,      0.396,      0.983,      1.886,      0.321,      0.428,     -0.053,      0.133,      0.497,     -0.902,      0.079,     -0.254,     -0.055,     -0.029,     -0.267,     -0.020,     -0.116,      0.405,      0.270,      0.123,      0.073,      0.346,      0.228,     -0.007,      0.350,      0.595,      0.243
α:       1.808,      0.757,      1.025,      0.886,      0.351,      3.442,      2.346,      1.165,      0.516,      0.383,      0.943,      2.037,      0.260,      0.375,     -0.035,      0.116,      0.451,     -1.014,      0.035,     -0.293,     -0.055,     -0.022,     -0.274,     -0.019,     -0.117,      0.392,      0.271,      0.119,      0.073,      0.353,      0.215,     -0.004,      0.358,      0.626,      0.212
α:       1.841,      0.769,      1.023,      0.897,      0.316,      3.480,      2.385,      1.154,      0.508,      0.381,      0.928,      2.084,      0.236,      0.347,     -0.030,      0.108,      0.437,     -1.044,      0.022,     -0.300,     -0.053,     -0.021,     -0.276,     -0.019,     -0.118,      0.387,      0.275,      0.121,      0.075,      0.355,      0.217,     -0.002,      0.363,      0.630,      0.197
α:       1.852,      0.775,      1.024,      0.898,      0.305,      3.497,      2.407,      1.153,      0.503,      0.382,      0.923,      2.092,      0.222,      0.328,     -0.027,      0.111,      0.432,     -1.053,      0.017,     -0.303,     -0.052,     -0.020,     -0.277,     -0.020,     -0.114,      0.388,      0.270,      0.119,      0.072,      0.356,      0.214,     -0.000,      0.362,      0.627,      0.190
α:       1.858,      0.777,      1.024,      0.900,      0.303,      3.507,      2.422,      1.151,      0.502,      0.383,      0.924,      2.096,      0.216,      0.322,     -0.026,      0.109,      0.431,     -1.055,      0.015,     -0.306,     -0.057,     -0.019,     -0.278,     -0.021,     -0.115,      0.387,      0.275,      0.119,      0.074,      0.357,      0.215,      0.000,      0.364,      0.633,      0.186
α:       1.859,      0.780,      1.021,      0.903,      0.304,      3.515,      2.430,      1.160,      0.500,      0.382,      0.920,      2.092,      0.209,      0.321,     -0.025,      0.103,      0.431,     -1.058,      0.014,     -0.310,     -0.054,     -0.020,     -0.278,     -0.021,     -0.120,      0.384,      0.278,      0.115,      0.078,      0.358,      0.211,      0.003,      0.362,      0.639,      0.185
α:       1.859,      0.783,      1.019,      0.900,      0.304,      3.518,      2.436,      1.153,      0.498,      0.382,      0.919,      2.095,      0.204,      0.314,     -0.027,      0.103,      0.431,     -1.055,      0.013,     -0.305,     -0.052,     -0.022,     -0.276,     -0.021,     -0.119,      0.383,      0.280,      0.114,      0.077,      0.359,      0.204,      0.003,      0.357,      0.634,      0.182
α:       1.856,      0.783,      1.018,      0.904,      0.305,      3.523,      2.432,      1.146,      0.500,      0.384,      0.921,      2.092,      0.206,      0.317,     -0.026,      0.113,      0.432,     -1.052,      0.018,     -0.309,     -0.053,     -0.021,     -0.277,     -0.019,     -0.123,      0.387,      0.268,      0.120,      0.072,      0.354,      0.214,     -0.003,      0.358,      0.639,      0.181
α:       1.864,      0.783,      1.017,      0.904,      0.306,      3.522,      2.431,      1.152,      0.497,      0.386,      0.917,      2.092,      0.203,      0.308,     -0.024,      0.122,      0.431,     -1.053,      0.015,     -0.301,     -0.053,     -0.020,     -0.280,     -0.020,     -0.121,      0.390,      0.263,      0.116,      0.072,      0.357,      0.209,      0.002,      0.359,      0.629,      0.180
    LP MI:      353.0404
   SLR MI:      227.8254
SLR_LP MI:      439.9946
    LP R2:        0.5599
    LR R2:        0.3110
   SLR R2:        0.2766
 LR_LP R2:        0.6567
SLR_LP R2:        0.5975
