α:       1.710,      0.707,      0.918,      0.844,      0.678,      2.614,      2.040,      0.927,      0.552,      0.480,      0.994,      1.450,      0.535,      0.591,     -0.094,      0.150,      0.460,     -0.533,      0.160,     -0.122,     -0.054,     -0.038,     -0.240,     -0.019,     -0.112,      0.435,      0.299,      0.152,      0.094,      0.377,      0.228,     -0.009,      0.350,      0.503,      0.359
α:       1.736,      0.736,      1.014,      0.859,      0.438,      3.364,      2.263,      1.163,      0.534,      0.396,      0.983,      1.886,      0.323,      0.428,     -0.053,      0.136,      0.497,     -0.903,      0.078,     -0.253,     -0.056,     -0.028,     -0.267,     -0.021,     -0.116,      0.407,      0.266,      0.125,      0.073,      0.345,      0.230,     -0.006,      0.353,      0.594,      0.245
α:       1.804,      0.757,      1.025,      0.887,      0.349,      3.446,      2.346,      1.163,      0.516,      0.384,      0.944,      2.035,      0.260,      0.376,     -0.035,      0.125,      0.451,     -1.013,      0.035,     -0.292,     -0.053,     -0.022,     -0.274,     -0.018,     -0.120,      0.396,      0.262,      0.117,      0.070,      0.354,      0.215,     -0.005,      0.357,      0.625,      0.211
α:       1.843,      0.768,      1.025,      0.896,      0.316,      3.478,      2.384,      1.156,      0.507,      0.382,      0.929,      2.079,      0.236,      0.349,     -0.029,      0.113,      0.435,     -1.044,      0.021,     -0.304,     -0.054,     -0.021,     -0.277,     -0.020,     -0.119,      0.390,      0.270,      0.117,      0.072,      0.357,      0.216,     -0.003,      0.364,      0.633,      0.197
α:       1.857,      0.775,      1.021,      0.897,      0.306,      3.498,      2.405,      1.151,      0.503,      0.382,      0.925,      2.095,      0.221,      0.332,     -0.028,      0.115,      0.433,     -1.052,      0.016,     -0.304,     -0.051,     -0.021,     -0.276,     -0.021,     -0.119,      0.389,      0.267,      0.116,      0.073,      0.357,      0.215,      0.000,      0.364,      0.633,      0.190
α:       1.859,      0.778,      1.021,      0.905,      0.304,      3.508,      2.417,      1.148,      0.502,      0.383,      0.919,      2.097,      0.216,      0.325,     -0.029,      0.114,      0.432,     -1.053,      0.017,     -0.307,     -0.051,     -0.020,     -0.276,     -0.020,     -0.116,      0.387,      0.267,      0.121,      0.074,      0.355,      0.217,     -0.000,      0.363,      0.635,      0.186
α:       1.859,      0.780,      1.020,      0.900,      0.305,      3.515,      2.432,      1.153,      0.501,      0.382,      0.920,      2.093,      0.214,      0.315,     -0.027,      0.109,      0.431,     -1.055,      0.014,     -0.307,     -0.048,     -0.021,     -0.278,     -0.021,     -0.114,      0.386,      0.271,      0.121,      0.070,      0.357,      0.218,     -0.002,      0.368,      0.629,      0.185
α:       1.863,      0.780,      1.018,      0.901,      0.306,      3.518,      2.432,      1.151,      0.500,      0.383,      0.921,      2.090,      0.202,      0.320,     -0.023,      0.106,      0.432,     -1.054,      0.018,     -0.305,     -0.054,     -0.019,     -0.280,     -0.021,     -0.124,      0.385,      0.276,      0.114,      0.081,      0.355,      0.205,      0.004,      0.349,      0.640,      0.182
α:       1.868,      0.782,      1.019,      0.902,      0.308,      3.519,      2.433,      1.153,      0.498,      0.384,      0.919,      2.085,      0.206,      0.311,     -0.024,      0.107,      0.430,     -1.054,      0.014,     -0.303,     -0.054,     -0.019,     -0.278,     -0.021,     -0.118,      0.385,      0.274,      0.116,      0.080,      0.355,      0.212,      0.005,      0.362,      0.632,      0.182
α:       1.865,      0.783,      1.019,      0.901,      0.307,      3.520,      2.438,      1.141,      0.497,      0.382,      0.923,      2.089,      0.202,      0.311,     -0.027,      0.112,      0.431,     -1.050,      0.017,     -0.296,     -0.045,     -0.020,     -0.276,     -0.021,     -0.123,      0.387,      0.262,      0.114,      0.078,      0.352,      0.209,      0.008,      0.355,      0.633,      0.182
    LP MI:        0.0155
   SLR MI:        0.4853
SLR_LP MI:        0.4854
    LP AC:        0.0059
    LR AC:        0.5545
   SLR AC:        0.5421
 LR_LP AC:        0.5562
SLR_LP AC:        0.5438
   GNN AC:        0.5045
GNN_LP AC:        0.5046

    LP MI:        0.0228
   SLR MI:        0.4892
SLR_LP MI:        0.4897
    LP AC:        0.0129
    LR AC:        0.5664
   SLR AC:        0.5580
 LR_LP AC:        0.5687
SLR_LP AC:        0.5603
   GNN AC:        0.5613
GNN_LP AC:        0.5617

    LP MI:        0.0331
   SLR MI:        0.4876
SLR_LP MI:        0.4880
    LP AC:        0.0169
    LR AC:        0.5486
   SLR AC:        0.5391
 LR_LP AC:        0.5526
SLR_LP AC:        0.5433
   GNN AC:        0.5920
GNN_LP AC:        0.5928

    LP MI:        0.0439
   SLR MI:        0.4985
SLR_LP MI:        0.4991
    LP AC:        0.0199
    LR AC:        0.5789
   SLR AC:        0.5703
 LR_LP AC:        0.5844
SLR_LP AC:        0.5758
   GNN AC:        0.6548
GNN_LP AC:        0.6562

    LP MI:        0.0556
   SLR MI:        0.5008
SLR_LP MI:        0.5015
    LP AC:        0.0276
    LR AC:        0.5429
   SLR AC:        0.5334
 LR_LP AC:        0.5495
SLR_LP AC:        0.5401
   GNN AC:        0.6433
GNN_LP AC:        0.6450

    LP MI:        0.0587
   SLR MI:        0.5026
SLR_LP MI:        0.5034
    LP AC:        0.0323
    LR AC:        0.5785
   SLR AC:        0.5696
 LR_LP AC:        0.5862
SLR_LP AC:        0.5772
   GNN AC:        0.6524
GNN_LP AC:        0.6543

