α:       2.509,      2.420,      1.748,      1.350,      1.791,      2.059,      1.158,      1.316,      0.503,      1.655,      0.370,      1.810,      0.822,      0.000,     -0.737,     -0.099,      0.475,     -0.383,     -0.168,      0.125,      0.883,      0.244,     -0.046,      0.135,      0.162,      0.926,     -0.036
α:       2.826,      2.607,      1.870,      0.772,      1.931,      2.045,      2.461,      2.057,      0.387,      3.283,      0.263,      2.454,      1.606,     -0.157,     -2.074,     -0.233,      0.524,     -0.463,     -0.544,      0.067,      1.457,      0.224,     -0.051,     -0.029,      0.285,      1.382,      0.025
α:       2.977,      2.527,      1.931,      0.456,      1.998,      2.189,      3.370,      2.267,      0.328,      5.058,      0.229,      2.729,      1.814,     -0.238,     -3.444,     -0.356,     -0.030,     -0.472,     -0.723,      0.038,      1.582,      0.213,     -0.026,     -0.120,      0.483,      2.032,      0.144
α:       3.153,      2.537,      1.963,      0.272,      2.052,      2.299,      4.005,      2.211,      0.288,      6.512,      0.215,      2.858,      1.837,     -0.282,     -4.507,     -0.454,     -0.586,     -0.466,     -0.858,      0.022,      1.480,      0.226,     -0.015,     -0.154,      0.648,      2.624,      0.243
α:       3.253,      2.560,      1.998,      0.173,      2.047,      2.378,      4.338,      2.177,      0.270,      7.391,      0.201,      2.889,      1.839,     -0.320,     -5.123,     -0.496,     -0.924,     -0.472,     -0.965,      0.009,      1.378,      0.265,     -0.010,     -0.151,      0.717,      2.964,      0.280
α:       3.311,      2.575,      2.016,      0.120,      2.066,      2.429,      4.530,      2.129,      0.257,      7.810,      0.205,      2.889,      1.838,     -0.310,     -5.446,     -0.569,     -1.121,     -0.465,     -1.032,     -0.015,      1.291,      0.251,     -0.010,     -0.155,      0.813,      3.143,      0.317
α:       3.334,      2.596,      2.023,      0.089,      2.087,      2.444,      4.625,      2.079,      0.252,      8.021,      0.187,      2.868,      1.809,     -0.317,     -5.601,     -0.540,     -1.185,     -0.459,     -1.026,     -0.003,      1.265,      0.262,     -0.013,     -0.150,      0.778,      3.198,      0.308
α:       3.353,      2.591,      2.023,      0.069,      2.103,      2.473,      4.645,      2.064,      0.250,      8.090,      0.183,      2.868,      1.813,     -0.317,     -5.651,     -0.533,     -1.226,     -0.459,     -1.052,      0.005,      1.238,      0.261,     -0.015,     -0.151,      0.780,      3.234,      0.322
α:       3.366,      2.599,      2.020,      0.056,      2.092,      2.471,      4.584,      2.077,      0.251,      8.148,      0.186,      2.857,      1.800,     -0.310,     -5.634,     -0.566,     -1.230,     -0.463,     -1.048,     -0.018,      1.240,      0.254,     -0.013,     -0.157,      0.820,      3.255,      0.322
α:       3.374,      2.598,      2.040,      0.046,      2.105,      2.486,      4.599,      2.064,      0.253,      8.167,      0.180,      2.858,      1.797,     -0.308,     -5.652,     -0.549,     -1.243,     -0.465,     -1.046,     -0.008,      1.230,      0.246,     -0.017,     -0.161,      0.805,      3.269,      0.324
    LP MI:        0.0252
   SLR MI:        0.0678
SLR_LP MI:        0.0854
    LP AC:        0.1063
    LR AC:       -0.0254
   SLR AC:       -0.0346
 LR_LP AC:       -0.0049
SLR_LP AC:       -0.0105
   GNN AC:        0.0872
GNN_LP AC:        0.0872

    LP MI:        0.0470
   SLR MI:        0.0657
SLR_LP MI:        0.1013
    LP AC:        0.2332
    LR AC:        0.1676
   SLR AC:        0.1564
 LR_LP AC:        0.3403
SLR_LP AC:        0.2923
   GNN AC:       -0.1081
GNN_LP AC:       -0.0765

    LP MI:        0.0742
   SLR MI:        0.0656
SLR_LP MI:        0.1203
    LP AC:        0.2130
    LR AC:        0.1747
   SLR AC:        0.1375
 LR_LP AC:        0.3535
SLR_LP AC:        0.2885
   GNN AC:        0.0356
GNN_LP AC:        0.0356

    LP MI:        0.0965
   SLR MI:        0.0753
SLR_LP MI:        0.1443
    LP AC:        0.3696
    LR AC:        0.1980
   SLR AC:        0.1795
 LR_LP AC:        0.5073
SLR_LP AC:        0.4235
   GNN AC:        0.2670
GNN_LP AC:        0.3403

    LP MI:        0.1228
   SLR MI:        0.0794
SLR_LP MI:        0.1633
    LP AC:        0.3756
    LR AC:        0.1842
   SLR AC:        0.1618
 LR_LP AC:        0.4965
SLR_LP AC:        0.4375
   GNN AC:        0.0714
GNN_LP AC:        0.1722

    LP MI:        0.1397
   SLR MI:        0.0811
SLR_LP MI:        0.1826
    LP AC:        0.3997
    LR AC:        0.1336
   SLR AC:        0.0958
 LR_LP AC:        0.4622
SLR_LP AC:        0.3946
   GNN AC:        0.2622
GNN_LP AC:        0.3483

