α:       2.509,      2.420,      1.748,      1.350,      1.791,      2.059,      1.158,      1.316,      0.503,      1.655,      0.370,      1.810,      0.822,      0.000,     -0.737,     -0.099,      0.475,     -0.383,     -0.168,      0.125,      0.883,      0.244,     -0.046,      0.135,      0.162,      0.926,     -0.036
α:       2.826,      2.607,      1.870,      0.772,      1.931,      2.045,      2.461,      2.057,      0.387,      3.283,      0.263,      2.454,      1.606,     -0.157,     -2.074,     -0.233,      0.524,     -0.463,     -0.544,      0.067,      1.457,      0.224,     -0.051,     -0.029,      0.285,      1.382,      0.025
α:       2.977,      2.527,      1.931,      0.456,      1.998,      2.189,      3.370,      2.267,      0.328,      5.058,      0.229,      2.729,      1.814,     -0.238,     -3.444,     -0.356,     -0.030,     -0.472,     -0.723,      0.038,      1.582,      0.213,     -0.026,     -0.120,      0.483,      2.032,      0.144
α:       3.153,      2.537,      1.963,      0.272,      2.052,      2.299,      4.005,      2.211,      0.288,      6.512,      0.215,      2.858,      1.837,     -0.282,     -4.507,     -0.454,     -0.586,     -0.466,     -0.858,      0.022,      1.480,      0.226,     -0.015,     -0.154,      0.648,      2.624,      0.243
α:       3.253,      2.560,      1.998,      0.173,      2.047,      2.378,      4.338,      2.177,      0.270,      7.391,      0.201,      2.889,      1.839,     -0.320,     -5.123,     -0.496,     -0.924,     -0.472,     -0.965,      0.009,      1.378,      0.265,     -0.010,     -0.151,      0.717,      2.964,      0.280
α:       3.311,      2.575,      2.016,      0.120,      2.066,      2.429,      4.530,      2.129,      0.257,      7.810,      0.205,      2.889,      1.838,     -0.310,     -5.446,     -0.569,     -1.121,     -0.465,     -1.032,     -0.015,      1.291,      0.251,     -0.010,     -0.155,      0.813,      3.143,      0.317
α:       3.334,      2.596,      2.023,      0.089,      2.087,      2.444,      4.625,      2.079,      0.252,      8.021,      0.187,      2.868,      1.809,     -0.317,     -5.601,     -0.540,     -1.185,     -0.459,     -1.026,     -0.003,      1.265,      0.262,     -0.013,     -0.150,      0.778,      3.198,      0.308
α:       3.353,      2.591,      2.023,      0.069,      2.103,      2.473,      4.645,      2.064,      0.250,      8.090,      0.183,      2.868,      1.813,     -0.317,     -5.651,     -0.533,     -1.226,     -0.459,     -1.052,      0.005,      1.238,      0.261,     -0.015,     -0.151,      0.780,      3.234,      0.322
α:       3.366,      2.599,      2.020,      0.056,      2.092,      2.471,      4.584,      2.077,      0.251,      8.148,      0.186,      2.857,      1.800,     -0.310,     -5.634,     -0.566,     -1.230,     -0.463,     -1.048,     -0.018,      1.240,      0.254,     -0.013,     -0.157,      0.820,      3.255,      0.322
α:       3.374,      2.598,      2.040,      0.046,      2.105,      2.486,      4.599,      2.064,      0.253,      8.167,      0.180,      2.858,      1.797,     -0.308,     -5.652,     -0.549,     -1.243,     -0.465,     -1.046,     -0.008,      1.230,      0.246,     -0.017,     -0.161,      0.805,      3.269,      0.324
    LP MI:        0.0280
   SLR MI:        0.9329
SLR_LP MI:        0.9345
    LP AC:        0.0519
    LR AC:        0.7572
   SLR AC:        0.7941
 LR_LP AC:        0.7616
SLR_LP AC:        0.7973
   GNN AC:        0.6973
GNN_LP AC:        0.6973

    LP MI:        0.0614
   SLR MI:        0.9401
SLR_LP MI:        0.9439
    LP AC:        0.0850
    LR AC:        0.7454
   SLR AC:        0.7764
 LR_LP AC:        0.7582
SLR_LP AC:        0.7854
   GNN AC:        0.8336
GNN_LP AC:        0.8336

    LP MI:        0.1022
   SLR MI:        0.9600
SLR_LP MI:        0.9657
    LP AC:        0.1247
    LR AC:        0.8061
   SLR AC:        0.8291
 LR_LP AC:        0.8167
SLR_LP AC:        0.8360
   GNN AC:        0.8518
GNN_LP AC:        0.8525

    LP MI:        0.1195
   SLR MI:        0.9658
SLR_LP MI:        0.9734
    LP AC:        0.1707
    LR AC:        0.8172
   SLR AC:        0.8330
 LR_LP AC:        0.8375
SLR_LP AC:        0.8505
   GNN AC:        0.8886
GNN_LP AC:        0.8897

    LP MI:        0.1333
   SLR MI:        0.9742
SLR_LP MI:        0.9835
    LP AC:        0.2136
    LR AC:        0.7886
   SLR AC:        0.8191
 LR_LP AC:        0.8076
SLR_LP AC:        0.8354
   GNN AC:        0.8761
GNN_LP AC:        0.8779

    LP MI:        0.1453
   SLR MI:        0.9853
SLR_LP MI:        0.9978
    LP AC:        0.2036
    LR AC:        0.8229
   SLR AC:        0.8502
 LR_LP AC:        0.8534
SLR_LP AC:        0.8694
   GNN AC:        0.8890
GNN_LP AC:        0.8919

