α0:      0.985,      0.296,     -0.829,      0.409,      0.520,      0.585,    β0:      1.000
α:       0.149,      0.123,     -0.147,      0.046,      0.051,      0.045,    β:       1.000
α:       0.240,      0.190,     -0.237,      0.075,      0.083,      0.073,    β:       1.000
α:       0.307,      0.234,     -0.303,      0.096,      0.107,      0.093,    β:       1.000
α:       0.362,      0.268,     -0.356,      0.112,      0.127,      0.108,    β:       1.000
α:       0.408,      0.293,     -0.401,      0.126,      0.144,      0.121,    β:       1.000
α:       0.448,      0.314,     -0.440,      0.138,      0.159,      0.132,    β:       1.000
α:       0.484,      0.330,     -0.474,      0.149,      0.172,      0.141,    β:       1.000
α:       0.516,      0.344,     -0.505,      0.158,      0.184,      0.150,    β:       1.000
α:       0.545,      0.355,     -0.533,      0.166,      0.195,      0.157,    β:       1.000
α:       0.572,      0.365,     -0.558,      0.174,      0.205,      0.163,    β:       1.000
α:       0.596,      0.372,     -0.582,      0.181,      0.214,      0.169,    β:       1.000
α:       0.619,      0.379,     -0.603,      0.187,      0.223,      0.175,    β:       1.000
α:       0.640,      0.385,     -0.623,      0.193,      0.231,      0.180,    β:       1.000
α:       0.660,      0.390,     -0.642,      0.198,      0.239,      0.184,    β:       1.000
α:       0.679,      0.394,     -0.659,      0.203,      0.246,      0.188,    β:       1.000
α:       0.696,      0.397,     -0.675,      0.208,      0.252,      0.192,    β:       1.000
α:       0.713,      0.400,     -0.691,      0.212,      0.259,      0.196,    β:       1.000
α:       0.728,      0.402,     -0.705,      0.216,      0.265,      0.199,    β:       1.000
α:       0.743,      0.404,     -0.719,      0.220,      0.270,      0.202,    β:       1.000
α:       0.757,      0.406,     -0.732,      0.224,      0.276,      0.205,    β:       1.000
α:       0.770,      0.408,     -0.744,      0.228,      0.281,      0.207,    β:       1.000
α:       0.783,      0.409,     -0.755,      0.231,      0.286,      0.210,    β:       1.000
α:       0.795,      0.410,     -0.766,      0.234,      0.291,      0.212,    β:       1.000
α:       0.806,      0.411,     -0.776,      0.237,      0.295,      0.215,    β:       1.000
α:       0.817,      0.411,     -0.786,      0.240,      0.300,      0.217,    β:       1.000
α:       0.827,      0.411,     -0.796,      0.243,      0.304,      0.218,    β:       1.000
α:       0.837,      0.412,     -0.805,      0.246,      0.308,      0.220,    β:       1.000
α:       0.847,      0.412,     -0.813,      0.248,      0.312,      0.222,    β:       1.000
α:       0.856,      0.412,     -0.821,      0.251,      0.315,      0.224,    β:       1.000
α:       0.865,      0.412,     -0.829,      0.253,      0.319,      0.225,    β:       1.000
α:       0.873,      0.412,     -0.837,      0.255,      0.322,      0.227,    β:       1.000
α:       0.882,      0.412,     -0.844,      0.258,      0.326,      0.228,    β:       1.000
α:       0.889,      0.412,     -0.851,      0.260,      0.329,      0.230,    β:       1.000
α:       0.897,      0.412,     -0.857,      0.262,      0.332,      0.231,    β:       1.000
α:       0.904,      0.411,     -0.863,      0.264,      0.335,      0.232,    β:       1.000
α:       0.911,      0.411,     -0.869,      0.266,      0.338,      0.233,    β:       1.000
α:       0.918,      0.411,     -0.875,      0.268,      0.341,      0.234,    β:       1.000
α:       0.924,      0.411,     -0.880,      0.270,      0.343,      0.235,    β:       1.000
α:       0.930,      0.411,     -0.886,      0.271,      0.346,      0.236,    β:       1.000
α:       0.936,      0.410,     -0.891,      0.273,      0.349,      0.237,    β:       1.000
α:       0.942,      0.410,     -0.895,      0.275,      0.351,      0.238,    β:       1.000
α:       0.947,      0.410,     -0.900,      0.276,      0.353,      0.239,    β:       1.000
α:       0.953,      0.409,     -0.905,      0.278,      0.356,      0.240,    β:       1.000
α:       0.958,      0.409,     -0.909,      0.280,      0.358,      0.241,    β:       1.000
α:       0.963,      0.408,     -0.913,      0.281,      0.360,      0.242,    β:       1.000
α:       0.968,      0.408,     -0.917,      0.283,      0.362,      0.243,    β:       1.000
α:       0.972,      0.408,     -0.921,      0.284,      0.364,      0.243,    β:       1.000
α:       0.977,      0.408,     -0.925,      0.285,      0.366,      0.244,    β:       1.000
α:       0.981,      0.407,     -0.928,      0.287,      0.368,      0.245,    β:       1.000
α:       0.985,      0.407,     -0.932,      0.288,      0.370,      0.245,    β:       1.000
α:       0.989,      0.406,     -0.935,      0.290,      0.372,      0.246,    β:       1.000
α:       0.993,      0.406,     -0.939,      0.291,      0.374,      0.247,    β:       1.000
α:       0.997,      0.406,     -0.942,      0.292,      0.376,      0.247,    β:       1.000
α:       1.001,      0.405,     -0.945,      0.293,      0.377,      0.248,    β:       1.000
α:       1.005,      0.405,     -0.948,      0.294,      0.379,      0.248,    β:       1.000
α:       1.008,      0.404,     -0.951,      0.296,      0.381,      0.249,    β:       1.000
α:       1.011,      0.404,     -0.953,      0.297,      0.382,      0.249,    β:       1.000
α:       1.015,      0.404,     -0.956,      0.298,      0.384,      0.250,    β:       1.000
α:       1.018,      0.404,     -0.958,      0.299,      0.385,      0.250,    β:       1.000
α:       1.021,      0.403,     -0.961,      0.300,      0.387,      0.251,    β:       1.000
α:       1.024,      0.403,     -0.963,      0.301,      0.388,      0.251,    β:       1.000
α:       1.026,      0.403,     -0.965,      0.302,      0.390,      0.251,    β:       1.000
α:       1.029,      0.402,     -0.967,      0.303,      0.391,      0.252,    β:       1.000
α:       1.032,      0.402,     -0.969,      0.304,      0.392,      0.252,    β:       1.000
α:       1.034,      0.402,     -0.972,      0.305,      0.394,      0.253,    β:       1.000
α:       1.037,      0.402,     -0.974,      0.306,      0.395,      0.253,    β:       1.000
α:       1.039,      0.401,     -0.975,      0.307,      0.396,      0.253,    β:       1.000
α:       1.042,      0.401,     -0.977,      0.308,      0.398,      0.254,    β:       1.000
α:       1.044,      0.401,     -0.979,      0.309,      0.399,      0.254,    β:       1.000
α:       1.046,      0.401,     -0.981,      0.310,      0.400,      0.254,    β:       1.000
α:       1.048,      0.400,     -0.982,      0.311,      0.401,      0.255,    β:       1.000
α:       1.050,      0.400,     -0.984,      0.312,      0.402,      0.255,    β:       1.000
α:       1.052,      0.400,     -0.985,      0.313,      0.403,      0.255,    β:       1.000
α:       1.054,      0.400,     -0.987,      0.314,      0.404,      0.255,    β:       1.000
α:       1.056,      0.400,     -0.988,      0.315,      0.406,      0.256,    β:       1.000
α:       1.058,      0.400,     -0.990,      0.315,      0.407,      0.256,    β:       1.000
α:       1.060,      0.399,     -0.991,      0.316,      0.408,      0.256,    β:       1.000
α:       1.061,      0.399,     -0.992,      0.317,      0.409,      0.256,    β:       1.000
α:       1.063,      0.399,     -0.994,      0.318,      0.410,      0.257,    β:       1.000
α:       1.065,      0.399,     -0.995,      0.319,      0.411,      0.257,    β:       1.000
α:       1.066,      0.398,     -0.996,      0.319,      0.412,      0.257,    β:       1.000
α:       1.068,      0.398,     -0.997,      0.320,      0.413,      0.257,    β:       1.000
α:       1.070,      0.398,     -0.998,      0.321,      0.413,      0.257,    β:       1.000
α:       1.071,      0.398,     -0.999,      0.322,      0.414,      0.257,    β:       1.000
α:       1.072,      0.398,     -1.000,      0.322,      0.415,      0.258,    β:       1.000
α:       1.074,      0.397,     -1.001,      0.323,      0.416,      0.258,    β:       1.000
α:       1.075,      0.397,     -1.002,      0.324,      0.417,      0.258,    β:       1.000
α:       1.076,      0.397,     -1.003,      0.324,      0.418,      0.258,    β:       1.000
α:       1.078,      0.397,     -1.004,      0.325,      0.419,      0.258,    β:       1.000
α:       1.079,      0.397,     -1.004,      0.326,      0.420,      0.258,    β:       1.000
α:       1.080,      0.397,     -1.005,      0.326,      0.420,      0.258,    β:       1.000
α:       1.081,      0.396,     -1.006,      0.327,      0.421,      0.259,    β:       1.000
α:       1.082,      0.396,     -1.007,      0.328,      0.422,      0.259,    β:       1.000
α:       1.083,      0.396,     -1.008,      0.328,      0.423,      0.259,    β:       1.000
α:       1.084,      0.396,     -1.008,      0.329,      0.424,      0.259,    β:       1.000
α:       1.086,      0.396,     -1.009,      0.330,      0.424,      0.259,    β:       1.000
α:       1.087,      0.396,     -1.010,      0.330,      0.425,      0.259,    β:       1.000
α:       1.088,      0.396,     -1.010,      0.331,      0.426,      0.259,    β:       1.000
α:       1.089,      0.396,     -1.011,      0.331,      0.426,      0.259,    β:       1.000
α:       1.089,      0.396,     -1.011,      0.332,      0.427,      0.259,    β:       1.000
α:       1.090,      0.396,     -1.012,      0.333,      0.428,      0.259,    β:       1.000
α:       1.091,      0.395,     -1.013,      0.333,      0.428,      0.259,    β:       1.000
α:       1.092,      0.395,     -1.013,      0.334,      0.429,      0.259,    β:       1.000
α:       1.093,      0.395,     -1.014,      0.334,      0.430,      0.259,    β:       1.000
α:       1.094,      0.395,     -1.014,      0.335,      0.430,      0.259,    β:       1.000
α:       1.094,      0.395,     -1.015,      0.335,      0.431,      0.260,    β:       1.000
α:       1.095,      0.395,     -1.015,      0.336,      0.432,      0.260,    β:       1.000
α:       1.096,      0.395,     -1.015,      0.336,      0.432,      0.260,    β:       1.000
α:       1.096,      0.395,     -1.016,      0.337,      0.433,      0.260,    β:       1.000
α:       1.097,      0.394,     -1.016,      0.337,      0.433,      0.260,    β:       1.000
α:       1.098,      0.394,     -1.017,      0.338,      0.434,      0.260,    β:       1.000
α:       1.098,      0.394,     -1.017,      0.338,      0.435,      0.260,    β:       1.000
α:       1.099,      0.394,     -1.017,      0.339,      0.435,      0.260,    β:       1.000
α:       1.100,      0.394,     -1.018,      0.339,      0.436,      0.260,    β:       1.000
α:       1.100,      0.394,     -1.018,      0.340,      0.436,      0.260,    β:       1.000
α:       1.101,      0.394,     -1.018,      0.340,      0.437,      0.260,    β:       1.000
α:       1.101,      0.394,     -1.019,      0.341,      0.438,      0.260,    β:       1.000
α:       1.102,      0.394,     -1.019,      0.341,      0.438,      0.260,    β:       1.000
α:       1.102,      0.393,     -1.019,      0.342,      0.439,      0.260,    β:       1.000
α:       1.103,      0.393,     -1.020,      0.342,      0.439,      0.260,    β:       1.000
α:       1.103,      0.393,     -1.020,      0.343,      0.440,      0.260,    β:       1.000
α:       1.104,      0.393,     -1.020,      0.343,      0.440,      0.260,    β:       1.000
α:       1.104,      0.393,     -1.021,      0.344,      0.441,      0.260,    β:       1.000
α:       1.105,      0.393,     -1.021,      0.344,      0.442,      0.260,    β:       1.000
α:       1.105,      0.393,     -1.021,      0.345,      0.442,      0.260,    β:       1.000
α:       1.106,      0.393,     -1.021,      0.345,      0.443,      0.260,    β:       1.000
α:       1.106,      0.392,     -1.022,      0.346,      0.443,      0.260,    β:       1.000
α:       1.106,      0.392,     -1.022,      0.346,      0.444,      0.260,    β:       1.000
α:       1.107,      0.392,     -1.022,      0.346,      0.444,      0.260,    β:       1.000
α:       1.107,      0.392,     -1.022,      0.347,      0.445,      0.260,    β:       1.000
α:       1.107,      0.392,     -1.022,      0.347,      0.445,      0.260,    β:       1.000
α:       1.108,      0.392,     -1.022,      0.348,      0.446,      0.260,    β:       1.000
α:       1.108,      0.392,     -1.023,      0.348,      0.446,      0.260,    β:       1.000
α:       1.108,      0.392,     -1.023,      0.349,      0.446,      0.260,    β:       1.000
α:       1.108,      0.392,     -1.023,      0.349,      0.447,      0.260,    β:       1.000
α:       1.109,      0.392,     -1.023,      0.349,      0.447,      0.260,    β:       1.000
α:       1.109,      0.392,     -1.023,      0.350,      0.448,      0.260,    β:       1.000
α:       1.109,      0.392,     -1.024,      0.350,      0.448,      0.260,    β:       1.000
α:       1.110,      0.392,     -1.024,      0.350,      0.449,      0.260,    β:       1.000
α:       1.110,      0.392,     -1.024,      0.351,      0.449,      0.260,    β:       1.000
α:       1.110,      0.392,     -1.024,      0.351,      0.450,      0.260,    β:       1.000
α:       1.110,      0.392,     -1.024,      0.352,      0.450,      0.260,    β:       1.000
α:       1.111,      0.392,     -1.024,      0.352,      0.451,      0.260,    β:       1.000
α:       1.111,      0.392,     -1.024,      0.352,      0.451,      0.260,    β:       1.000
α:       1.111,      0.391,     -1.025,      0.353,      0.451,      0.260,    β:       1.000
α:       1.111,      0.391,     -1.025,      0.353,      0.452,      0.260,    β:       1.000
α:       1.112,      0.391,     -1.025,      0.353,      0.452,      0.260,    β:       1.000
α:       1.112,      0.391,     -1.025,      0.354,      0.453,      0.260,    β:       1.000
α:       1.112,      0.391,     -1.025,      0.354,      0.453,      0.260,    β:       1.000
α:       1.112,      0.391,     -1.025,      0.355,      0.454,      0.260,    β:       1.000
α:       1.112,      0.391,     -1.025,      0.355,      0.454,      0.260,    β:       1.000
α:       1.113,      0.391,     -1.025,      0.355,      0.455,      0.260,    β:       1.000
α:       1.113,      0.391,     -1.025,      0.356,      0.455,      0.260,    β:       1.000
α:       1.113,      0.391,     -1.025,      0.356,      0.455,      0.259,    β:       1.000
α:       1.113,      0.391,     -1.025,      0.356,      0.456,      0.259,    β:       1.000
α:       1.113,      0.391,     -1.025,      0.357,      0.456,      0.259,    β:       1.000
α:       1.113,      0.391,     -1.026,      0.357,      0.457,      0.259,    β:       1.000
α:       1.114,      0.391,     -1.026,      0.357,      0.457,      0.259,    β:       1.000
α:       1.114,      0.391,     -1.026,      0.358,      0.458,      0.259,    β:       1.000
α:       1.114,      0.391,     -1.026,      0.358,      0.458,      0.259,    β:       1.000
α:       1.114,      0.391,     -1.026,      0.358,      0.458,      0.259,    β:       1.000
α:       1.114,      0.391,     -1.026,      0.359,      0.459,      0.259,    β:       1.000
α:       1.114,      0.391,     -1.026,      0.359,      0.459,      0.259,    β:       1.000
α:       1.114,      0.391,     -1.026,      0.359,      0.460,      0.259,    β:       1.000
α:       1.114,      0.391,     -1.026,      0.359,      0.460,      0.259,    β:       1.000
α:       1.114,      0.391,     -1.026,      0.360,      0.460,      0.259,    β:       1.000
α:       1.114,      0.391,     -1.026,      0.360,      0.461,      0.259,    β:       1.000
α:       1.114,      0.391,     -1.026,      0.360,      0.461,      0.259,    β:       1.000
α:       1.114,      0.391,     -1.026,      0.361,      0.462,      0.259,    β:       1.000
α:       1.114,      0.391,     -1.026,      0.361,      0.462,      0.259,    β:       1.000
α:       1.114,      0.391,     -1.026,      0.361,      0.462,      0.259,    β:       1.000
α:       1.114,      0.390,     -1.026,      0.362,      0.463,      0.259,    β:       1.000
α:       1.114,      0.390,     -1.026,      0.362,      0.463,      0.259,    β:       1.000
α:       1.115,      0.390,     -1.026,      0.362,      0.463,      0.259,    β:       1.000
α:       1.115,      0.390,     -1.026,      0.363,      0.464,      0.259,    β:       1.000
α:       1.115,      0.390,     -1.026,      0.363,      0.464,      0.259,    β:       1.000
α:       1.115,      0.390,     -1.026,      0.363,      0.464,      0.259,    β:       1.000
α:       1.115,      0.390,     -1.026,      0.363,      0.465,      0.259,    β:       1.000
α:       1.115,      0.390,     -1.026,      0.364,      0.465,      0.259,    β:       1.000
α:       1.115,      0.390,     -1.026,      0.364,      0.465,      0.259,    β:       1.000
α:       1.115,      0.390,     -1.026,      0.364,      0.466,      0.259,    β:       1.000
α:       1.115,      0.390,     -1.026,      0.365,      0.466,      0.258,    β:       1.000
α:       1.115,      0.390,     -1.026,      0.365,      0.467,      0.258,    β:       1.000
α:       1.115,      0.390,     -1.026,      0.365,      0.467,      0.258,    β:       1.000
α:       1.115,      0.390,     -1.026,      0.365,      0.467,      0.258,    β:       1.000
α:       1.115,      0.390,     -1.026,      0.366,      0.468,      0.258,    β:       1.000
α:       1.115,      0.389,     -1.026,      0.366,      0.468,      0.258,    β:       1.000
α:       1.115,      0.390,     -1.026,      0.366,      0.468,      0.258,    β:       1.000
α:       1.115,      0.390,     -1.026,      0.367,      0.469,      0.258,    β:       1.000
α:       1.115,      0.390,     -1.026,      0.367,      0.469,      0.258,    β:       1.000
α:       1.115,      0.389,     -1.026,      0.367,      0.469,      0.258,    β:       1.000
α:       1.115,      0.389,     -1.026,      0.367,      0.470,      0.258,    β:       1.000
α:       1.115,      0.389,     -1.026,      0.368,      0.470,      0.258,    β:       1.000
α:       1.115,      0.389,     -1.026,      0.368,      0.470,      0.258,    β:       1.000
α:       1.115,      0.390,     -1.026,      0.368,      0.471,      0.258,    β:       1.000
α:       1.115,      0.390,     -1.026,      0.368,      0.471,      0.258,    β:       1.000
α:       1.115,      0.390,     -1.026,      0.369,      0.471,      0.258,    β:       1.000
α:       1.115,      0.390,     -1.026,      0.369,      0.472,      0.258,    β:       1.000
α:       1.115,      0.389,     -1.026,      0.369,      0.472,      0.258,    β:       1.000
α:       1.115,      0.389,     -1.026,      0.369,      0.472,      0.258,    β:       1.000
α:       1.115,      0.390,     -1.026,      0.370,      0.473,      0.258,    β:       1.000
α:       1.115,      0.390,     -1.026,      0.370,      0.473,      0.258,    β:       1.000
α:       1.115,      0.390,     -1.026,      0.370,      0.473,      0.257,    β:       1.000
α:       1.115,      0.389,     -1.026,      0.370,      0.474,      0.257,    β:       1.000
α:       1.115,      0.389,     -1.026,      0.370,      0.474,      0.257,    β:       1.000
α:       1.114,      0.389,     -1.026,      0.371,      0.474,      0.257,    β:       1.000
α:       1.115,      0.389,     -1.026,      0.371,      0.475,      0.257,    β:       1.000
α:       1.114,      0.389,     -1.026,      0.371,      0.475,      0.257,    β:       1.000
α:       1.114,      0.389,     -1.026,      0.371,      0.475,      0.257,    β:       1.000
α:       1.114,      0.389,     -1.026,      0.372,      0.476,      0.257,    β:       1.000
α:       1.114,      0.389,     -1.026,      0.372,      0.476,      0.257,    β:       1.000
α:       1.114,      0.389,     -1.026,      0.372,      0.476,      0.257,    β:       1.000
α:       1.114,      0.389,     -1.026,      0.372,      0.477,      0.257,    β:       1.000
α:       1.114,      0.389,     -1.026,      0.372,      0.477,      0.257,    β:       1.000
α:       1.114,      0.389,     -1.026,      0.373,      0.477,      0.257,    β:       1.000
α:       1.114,      0.389,     -1.026,      0.373,      0.478,      0.257,    β:       1.000
α:       1.114,      0.389,     -1.026,      0.373,      0.478,      0.257,    β:       1.000
α:       1.114,      0.389,     -1.026,      0.373,      0.478,      0.257,    β:       1.000
α:       1.114,      0.389,     -1.026,      0.374,      0.478,      0.256,    β:       1.000
α:       1.114,      0.389,     -1.026,      0.374,      0.479,      0.256,    β:       1.000
α:       1.114,      0.389,     -1.026,      0.374,      0.479,      0.256,    β:       1.000
α:       1.114,      0.389,     -1.026,      0.374,      0.479,      0.256,    β:       1.000
α:       1.114,      0.389,     -1.026,      0.374,      0.480,      0.256,    β:       1.000
α:       1.114,      0.389,     -1.026,      0.375,      0.480,      0.256,    β:       1.000
α:       1.114,      0.389,     -1.025,      0.375,      0.480,      0.256,    β:       1.000
α:       1.114,      0.388,     -1.025,      0.375,      0.481,      0.256,    β:       1.000
α:       1.114,      0.389,     -1.025,      0.375,      0.481,      0.256,    β:       1.000
α:       1.114,      0.388,     -1.025,      0.376,      0.481,      0.256,    β:       1.000
α:       1.114,      0.388,     -1.025,      0.376,      0.481,      0.256,    β:       1.000
α:       1.114,      0.388,     -1.025,      0.376,      0.482,      0.256,    β:       1.000
α:       1.114,      0.388,     -1.025,      0.376,      0.482,      0.256,    β:       1.000
α:       1.114,      0.388,     -1.025,      0.376,      0.482,      0.256,    β:       1.000
α:       1.114,      0.388,     -1.025,      0.377,      0.483,      0.256,    β:       1.000
α:       1.114,      0.388,     -1.025,      0.377,      0.483,      0.256,    β:       1.000
α:       1.114,      0.388,     -1.025,      0.377,      0.483,      0.255,    β:       1.000
α:       1.113,      0.388,     -1.025,      0.377,      0.483,      0.255,    β:       1.000
α:       1.113,      0.388,     -1.025,      0.377,      0.484,      0.255,    β:       1.000
α:       1.113,      0.388,     -1.025,      0.378,      0.484,      0.255,    β:       1.000
α:       1.113,      0.388,     -1.025,      0.378,      0.484,      0.255,    β:       1.000
α:       1.113,      0.388,     -1.025,      0.378,      0.485,      0.255,    β:       1.000
α:       1.113,      0.388,     -1.025,      0.378,      0.485,      0.255,    β:       1.000
α:       1.113,      0.388,     -1.025,      0.378,      0.485,      0.255,    β:       1.000
α:       1.113,      0.388,     -1.025,      0.378,      0.485,      0.255,    β:       1.000
α:       1.113,      0.388,     -1.025,      0.379,      0.486,      0.255,    β:       1.000
α:       1.113,      0.388,     -1.025,      0.379,      0.486,      0.255,    β:       1.000
α:       1.113,      0.388,     -1.024,      0.379,      0.486,      0.255,    β:       1.000
α:       1.113,      0.388,     -1.024,      0.379,      0.487,      0.255,    β:       1.000
α:       1.113,      0.388,     -1.025,      0.379,      0.487,      0.255,    β:       1.000
α:       1.113,      0.388,     -1.024,      0.379,      0.487,      0.255,    β:       1.000
α:       1.113,      0.388,     -1.024,      0.380,      0.487,      0.255,    β:       1.000
α:       1.112,      0.388,     -1.024,      0.380,      0.488,      0.255,    β:       1.000
α:       1.112,      0.388,     -1.024,      0.380,      0.488,      0.255,    β:       1.000
α:       1.112,      0.387,     -1.024,      0.380,      0.488,      0.254,    β:       1.000
α:       1.112,      0.388,     -1.024,      0.380,      0.489,      0.254,    β:       1.000
α:       1.112,      0.388,     -1.024,      0.381,      0.489,      0.254,    β:       1.000
α:       1.112,      0.388,     -1.024,      0.381,      0.489,      0.254,    β:       1.000
α:       1.112,      0.388,     -1.024,      0.381,      0.489,      0.254,    β:       1.000
α:       1.112,      0.388,     -1.024,      0.381,      0.490,      0.254,    β:       1.000
α:       1.112,      0.387,     -1.024,      0.381,      0.490,      0.254,    β:       1.000
α:       1.112,      0.388,     -1.024,      0.381,      0.490,      0.254,    β:       1.000
α:       1.112,      0.388,     -1.024,      0.382,      0.491,      0.254,    β:       1.000
α:       1.112,      0.388,     -1.024,      0.382,      0.491,      0.254,    β:       1.000
α:       1.112,      0.388,     -1.024,      0.382,      0.491,      0.254,    β:       1.000
α:       1.112,      0.388,     -1.024,      0.382,      0.491,      0.254,    β:       1.000
α:       1.112,      0.387,     -1.024,      0.382,      0.491,      0.254,    β:       1.000
α:       1.111,      0.387,     -1.024,      0.382,      0.492,      0.254,    β:       1.000
α:       1.112,      0.387,     -1.024,      0.383,      0.492,      0.254,    β:       1.000
α:       1.111,      0.388,     -1.024,      0.383,      0.492,      0.254,    β:       1.000
α:       1.111,      0.388,     -1.024,      0.383,      0.493,      0.254,    β:       1.000
α:       1.111,      0.388,     -1.024,      0.383,      0.493,      0.254,    β:       1.000
α:       1.111,      0.388,     -1.024,      0.383,      0.493,      0.254,    β:       1.000
α:       1.111,      0.388,     -1.024,      0.383,      0.493,      0.254,    β:       1.000
α:       1.111,      0.388,     -1.024,      0.383,      0.494,      0.254,    β:       1.000
α:       1.111,      0.388,     -1.024,      0.384,      0.494,      0.254,    β:       1.000
α:       1.111,      0.388,     -1.024,      0.384,      0.494,      0.253,    β:       1.000
α:       1.111,      0.388,     -1.024,      0.384,      0.495,      0.253,    β:       1.000
α:       1.111,      0.388,     -1.024,      0.384,      0.495,      0.253,    β:       1.000
α:       1.111,      0.388,     -1.024,      0.384,      0.495,      0.253,    β:       1.000
α:       1.111,      0.388,     -1.024,      0.384,      0.495,      0.253,    β:       1.000
α:       1.111,      0.388,     -1.024,      0.385,      0.496,      0.253,    β:       1.000
α:       1.111,      0.388,     -1.024,      0.385,      0.496,      0.253,    β:       1.000
α:       1.111,      0.388,     -1.024,      0.385,      0.496,      0.253,    β:       1.000
α:       1.111,      0.388,     -1.023,      0.385,      0.496,      0.253,    β:       1.000
α:       1.111,      0.388,     -1.023,      0.385,      0.497,      0.253,    β:       1.000
α:       1.111,      0.388,     -1.023,      0.385,      0.497,      0.253,    β:       1.000
α:       1.110,      0.387,     -1.023,      0.386,      0.497,      0.253,    β:       1.000
α:       1.110,      0.387,     -1.023,      0.386,      0.497,      0.253,    β:       1.000
α:       1.110,      0.387,     -1.023,      0.386,      0.498,      0.253,    β:       1.000
α:       1.110,      0.387,     -1.023,      0.386,      0.498,      0.253,    β:       1.000
α:       1.110,      0.387,     -1.023,      0.386,      0.498,      0.253,    β:       1.000
α:       1.110,      0.387,     -1.023,      0.386,      0.498,      0.252,    β:       1.000
α:       1.110,      0.387,     -1.023,      0.386,      0.499,      0.252,    β:       1.000
α:       1.110,      0.387,     -1.023,      0.387,      0.499,      0.252,    β:       1.000
α:       1.110,      0.387,     -1.023,      0.387,      0.499,      0.252,    β:       1.000
α:       1.110,      0.387,     -1.023,      0.387,      0.499,      0.252,    β:       1.000
α:       1.110,      0.387,     -1.023,      0.387,      0.500,      0.252,    β:       1.000
α:       1.110,      0.387,     -1.023,      0.387,      0.500,      0.252,    β:       1.000
α:       1.109,      0.387,     -1.023,      0.387,      0.500,      0.252,    β:       1.000
α:       1.109,      0.387,     -1.023,      0.387,      0.500,      0.252,    β:       1.000
α:       1.109,      0.387,     -1.023,      0.388,      0.501,      0.252,    β:       1.000
α:       1.109,      0.387,     -1.023,      0.388,      0.501,      0.252,    β:       1.000
α:       1.109,      0.387,     -1.023,      0.388,      0.501,      0.252,    β:       1.000
α:       1.109,      0.387,     -1.023,      0.388,      0.501,      0.252,    β:       1.000
α:       1.109,      0.387,     -1.023,      0.388,      0.502,      0.252,    β:       1.000
α:       1.109,      0.387,     -1.023,      0.388,      0.502,      0.252,    β:       1.000
α:       1.109,      0.387,     -1.023,      0.389,      0.502,      0.252,    β:       1.000
α:       1.109,      0.387,     -1.023,      0.389,      0.502,      0.252,    β:       1.000
α:       1.109,      0.388,     -1.023,      0.389,      0.503,      0.252,    β:       1.000
α:       1.109,      0.388,     -1.023,      0.389,      0.503,      0.252,    β:       1.000
α:       1.109,      0.388,     -1.023,      0.389,      0.503,      0.252,    β:       1.000
α:       1.108,      0.388,     -1.023,      0.389,      0.503,      0.251,    β:       1.000
α:       1.108,      0.388,     -1.023,      0.389,      0.503,      0.251,    β:       1.000
α:       1.108,      0.387,     -1.023,      0.389,      0.504,      0.251,    β:       1.000
α:       1.108,      0.387,     -1.023,      0.390,      0.504,      0.251,    β:       1.000
α:       1.108,      0.387,     -1.023,      0.390,      0.504,      0.251,    β:       1.000
α:       1.108,      0.387,     -1.023,      0.390,      0.504,      0.251,    β:       1.000
α:       1.108,      0.387,     -1.023,      0.390,      0.505,      0.251,    β:       1.000
α:       1.108,      0.387,     -1.023,      0.390,      0.505,      0.251,    β:       1.000
α:       1.108,      0.387,     -1.023,      0.390,      0.505,      0.251,    β:       1.000
α:       1.108,      0.387,     -1.023,      0.390,      0.505,      0.251,    β:       1.000
α:       1.108,      0.387,     -1.023,      0.391,      0.506,      0.251,    β:       1.000
α:       1.108,      0.388,     -1.023,      0.391,      0.506,      0.251,    β:       1.000
α:       1.108,      0.388,     -1.023,      0.391,      0.506,      0.251,    β:       1.000
α:       1.108,      0.388,     -1.023,      0.391,      0.506,      0.251,    β:       1.000
α:       1.108,      0.388,     -1.023,      0.391,      0.506,      0.251,    β:       1.000
α:       1.108,      0.388,     -1.023,      0.391,      0.507,      0.251,    β:       1.000
α:       1.108,      0.388,     -1.022,      0.391,      0.507,      0.251,    β:       1.000
α:       1.108,      0.387,     -1.022,      0.391,      0.507,      0.251,    β:       1.000
α:       1.108,      0.387,     -1.022,      0.392,      0.507,      0.250,    β:       1.000
α:       1.108,      0.387,     -1.022,      0.392,      0.508,      0.250,    β:       1.000
α:       1.108,      0.387,     -1.022,      0.392,      0.508,      0.250,    β:       1.000
α:       1.108,      0.387,     -1.022,      0.392,      0.508,      0.250,    β:       1.000
α:       1.108,      0.387,     -1.022,      0.392,      0.508,      0.250,    β:       1.000
α:       1.108,      0.387,     -1.022,      0.392,      0.509,      0.250,    β:       1.000
α:       1.107,      0.387,     -1.022,      0.392,      0.509,      0.250,    β:       1.000
α:       1.107,      0.386,     -1.022,      0.392,      0.509,      0.250,    β:       1.000
α:       1.107,      0.386,     -1.022,      0.392,      0.509,      0.250,    β:       1.000
α:       1.107,      0.386,     -1.022,      0.392,      0.510,      0.250,    β:       1.000
α:       1.107,      0.386,     -1.022,      0.393,      0.510,      0.250,    β:       1.000
α:       1.107,      0.386,     -1.022,      0.393,      0.510,      0.250,    β:       1.000
α:       1.107,      0.387,     -1.022,      0.393,      0.510,      0.250,    β:       1.000
α:       1.107,      0.387,     -1.022,      0.393,      0.510,      0.250,    β:       1.000
α:       1.107,      0.387,     -1.022,      0.393,      0.511,      0.250,    β:       1.000
α:       1.107,      0.387,     -1.022,      0.393,      0.511,      0.250,    β:       1.000
α:       1.107,      0.387,     -1.022,      0.393,      0.511,      0.250,    β:       1.000
α:       1.107,      0.387,     -1.022,      0.393,      0.511,      0.250,    β:       1.000
α:       1.107,      0.387,     -1.022,      0.394,      0.511,      0.250,    β:       1.000
α:       1.107,      0.387,     -1.022,      0.394,      0.512,      0.249,    β:       1.000
α:       1.107,      0.387,     -1.022,      0.394,      0.512,      0.249,    β:       1.000
α:       1.107,      0.387,     -1.022,      0.394,      0.512,      0.249,    β:       1.000
α:       1.107,      0.387,     -1.022,      0.394,      0.512,      0.249,    β:       1.000
α:       1.106,      0.387,     -1.022,      0.394,      0.512,      0.249,    β:       1.000
α:       1.107,      0.387,     -1.022,      0.394,      0.513,      0.249,    β:       1.000
α:       1.106,      0.387,     -1.022,      0.394,      0.513,      0.249,    β:       1.000
α:       1.106,      0.387,     -1.022,      0.394,      0.513,      0.249,    β:       1.000
α:       1.106,      0.387,     -1.022,      0.395,      0.513,      0.249,    β:       1.000
α:       1.106,      0.387,     -1.021,      0.395,      0.514,      0.249,    β:       1.000
α:       1.106,      0.387,     -1.021,      0.395,      0.514,      0.249,    β:       1.000
α:       1.106,      0.387,     -1.021,      0.395,      0.514,      0.249,    β:       1.000
α:       1.106,      0.387,     -1.021,      0.395,      0.514,      0.249,    β:       1.000
α:       1.106,      0.387,     -1.021,      0.395,      0.514,      0.249,    β:       1.000
α:       1.106,      0.387,     -1.021,      0.395,      0.515,      0.249,    β:       1.000
α:       1.105,      0.386,     -1.021,      0.395,      0.515,      0.248,    β:       1.000
α:       1.105,      0.386,     -1.021,      0.395,      0.515,      0.248,    β:       1.000
α:       1.105,      0.386,     -1.021,      0.395,      0.515,      0.248,    β:       1.000
α:       1.105,      0.386,     -1.021,      0.395,      0.515,      0.248,    β:       1.000
α:       1.105,      0.386,     -1.021,      0.395,      0.516,      0.248,    β:       1.000
α:       1.105,      0.386,     -1.021,      0.396,      0.516,      0.248,    β:       1.000
α:       1.105,      0.386,     -1.021,      0.396,      0.516,      0.248,    β:       1.000
α:       1.105,      0.386,     -1.021,      0.396,      0.516,      0.248,    β:       1.000
α:       1.105,      0.386,     -1.021,      0.396,      0.516,      0.248,    β:       1.000
α:       1.105,      0.386,     -1.021,      0.396,      0.517,      0.248,    β:       1.000
α:       1.105,      0.386,     -1.021,      0.396,      0.517,      0.248,    β:       1.000
α:       1.105,      0.386,     -1.021,      0.396,      0.517,      0.248,    β:       1.000
α:       1.105,      0.387,     -1.021,      0.396,      0.517,      0.248,    β:       1.000
α:       1.105,      0.387,     -1.021,      0.396,      0.518,      0.248,    β:       1.000
α:       1.105,      0.387,     -1.021,      0.396,      0.518,      0.248,    β:       1.000
α:       1.105,      0.386,     -1.021,      0.397,      0.518,      0.248,    β:       1.000
α:       1.105,      0.386,     -1.021,      0.397,      0.518,      0.248,    β:       1.000
α:       1.105,      0.386,     -1.021,      0.397,      0.518,      0.248,    β:       1.000
α:       1.105,      0.386,     -1.021,      0.397,      0.519,      0.248,    β:       1.000
α:       1.104,      0.386,     -1.021,      0.397,      0.519,      0.248,    β:       1.000
α:       1.104,      0.386,     -1.021,      0.397,      0.519,      0.247,    β:       1.000
α:       1.104,      0.387,     -1.021,      0.397,      0.519,      0.247,    β:       1.000
α:       1.104,      0.387,     -1.021,      0.397,      0.519,      0.247,    β:       1.000
α:       1.104,      0.387,     -1.021,      0.397,      0.519,      0.247,    β:       1.000
α:       1.104,      0.386,     -1.021,      0.397,      0.520,      0.247,    β:       1.000
α:       1.104,      0.386,     -1.021,      0.397,      0.520,      0.247,    β:       1.000
α:       1.104,      0.386,     -1.021,      0.398,      0.520,      0.247,    β:       1.000
α:       1.104,      0.387,     -1.021,      0.398,      0.520,      0.247,    β:       1.000
α:       1.104,      0.387,     -1.021,      0.398,      0.521,      0.247,    β:       1.000
α:       1.104,      0.387,     -1.021,      0.398,      0.521,      0.247,    β:       1.000
α:       1.104,      0.387,     -1.020,      0.398,      0.521,      0.247,    β:       1.000
α:       1.104,      0.387,     -1.021,      0.398,      0.521,      0.247,    β:       1.000
α:       1.104,      0.387,     -1.020,      0.398,      0.521,      0.247,    β:       1.000
α:       1.104,      0.387,     -1.021,      0.398,      0.522,      0.247,    β:       1.000
α:       1.104,      0.387,     -1.021,      0.398,      0.522,      0.247,    β:       1.000
α:       1.104,      0.387,     -1.020,      0.398,      0.522,      0.247,    β:       1.000
α:       1.104,      0.386,     -1.020,      0.398,      0.522,      0.247,    β:       1.000
α:       1.104,      0.386,     -1.020,      0.398,      0.522,      0.247,    β:       1.000
α:       1.104,      0.386,     -1.020,      0.399,      0.522,      0.247,    β:       1.000
α:       1.104,      0.386,     -1.020,      0.399,      0.523,      0.247,    β:       1.000
α:       1.104,      0.387,     -1.020,      0.399,      0.523,      0.247,    β:       1.000
α:       1.104,      0.387,     -1.020,      0.399,      0.523,      0.247,    β:       1.000
α:       1.104,      0.386,     -1.020,      0.399,      0.523,      0.247,    β:       1.000
α:       1.104,      0.386,     -1.020,      0.399,      0.523,      0.247,    β:       1.000
α:       1.103,      0.386,     -1.020,      0.399,      0.524,      0.246,    β:       1.000
α:       1.103,      0.386,     -1.020,      0.399,      0.524,      0.246,    β:       1.000
α:       1.103,      0.386,     -1.020,      0.399,      0.524,      0.246,    β:       1.000
α:       1.103,      0.386,     -1.020,      0.399,      0.524,      0.246,    β:       1.000
α:       1.103,      0.386,     -1.020,      0.399,      0.524,      0.246,    β:       1.000
α:       1.103,      0.386,     -1.020,      0.399,      0.524,      0.246,    β:       1.000
α:       1.103,      0.386,     -1.020,      0.400,      0.525,      0.246,    β:       1.000
α:       1.103,      0.386,     -1.020,      0.400,      0.525,      0.246,    β:       1.000
α:       1.103,      0.386,     -1.020,      0.400,      0.525,      0.246,    β:       1.000
α:       1.103,      0.386,     -1.020,      0.400,      0.525,      0.246,    β:       1.000
α:       1.103,      0.386,     -1.020,      0.400,      0.525,      0.246,    β:       1.000
α:       1.103,      0.386,     -1.020,      0.400,      0.526,      0.246,    β:       1.000
α:       1.103,      0.386,     -1.020,      0.400,      0.526,      0.246,    β:       1.000
α:       1.103,      0.386,     -1.020,      0.400,      0.526,      0.246,    β:       1.000
α:       1.103,      0.386,     -1.020,      0.400,      0.526,      0.246,    β:       1.000
α:       1.103,      0.386,     -1.020,      0.400,      0.526,      0.246,    β:       1.000
α:       1.103,      0.386,     -1.020,      0.400,      0.526,      0.245,    β:       1.000
α:       1.103,      0.386,     -1.020,      0.400,      0.527,      0.245,    β:       1.000
α:       1.103,      0.386,     -1.020,      0.400,      0.527,      0.245,    β:       1.000
α:       1.103,      0.386,     -1.020,      0.401,      0.527,      0.245,    β:       1.000
α:       1.103,      0.386,     -1.020,      0.401,      0.527,      0.245,    β:       1.000
α:       1.103,      0.386,     -1.020,      0.401,      0.527,      0.245,    β:       1.000
α:       1.103,      0.386,     -1.020,      0.401,      0.528,      0.245,    β:       1.000
α:       1.102,      0.386,     -1.019,      0.401,      0.528,      0.245,    β:       1.000
α:       1.102,      0.386,     -1.019,      0.401,      0.528,      0.245,    β:       1.000
α:       1.102,      0.386,     -1.019,      0.401,      0.528,      0.245,    β:       1.000
α:       1.102,      0.386,     -1.019,      0.401,      0.528,      0.245,    β:       1.000
α:       1.102,      0.386,     -1.019,      0.401,      0.528,      0.245,    β:       1.000
α:       1.102,      0.386,     -1.019,      0.401,      0.529,      0.245,    β:       1.000
α:       1.102,      0.386,     -1.019,      0.401,      0.529,      0.245,    β:       1.000
α:       1.102,      0.386,     -1.019,      0.401,      0.529,      0.245,    β:       1.000
α:       1.102,      0.386,     -1.019,      0.402,      0.529,      0.245,    β:       1.000
α:       1.102,      0.386,     -1.019,      0.402,      0.529,      0.245,    β:       1.000
α:       1.102,      0.386,     -1.019,      0.402,      0.529,      0.245,    β:       1.000
α:       1.102,      0.386,     -1.019,      0.402,      0.530,      0.245,    β:       1.000
α:       1.102,      0.386,     -1.019,      0.402,      0.530,      0.245,    β:       1.000
α:       1.102,      0.386,     -1.019,      0.402,      0.530,      0.245,    β:       1.000
α:       1.102,      0.386,     -1.019,      0.402,      0.530,      0.245,    β:       1.000
α:       1.102,      0.386,     -1.019,      0.402,      0.530,      0.244,    β:       1.000
α:       1.102,      0.386,     -1.019,      0.402,      0.531,      0.244,    β:       1.000
α:       1.102,      0.386,     -1.019,      0.402,      0.531,      0.244,    β:       1.000
α:       1.102,      0.386,     -1.019,      0.402,      0.531,      0.244,    β:       1.000
α:       1.102,      0.386,     -1.019,      0.402,      0.531,      0.244,    β:       1.000
α:       1.102,      0.386,     -1.019,      0.402,      0.531,      0.244,    β:       1.000
α:       1.102,      0.386,     -1.019,      0.402,      0.531,      0.244,    β:       1.000
α:       1.102,      0.386,     -1.019,      0.402,      0.532,      0.244,    β:       1.000
α:       1.102,      0.386,     -1.019,      0.403,      0.532,      0.244,    β:       1.000
α:       1.102,      0.386,     -1.019,      0.403,      0.532,      0.244,    β:       1.000
α:       1.102,      0.386,     -1.019,      0.403,      0.532,      0.244,    β:       1.000
α:       1.102,      0.386,     -1.019,      0.403,      0.532,      0.244,    β:       1.000
α:       1.102,      0.386,     -1.019,      0.403,      0.533,      0.244,    β:       1.000
α:       1.102,      0.386,     -1.019,      0.403,      0.533,      0.244,    β:       1.000
α:       1.102,      0.386,     -1.019,      0.403,      0.533,      0.244,    β:       1.000
α:       1.102,      0.386,     -1.019,      0.403,      0.533,      0.244,    β:       1.000
α:       1.102,      0.386,     -1.019,      0.403,      0.533,      0.244,    β:       1.000
α:       1.102,      0.386,     -1.019,      0.403,      0.533,      0.244,    β:       1.000
α:       1.102,      0.386,     -1.019,      0.403,      0.534,      0.244,    β:       1.000
α:       1.102,      0.386,     -1.019,      0.403,      0.534,      0.244,    β:       1.000
α:       1.101,      0.386,     -1.019,      0.403,      0.534,      0.244,    β:       1.000
α:       1.101,      0.386,     -1.019,      0.403,      0.534,      0.244,    β:       1.000
α:       1.101,      0.386,     -1.019,      0.403,      0.534,      0.244,    β:       1.000
α:       1.101,      0.386,     -1.019,      0.403,      0.534,      0.244,    β:       1.000
α:       1.101,      0.386,     -1.019,      0.404,      0.534,      0.243,    β:       1.000
α:       1.101,      0.386,     -1.019,      0.404,      0.535,      0.244,    β:       1.000
α:       1.101,      0.385,     -1.019,      0.404,      0.535,      0.243,    β:       1.000
α:       1.101,      0.386,     -1.019,      0.404,      0.535,      0.243,    β:       1.000
α:       1.101,      0.385,     -1.019,      0.404,      0.535,      0.243,    β:       1.000
α:       1.101,      0.385,     -1.019,      0.404,      0.535,      0.243,    β:       1.000
α:       1.101,      0.386,     -1.019,      0.404,      0.536,      0.243,    β:       1.000
α:       1.101,      0.386,     -1.019,      0.404,      0.536,      0.243,    β:       1.000
α:       1.101,      0.386,     -1.019,      0.404,      0.536,      0.243,    β:       1.000
α:       1.101,      0.386,     -1.019,      0.404,      0.536,      0.243,    β:       1.000
α:       1.101,      0.386,     -1.019,      0.404,      0.536,      0.243,    β:       1.000
α:       1.101,      0.385,     -1.019,      0.404,      0.536,      0.243,    β:       1.000
α:       1.101,      0.386,     -1.019,      0.404,      0.536,      0.243,    β:       1.000
α:       1.101,      0.386,     -1.019,      0.404,      0.537,      0.243,    β:       1.000
α:       1.101,      0.386,     -1.019,      0.404,      0.537,      0.243,    β:       1.000
α:       1.101,      0.386,     -1.019,      0.404,      0.537,      0.243,    β:       1.000
α:       1.101,      0.386,     -1.018,      0.404,      0.537,      0.243,    β:       1.000
α:       1.101,      0.386,     -1.018,      0.404,      0.537,      0.243,    β:       1.000
α:       1.101,      0.386,     -1.018,      0.404,      0.537,      0.243,    β:       1.000
α:       1.100,      0.386,     -1.018,      0.405,      0.538,      0.243,    β:       1.000
α:       1.100,      0.386,     -1.018,      0.405,      0.538,      0.243,    β:       1.000
α:       1.100,      0.386,     -1.018,      0.405,      0.538,      0.243,    β:       1.000
α:       1.100,      0.386,     -1.018,      0.405,      0.538,      0.243,    β:       1.000
α:       1.100,      0.386,     -1.018,      0.405,      0.538,      0.242,    β:       1.000
α:       1.100,      0.386,     -1.018,      0.405,      0.538,      0.242,    β:       1.000
α:       1.100,      0.386,     -1.018,      0.405,      0.538,      0.242,    β:       1.000
α:       1.100,      0.386,     -1.018,      0.405,      0.539,      0.242,    β:       1.000
α:       1.100,      0.386,     -1.018,      0.405,      0.539,      0.242,    β:       1.000
α:       1.100,      0.386,     -1.018,      0.405,      0.539,      0.242,    β:       1.000
α:       1.100,      0.386,     -1.018,      0.405,      0.539,      0.242,    β:       1.000
α:       1.100,      0.386,     -1.018,      0.405,      0.539,      0.242,    β:       1.000
α:       1.100,      0.386,     -1.018,      0.405,      0.539,      0.242,    β:       1.000
