α0:     -0.018,      1.246,      0.496,      0.484,     -0.292,      1.507,    β0:      1.000
α:      -0.074,      0.153,      0.137,      0.040,     -0.039,      0.051,    β:       1.000
α:      -0.101,      0.247,      0.217,      0.065,     -0.061,      0.085,    β:       1.000
α:      -0.113,      0.318,      0.274,      0.082,     -0.077,      0.110,    β:       1.000
α:      -0.118,      0.376,      0.318,      0.097,     -0.090,      0.131,    β:       1.000
α:      -0.119,      0.425,      0.354,      0.108,     -0.100,      0.149,    β:       1.000
α:      -0.118,      0.468,      0.384,      0.119,     -0.109,      0.165,    β:       1.000
α:      -0.117,      0.506,      0.411,      0.129,     -0.117,      0.179,    β:       1.000
α:      -0.115,      0.541,      0.434,      0.137,     -0.125,      0.192,    β:       1.000
α:      -0.114,      0.573,      0.454,      0.145,     -0.131,      0.204,    β:       1.000
α:      -0.112,      0.603,      0.472,      0.153,     -0.138,      0.216,    β:       1.000
α:      -0.110,      0.630,      0.488,      0.160,     -0.144,      0.226,    β:       1.000
α:      -0.108,      0.656,      0.502,      0.167,     -0.149,      0.236,    β:       1.000
α:      -0.106,      0.680,      0.515,      0.173,     -0.154,      0.245,    β:       1.000
α:      -0.104,      0.702,      0.527,      0.179,     -0.159,      0.254,    β:       1.000
α:      -0.103,      0.723,      0.537,      0.185,     -0.164,      0.262,    β:       1.000
α:      -0.101,      0.743,      0.547,      0.191,     -0.169,      0.270,    β:       1.000
α:      -0.099,      0.762,      0.556,      0.196,     -0.173,      0.278,    β:       1.000
α:      -0.097,      0.780,      0.564,      0.201,     -0.177,      0.285,    β:       1.000
α:      -0.096,      0.797,      0.571,      0.206,     -0.181,      0.292,    β:       1.000
α:      -0.095,      0.814,      0.578,      0.211,     -0.185,      0.299,    β:       1.000
α:      -0.094,      0.829,      0.584,      0.216,     -0.188,      0.305,    β:       1.000
α:      -0.092,      0.844,      0.589,      0.220,     -0.192,      0.312,    β:       1.000
α:      -0.091,      0.858,      0.595,      0.224,     -0.195,      0.318,    β:       1.000
α:      -0.090,      0.872,      0.599,      0.229,     -0.198,      0.323,    β:       1.000
α:      -0.089,      0.885,      0.604,      0.233,     -0.201,      0.329,    β:       1.000
α:      -0.088,      0.898,      0.608,      0.237,     -0.205,      0.334,    β:       1.000
α:      -0.087,      0.910,      0.611,      0.240,     -0.207,      0.340,    β:       1.000
α:      -0.086,      0.922,      0.615,      0.244,     -0.210,      0.345,    β:       1.000
α:      -0.085,      0.933,      0.618,      0.248,     -0.213,      0.350,    β:       1.000
α:      -0.084,      0.944,      0.621,      0.251,     -0.216,      0.355,    β:       1.000
α:      -0.083,      0.955,      0.623,      0.255,     -0.218,      0.360,    β:       1.000
α:      -0.083,      0.965,      0.626,      0.258,     -0.221,      0.364,    β:       1.000
α:      -0.082,      0.974,      0.628,      0.261,     -0.224,      0.369,    β:       1.000
α:      -0.081,      0.984,      0.630,      0.264,     -0.226,      0.373,    β:       1.000
α:      -0.080,      0.993,      0.632,      0.267,     -0.228,      0.378,    β:       1.000
α:      -0.079,      1.002,      0.634,      0.270,     -0.231,      0.382,    β:       1.000
α:      -0.078,      1.010,      0.635,      0.273,     -0.233,      0.386,    β:       1.000
α:      -0.077,      1.018,      0.636,      0.276,     -0.235,      0.390,    β:       1.000
α:      -0.076,      1.026,      0.638,      0.279,     -0.237,      0.394,    β:       1.000
α:      -0.076,      1.034,      0.639,      0.281,     -0.240,      0.398,    β:       1.000
α:      -0.075,      1.042,      0.640,      0.284,     -0.242,      0.402,    β:       1.000
α:      -0.075,      1.049,      0.640,      0.287,     -0.244,      0.406,    β:       1.000
α:      -0.074,      1.056,      0.641,      0.289,     -0.246,      0.410,    β:       1.000
α:      -0.074,      1.063,      0.642,      0.292,     -0.248,      0.413,    β:       1.000
α:      -0.073,      1.070,      0.642,      0.294,     -0.249,      0.417,    β:       1.000
α:      -0.072,      1.076,      0.643,      0.297,     -0.251,      0.420,    β:       1.000
α:      -0.071,      1.083,      0.644,      0.299,     -0.253,      0.424,    β:       1.000
α:      -0.071,      1.089,      0.644,      0.301,     -0.255,      0.427,    β:       1.000
α:      -0.070,      1.095,      0.644,      0.304,     -0.257,      0.431,    β:       1.000
α:      -0.070,      1.100,      0.644,      0.306,     -0.258,      0.434,    β:       1.000
α:      -0.069,      1.106,      0.645,      0.308,     -0.260,      0.437,    β:       1.000
α:      -0.068,      1.111,      0.645,      0.310,     -0.262,      0.441,    β:       1.000
α:      -0.068,      1.117,      0.645,      0.312,     -0.263,      0.444,    β:       1.000
α:      -0.067,      1.122,      0.645,      0.314,     -0.265,      0.447,    β:       1.000
α:      -0.067,      1.127,      0.645,      0.316,     -0.266,      0.450,    β:       1.000
α:      -0.066,      1.132,      0.645,      0.318,     -0.268,      0.453,    β:       1.000
α:      -0.066,      1.137,      0.645,      0.320,     -0.269,      0.456,    β:       1.000
α:      -0.066,      1.142,      0.645,      0.322,     -0.271,      0.459,    β:       1.000
α:      -0.065,      1.146,      0.645,      0.324,     -0.272,      0.462,    β:       1.000
α:      -0.065,      1.151,      0.645,      0.326,     -0.274,      0.465,    β:       1.000
α:      -0.064,      1.155,      0.645,      0.327,     -0.275,      0.468,    β:       1.000
α:      -0.063,      1.159,      0.645,      0.329,     -0.277,      0.471,    β:       1.000
α:      -0.063,      1.163,      0.644,      0.331,     -0.278,      0.474,    β:       1.000
α:      -0.063,      1.167,      0.644,      0.333,     -0.279,      0.476,    β:       1.000
α:      -0.063,      1.171,      0.644,      0.334,     -0.281,      0.479,    β:       1.000
α:      -0.062,      1.175,      0.643,      0.336,     -0.282,      0.482,    β:       1.000
α:      -0.061,      1.179,      0.643,      0.338,     -0.283,      0.485,    β:       1.000
α:      -0.061,      1.182,      0.643,      0.339,     -0.284,      0.487,    β:       1.000
α:      -0.061,      1.186,      0.643,      0.341,     -0.286,      0.490,    β:       1.000
α:      -0.060,      1.189,      0.642,      0.342,     -0.287,      0.493,    β:       1.000
α:      -0.060,      1.192,      0.642,      0.344,     -0.288,      0.495,    β:       1.000
α:      -0.059,      1.196,      0.642,      0.345,     -0.289,      0.498,    β:       1.000
α:      -0.059,      1.199,      0.641,      0.346,     -0.290,      0.501,    β:       1.000
α:      -0.059,      1.202,      0.641,      0.348,     -0.291,      0.503,    β:       1.000
α:      -0.059,      1.205,      0.640,      0.349,     -0.293,      0.506,    β:       1.000
α:      -0.058,      1.208,      0.640,      0.351,     -0.294,      0.508,    β:       1.000
α:      -0.058,      1.211,      0.639,      0.352,     -0.295,      0.511,    β:       1.000
α:      -0.058,      1.214,      0.639,      0.354,     -0.296,      0.513,    β:       1.000
α:      -0.057,      1.216,      0.638,      0.355,     -0.297,      0.516,    β:       1.000
α:      -0.057,      1.219,      0.638,      0.356,     -0.298,      0.518,    β:       1.000
α:      -0.056,      1.222,      0.637,      0.357,     -0.299,      0.520,    β:       1.000
α:      -0.055,      1.224,      0.637,      0.359,     -0.300,      0.523,    β:       1.000
α:      -0.055,      1.227,      0.637,      0.360,     -0.301,      0.525,    β:       1.000
α:      -0.055,      1.229,      0.636,      0.361,     -0.302,      0.527,    β:       1.000
α:      -0.055,      1.231,      0.636,      0.362,     -0.303,      0.530,    β:       1.000
α:      -0.054,      1.234,      0.635,      0.363,     -0.304,      0.532,    β:       1.000
α:      -0.054,      1.236,      0.635,      0.365,     -0.305,      0.534,    β:       1.000
α:      -0.054,      1.238,      0.635,      0.366,     -0.306,      0.537,    β:       1.000
α:      -0.054,      1.240,      0.634,      0.367,     -0.307,      0.539,    β:       1.000
α:      -0.054,      1.242,      0.634,      0.368,     -0.308,      0.541,    β:       1.000
α:      -0.053,      1.244,      0.633,      0.369,     -0.309,      0.543,    β:       1.000
α:      -0.053,      1.246,      0.633,      0.370,     -0.310,      0.546,    β:       1.000
α:      -0.053,      1.248,      0.632,      0.371,     -0.310,      0.548,    β:       1.000
α:      -0.052,      1.250,      0.632,      0.372,     -0.311,      0.550,    β:       1.000
α:      -0.053,      1.252,      0.631,      0.374,     -0.312,      0.552,    β:       1.000
α:      -0.052,      1.254,      0.631,      0.375,     -0.313,      0.554,    β:       1.000
α:      -0.052,      1.255,      0.631,      0.376,     -0.314,      0.557,    β:       1.000
α:      -0.052,      1.257,      0.630,      0.377,     -0.315,      0.559,    β:       1.000
α:      -0.052,      1.259,      0.630,      0.378,     -0.316,      0.561,    β:       1.000
α:      -0.051,      1.261,      0.629,      0.379,     -0.317,      0.563,    β:       1.000
α:      -0.051,      1.262,      0.629,      0.379,     -0.317,      0.565,    β:       1.000
α:      -0.051,      1.264,      0.628,      0.380,     -0.318,      0.567,    β:       1.000
α:      -0.051,      1.265,      0.628,      0.381,     -0.319,      0.569,    β:       1.000
α:      -0.050,      1.266,      0.628,      0.382,     -0.320,      0.571,    β:       1.000
α:      -0.050,      1.268,      0.627,      0.383,     -0.320,      0.573,    β:       1.000
α:      -0.050,      1.269,      0.627,      0.384,     -0.321,      0.575,    β:       1.000
α:      -0.050,      1.271,      0.626,      0.385,     -0.322,      0.577,    β:       1.000
α:      -0.050,      1.272,      0.626,      0.386,     -0.323,      0.579,    β:       1.000
α:      -0.050,      1.273,      0.625,      0.387,     -0.323,      0.581,    β:       1.000
α:      -0.049,      1.275,      0.625,      0.387,     -0.324,      0.583,    β:       1.000
α:      -0.049,      1.276,      0.624,      0.388,     -0.325,      0.585,    β:       1.000
α:      -0.049,      1.277,      0.624,      0.389,     -0.325,      0.587,    β:       1.000
α:      -0.049,      1.278,      0.624,      0.390,     -0.326,      0.589,    β:       1.000
α:      -0.048,      1.280,      0.623,      0.391,     -0.327,      0.591,    β:       1.000
α:      -0.048,      1.281,      0.623,      0.391,     -0.327,      0.593,    β:       1.000
α:      -0.048,      1.282,      0.622,      0.392,     -0.328,      0.595,    β:       1.000
α:      -0.048,      1.283,      0.622,      0.393,     -0.328,      0.597,    β:       1.000
α:      -0.047,      1.284,      0.621,      0.393,     -0.329,      0.599,    β:       1.000
α:      -0.047,      1.285,      0.621,      0.394,     -0.330,      0.601,    β:       1.000
α:      -0.047,      1.286,      0.621,      0.395,     -0.330,      0.602,    β:       1.000
α:      -0.047,      1.287,      0.620,      0.396,     -0.331,      0.604,    β:       1.000
α:      -0.046,      1.288,      0.620,      0.396,     -0.331,      0.606,    β:       1.000
α:      -0.046,      1.289,      0.619,      0.397,     -0.332,      0.608,    β:       1.000
α:      -0.046,      1.290,      0.619,      0.398,     -0.333,      0.610,    β:       1.000
α:      -0.046,      1.291,      0.618,      0.399,     -0.333,      0.612,    β:       1.000
α:      -0.046,      1.292,      0.618,      0.399,     -0.334,      0.614,    β:       1.000
α:      -0.046,      1.292,      0.618,      0.400,     -0.334,      0.615,    β:       1.000
α:      -0.046,      1.293,      0.617,      0.401,     -0.335,      0.617,    β:       1.000
α:      -0.046,      1.294,      0.617,      0.401,     -0.336,      0.619,    β:       1.000
α:      -0.045,      1.295,      0.617,      0.402,     -0.336,      0.621,    β:       1.000
α:      -0.045,      1.296,      0.616,      0.403,     -0.337,      0.623,    β:       1.000
α:      -0.044,      1.296,      0.616,      0.403,     -0.337,      0.624,    β:       1.000
α:      -0.044,      1.297,      0.615,      0.404,     -0.337,      0.626,    β:       1.000
α:      -0.044,      1.298,      0.615,      0.404,     -0.338,      0.628,    β:       1.000
α:      -0.044,      1.298,      0.615,      0.405,     -0.338,      0.630,    β:       1.000
α:      -0.044,      1.299,      0.614,      0.406,     -0.339,      0.632,    β:       1.000
α:      -0.044,      1.300,      0.614,      0.406,     -0.339,      0.633,    β:       1.000
α:      -0.044,      1.300,      0.614,      0.407,     -0.340,      0.635,    β:       1.000
α:      -0.044,      1.301,      0.614,      0.407,     -0.340,      0.637,    β:       1.000
α:      -0.044,      1.301,      0.613,      0.408,     -0.341,      0.638,    β:       1.000
α:      -0.043,      1.302,      0.613,      0.408,     -0.341,      0.640,    β:       1.000
α:      -0.043,      1.302,      0.612,      0.409,     -0.342,      0.642,    β:       1.000
α:      -0.043,      1.303,      0.612,      0.410,     -0.342,      0.643,    β:       1.000
α:      -0.043,      1.304,      0.612,      0.410,     -0.343,      0.645,    β:       1.000
α:      -0.043,      1.304,      0.611,      0.411,     -0.343,      0.647,    β:       1.000
α:      -0.042,      1.305,      0.611,      0.411,     -0.344,      0.648,    β:       1.000
α:      -0.043,      1.305,      0.611,      0.412,     -0.344,      0.650,    β:       1.000
α:      -0.043,      1.306,      0.610,      0.412,     -0.344,      0.652,    β:       1.000
α:      -0.042,      1.306,      0.610,      0.413,     -0.345,      0.653,    β:       1.000
α:      -0.042,      1.307,      0.610,      0.413,     -0.345,      0.655,    β:       1.000
α:      -0.042,      1.307,      0.609,      0.414,     -0.346,      0.657,    β:       1.000
α:      -0.042,      1.307,      0.609,      0.414,     -0.346,      0.658,    β:       1.000
α:      -0.042,      1.308,      0.609,      0.415,     -0.347,      0.660,    β:       1.000
α:      -0.042,      1.308,      0.608,      0.415,     -0.347,      0.662,    β:       1.000
α:      -0.042,      1.309,      0.608,      0.416,     -0.347,      0.663,    β:       1.000
α:      -0.042,      1.309,      0.608,      0.416,     -0.348,      0.665,    β:       1.000
α:      -0.042,      1.309,      0.607,      0.417,     -0.348,      0.666,    β:       1.000
α:      -0.041,      1.310,      0.607,      0.417,     -0.348,      0.668,    β:       1.000
α:      -0.041,      1.310,      0.607,      0.418,     -0.349,      0.670,    β:       1.000
α:      -0.041,      1.310,      0.606,      0.418,     -0.349,      0.671,    β:       1.000
α:      -0.041,      1.311,      0.606,      0.418,     -0.349,      0.673,    β:       1.000
α:      -0.041,      1.311,      0.606,      0.419,     -0.350,      0.674,    β:       1.000
α:      -0.041,      1.311,      0.605,      0.419,     -0.350,      0.676,    β:       1.000
α:      -0.041,      1.312,      0.605,      0.420,     -0.351,      0.677,    β:       1.000
α:      -0.041,      1.312,      0.605,      0.420,     -0.351,      0.679,    β:       1.000
α:      -0.041,      1.312,      0.605,      0.421,     -0.351,      0.681,    β:       1.000
α:      -0.040,      1.313,      0.604,      0.421,     -0.351,      0.682,    β:       1.000
α:      -0.040,      1.313,      0.604,      0.421,     -0.352,      0.684,    β:       1.000
α:      -0.040,      1.313,      0.604,      0.422,     -0.352,      0.685,    β:       1.000
α:      -0.041,      1.313,      0.604,      0.422,     -0.353,      0.687,    β:       1.000
α:      -0.041,      1.313,      0.603,      0.423,     -0.353,      0.688,    β:       1.000
α:      -0.040,      1.314,      0.603,      0.423,     -0.353,      0.690,    β:       1.000
α:      -0.040,      1.314,      0.603,      0.424,     -0.353,      0.691,    β:       1.000
α:      -0.040,      1.314,      0.602,      0.424,     -0.354,      0.693,    β:       1.000
α:      -0.040,      1.314,      0.602,      0.424,     -0.354,      0.694,    β:       1.000
α:      -0.039,      1.315,      0.602,      0.425,     -0.354,      0.696,    β:       1.000
α:      -0.040,      1.315,      0.601,      0.425,     -0.355,      0.697,    β:       1.000
α:      -0.040,      1.315,      0.601,      0.426,     -0.355,      0.699,    β:       1.000
α:      -0.039,      1.315,      0.601,      0.426,     -0.355,      0.700,    β:       1.000
α:      -0.039,      1.315,      0.601,      0.426,     -0.356,      0.702,    β:       1.000
α:      -0.039,      1.315,      0.600,      0.426,     -0.356,      0.703,    β:       1.000
α:      -0.040,      1.315,      0.600,      0.427,     -0.356,      0.705,    β:       1.000
α:      -0.039,      1.316,      0.600,      0.427,     -0.356,      0.706,    β:       1.000
α:      -0.039,      1.316,      0.599,      0.428,     -0.357,      0.707,    β:       1.000
α:      -0.039,      1.316,      0.599,      0.428,     -0.357,      0.709,    β:       1.000
α:      -0.038,      1.316,      0.599,      0.428,     -0.357,      0.710,    β:       1.000
α:      -0.039,      1.316,      0.598,      0.429,     -0.357,      0.712,    β:       1.000
α:      -0.039,      1.316,      0.598,      0.429,     -0.358,      0.713,    β:       1.000
α:      -0.039,      1.316,      0.598,      0.429,     -0.358,      0.714,    β:       1.000
α:      -0.039,      1.316,      0.598,      0.430,     -0.358,      0.716,    β:       1.000
α:      -0.039,      1.316,      0.597,      0.430,     -0.358,      0.717,    β:       1.000
α:      -0.039,      1.317,      0.597,      0.430,     -0.358,      0.719,    β:       1.000
α:      -0.039,      1.317,      0.597,      0.431,     -0.359,      0.720,    β:       1.000
α:      -0.038,      1.317,      0.596,      0.431,     -0.359,      0.722,    β:       1.000
α:      -0.038,      1.317,      0.596,      0.431,     -0.359,      0.723,    β:       1.000
α:      -0.037,      1.317,      0.596,      0.432,     -0.359,      0.724,    β:       1.000
α:      -0.038,      1.317,      0.596,      0.432,     -0.360,      0.726,    β:       1.000
α:      -0.038,      1.317,      0.595,      0.432,     -0.360,      0.727,    β:       1.000
α:      -0.038,      1.317,      0.595,      0.433,     -0.360,      0.728,    β:       1.000
α:      -0.038,      1.317,      0.595,      0.433,     -0.360,      0.730,    β:       1.000
α:      -0.038,      1.317,      0.595,      0.433,     -0.361,      0.731,    β:       1.000
α:      -0.038,      1.317,      0.594,      0.434,     -0.361,      0.732,    β:       1.000
α:      -0.037,      1.317,      0.594,      0.434,     -0.361,      0.734,    β:       1.000
α:      -0.038,      1.317,      0.594,      0.434,     -0.361,      0.735,    β:       1.000
α:      -0.037,      1.317,      0.594,      0.434,     -0.362,      0.737,    β:       1.000
α:      -0.037,      1.317,      0.593,      0.435,     -0.362,      0.738,    β:       1.000
α:      -0.037,      1.317,      0.593,      0.435,     -0.362,      0.739,    β:       1.000
α:      -0.037,      1.317,      0.593,      0.435,     -0.362,      0.741,    β:       1.000
α:      -0.037,      1.317,      0.593,      0.436,     -0.362,      0.742,    β:       1.000
α:      -0.037,      1.317,      0.593,      0.436,     -0.363,      0.743,    β:       1.000
α:      -0.037,      1.317,      0.592,      0.436,     -0.363,      0.745,    β:       1.000
α:      -0.037,      1.317,      0.592,      0.436,     -0.363,      0.746,    β:       1.000
α:      -0.037,      1.317,      0.592,      0.437,     -0.363,      0.747,    β:       1.000
α:      -0.037,      1.317,      0.591,      0.437,     -0.363,      0.748,    β:       1.000
α:      -0.037,      1.317,      0.591,      0.437,     -0.363,      0.750,    β:       1.000
α:      -0.037,      1.317,      0.591,      0.437,     -0.364,      0.751,    β:       1.000
α:      -0.037,      1.317,      0.591,      0.438,     -0.364,      0.752,    β:       1.000
α:      -0.037,      1.317,      0.590,      0.438,     -0.364,      0.754,    β:       1.000
α:      -0.036,      1.317,      0.590,      0.438,     -0.364,      0.755,    β:       1.000
α:      -0.036,      1.317,      0.590,      0.439,     -0.364,      0.756,    β:       1.000
α:      -0.036,      1.317,      0.590,      0.439,     -0.365,      0.757,    β:       1.000
α:      -0.037,      1.317,      0.590,      0.439,     -0.365,      0.759,    β:       1.000
α:      -0.036,      1.317,      0.590,      0.439,     -0.365,      0.760,    β:       1.000
α:      -0.036,      1.317,      0.589,      0.440,     -0.365,      0.761,    β:       1.000
α:      -0.036,      1.317,      0.589,      0.440,     -0.365,      0.763,    β:       1.000
α:      -0.036,      1.317,      0.589,      0.440,     -0.366,      0.764,    β:       1.000
α:      -0.036,      1.317,      0.589,      0.440,     -0.366,      0.765,    β:       1.000
α:      -0.036,      1.317,      0.588,      0.441,     -0.366,      0.766,    β:       1.000
α:      -0.036,      1.317,      0.588,      0.441,     -0.366,      0.767,    β:       1.000
α:      -0.036,      1.317,      0.588,      0.441,     -0.366,      0.769,    β:       1.000
α:      -0.036,      1.316,      0.588,      0.441,     -0.366,      0.770,    β:       1.000
α:      -0.036,      1.316,      0.587,      0.441,     -0.366,      0.771,    β:       1.000
α:      -0.036,      1.316,      0.587,      0.442,     -0.367,      0.772,    β:       1.000
α:      -0.036,      1.316,      0.587,      0.442,     -0.367,      0.774,    β:       1.000
α:      -0.036,      1.316,      0.587,      0.442,     -0.367,      0.775,    β:       1.000
α:      -0.035,      1.316,      0.587,      0.442,     -0.367,      0.776,    β:       1.000
α:      -0.035,      1.316,      0.586,      0.443,     -0.367,      0.777,    β:       1.000
α:      -0.036,      1.316,      0.586,      0.443,     -0.367,      0.778,    β:       1.000
α:      -0.036,      1.316,      0.586,      0.443,     -0.367,      0.780,    β:       1.000
α:      -0.036,      1.316,      0.586,      0.443,     -0.368,      0.781,    β:       1.000
α:      -0.036,      1.316,      0.586,      0.444,     -0.368,      0.782,    β:       1.000
α:      -0.035,      1.316,      0.585,      0.444,     -0.368,      0.783,    β:       1.000
α:      -0.035,      1.316,      0.585,      0.444,     -0.368,      0.784,    β:       1.000
α:      -0.035,      1.316,      0.585,      0.444,     -0.368,      0.786,    β:       1.000
α:      -0.035,      1.315,      0.585,      0.444,     -0.368,      0.787,    β:       1.000
α:      -0.036,      1.315,      0.584,      0.445,     -0.368,      0.788,    β:       1.000
α:      -0.035,      1.315,      0.584,      0.445,     -0.368,      0.789,    β:       1.000
α:      -0.035,      1.315,      0.584,      0.445,     -0.369,      0.790,    β:       1.000
α:      -0.035,      1.315,      0.584,      0.445,     -0.369,      0.791,    β:       1.000
α:      -0.034,      1.315,      0.583,      0.445,     -0.369,      0.793,    β:       1.000
α:      -0.034,      1.315,      0.583,      0.446,     -0.369,      0.794,    β:       1.000
α:      -0.035,      1.315,      0.583,      0.446,     -0.369,      0.795,    β:       1.000
α:      -0.035,      1.315,      0.583,      0.446,     -0.369,      0.796,    β:       1.000
α:      -0.034,      1.314,      0.583,      0.446,     -0.369,      0.797,    β:       1.000
α:      -0.035,      1.314,      0.583,      0.446,     -0.370,      0.798,    β:       1.000
α:      -0.035,      1.314,      0.582,      0.447,     -0.370,      0.799,    β:       1.000
α:      -0.035,      1.314,      0.582,      0.447,     -0.370,      0.801,    β:       1.000
α:      -0.035,      1.314,      0.582,      0.447,     -0.370,      0.802,    β:       1.000
α:      -0.035,      1.314,      0.582,      0.447,     -0.370,      0.803,    β:       1.000
α:      -0.035,      1.314,      0.581,      0.447,     -0.370,      0.804,    β:       1.000
α:      -0.035,      1.314,      0.581,      0.448,     -0.370,      0.805,    β:       1.000
α:      -0.035,      1.313,      0.581,      0.448,     -0.370,      0.806,    β:       1.000
α:      -0.034,      1.313,      0.581,      0.448,     -0.370,      0.807,    β:       1.000
α:      -0.034,      1.313,      0.581,      0.448,     -0.371,      0.808,    β:       1.000
α:      -0.034,      1.313,      0.580,      0.448,     -0.371,      0.809,    β:       1.000
α:      -0.034,      1.313,      0.580,      0.449,     -0.371,      0.810,    β:       1.000
α:      -0.034,      1.313,      0.580,      0.449,     -0.371,      0.812,    β:       1.000
α:      -0.034,      1.313,      0.580,      0.449,     -0.371,      0.813,    β:       1.000
α:      -0.035,      1.313,      0.580,      0.449,     -0.371,      0.814,    β:       1.000
α:      -0.034,      1.313,      0.580,      0.449,     -0.371,      0.815,    β:       1.000
α:      -0.034,      1.313,      0.580,      0.449,     -0.371,      0.816,    β:       1.000
α:      -0.034,      1.312,      0.579,      0.450,     -0.371,      0.817,    β:       1.000
α:      -0.034,      1.312,      0.579,      0.450,     -0.371,      0.818,    β:       1.000
α:      -0.034,      1.312,      0.579,      0.450,     -0.371,      0.819,    β:       1.000
α:      -0.034,      1.312,      0.579,      0.450,     -0.371,      0.820,    β:       1.000
α:      -0.034,      1.312,      0.579,      0.450,     -0.372,      0.821,    β:       1.000
α:      -0.034,      1.312,      0.579,      0.450,     -0.372,      0.822,    β:       1.000
α:      -0.034,      1.312,      0.578,      0.450,     -0.372,      0.824,    β:       1.000
α:      -0.034,      1.312,      0.578,      0.451,     -0.372,      0.825,    β:       1.000
α:      -0.033,      1.311,      0.578,      0.451,     -0.372,      0.826,    β:       1.000
α:      -0.034,      1.311,      0.578,      0.451,     -0.372,      0.827,    β:       1.000
α:      -0.034,      1.311,      0.578,      0.451,     -0.372,      0.828,    β:       1.000
α:      -0.034,      1.311,      0.578,      0.451,     -0.372,      0.829,    β:       1.000
α:      -0.034,      1.311,      0.578,      0.451,     -0.372,      0.830,    β:       1.000
α:      -0.034,      1.311,      0.578,      0.451,     -0.372,      0.831,    β:       1.000
α:      -0.034,      1.311,      0.578,      0.452,     -0.373,      0.832,    β:       1.000
α:      -0.034,      1.310,      0.577,      0.452,     -0.373,      0.833,    β:       1.000
α:      -0.033,      1.310,      0.577,      0.452,     -0.373,      0.834,    β:       1.000
α:      -0.033,      1.310,      0.577,      0.452,     -0.373,      0.835,    β:       1.000
α:      -0.034,      1.310,      0.577,      0.452,     -0.373,      0.836,    β:       1.000
α:      -0.033,      1.310,      0.577,      0.452,     -0.373,      0.837,    β:       1.000
α:      -0.033,      1.310,      0.577,      0.452,     -0.373,      0.838,    β:       1.000
α:      -0.033,      1.310,      0.576,      0.453,     -0.373,      0.839,    β:       1.000
α:      -0.033,      1.310,      0.576,      0.453,     -0.373,      0.840,    β:       1.000
α:      -0.034,      1.309,      0.576,      0.453,     -0.374,      0.841,    β:       1.000
α:      -0.034,      1.309,      0.576,      0.453,     -0.374,      0.842,    β:       1.000
α:      -0.033,      1.309,      0.576,      0.453,     -0.374,      0.843,    β:       1.000
α:      -0.033,      1.309,      0.576,      0.453,     -0.374,      0.844,    β:       1.000
α:      -0.033,      1.309,      0.575,      0.454,     -0.374,      0.845,    β:       1.000
α:      -0.033,      1.309,      0.575,      0.454,     -0.374,      0.846,    β:       1.000
α:      -0.033,      1.309,      0.575,      0.454,     -0.374,      0.847,    β:       1.000
α:      -0.033,      1.308,      0.575,      0.454,     -0.374,      0.848,    β:       1.000
α:      -0.033,      1.308,      0.575,      0.454,     -0.374,      0.849,    β:       1.000
α:      -0.033,      1.308,      0.575,      0.454,     -0.374,      0.850,    β:       1.000
α:      -0.033,      1.308,      0.574,      0.454,     -0.374,      0.851,    β:       1.000
α:      -0.033,      1.308,      0.574,      0.454,     -0.374,      0.852,    β:       1.000
α:      -0.033,      1.308,      0.574,      0.455,     -0.374,      0.853,    β:       1.000
α:      -0.033,      1.308,      0.574,      0.455,     -0.375,      0.854,    β:       1.000
α:      -0.033,      1.308,      0.574,      0.455,     -0.375,      0.855,    β:       1.000
α:      -0.033,      1.308,      0.573,      0.455,     -0.375,      0.856,    β:       1.000
α:      -0.032,      1.307,      0.573,      0.455,     -0.375,      0.857,    β:       1.000
α:      -0.032,      1.307,      0.573,      0.455,     -0.375,      0.858,    β:       1.000
α:      -0.033,      1.307,      0.573,      0.455,     -0.375,      0.859,    β:       1.000
α:      -0.033,      1.307,      0.573,      0.456,     -0.375,      0.860,    β:       1.000
α:      -0.033,      1.307,      0.572,      0.456,     -0.375,      0.861,    β:       1.000
α:      -0.032,      1.307,      0.572,      0.456,     -0.375,      0.862,    β:       1.000
α:      -0.033,      1.307,      0.572,      0.456,     -0.375,      0.863,    β:       1.000
α:      -0.033,      1.306,      0.572,      0.456,     -0.375,      0.864,    β:       1.000
α:      -0.032,      1.306,      0.572,      0.456,     -0.375,      0.865,    β:       1.000
α:      -0.032,      1.306,      0.572,      0.456,     -0.375,      0.866,    β:       1.000
α:      -0.033,      1.306,      0.572,      0.457,     -0.375,      0.867,    β:       1.000
α:      -0.033,      1.306,      0.572,      0.457,     -0.375,      0.868,    β:       1.000
α:      -0.033,      1.306,      0.572,      0.457,     -0.375,      0.869,    β:       1.000
α:      -0.033,      1.306,      0.571,      0.457,     -0.375,      0.870,    β:       1.000
α:      -0.032,      1.305,      0.571,      0.457,     -0.375,      0.870,    β:       1.000
α:      -0.032,      1.305,      0.571,      0.457,     -0.375,      0.871,    β:       1.000
α:      -0.033,      1.305,      0.571,      0.457,     -0.375,      0.872,    β:       1.000
α:      -0.032,      1.305,      0.571,      0.457,     -0.375,      0.873,    β:       1.000
α:      -0.032,      1.305,      0.571,      0.458,     -0.376,      0.874,    β:       1.000
α:      -0.033,      1.305,      0.570,      0.458,     -0.376,      0.875,    β:       1.000
α:      -0.032,      1.304,      0.570,      0.458,     -0.376,      0.876,    β:       1.000
α:      -0.032,      1.304,      0.570,      0.458,     -0.376,      0.877,    β:       1.000
α:      -0.032,      1.304,      0.570,      0.458,     -0.376,      0.878,    β:       1.000
α:      -0.032,      1.304,      0.570,      0.458,     -0.376,      0.879,    β:       1.000
α:      -0.032,      1.304,      0.570,      0.458,     -0.376,      0.880,    β:       1.000
α:      -0.032,      1.304,      0.569,      0.458,     -0.376,      0.880,    β:       1.000
α:      -0.032,      1.304,      0.569,      0.459,     -0.376,      0.881,    β:       1.000
α:      -0.032,      1.304,      0.569,      0.459,     -0.376,      0.882,    β:       1.000
α:      -0.032,      1.303,      0.569,      0.459,     -0.376,      0.883,    β:       1.000
α:      -0.033,      1.303,      0.569,      0.459,     -0.376,      0.884,    β:       1.000
α:      -0.032,      1.303,      0.569,      0.459,     -0.376,      0.885,    β:       1.000
α:      -0.033,      1.303,      0.569,      0.459,     -0.376,      0.886,    β:       1.000
α:      -0.032,      1.303,      0.569,      0.459,     -0.376,      0.887,    β:       1.000
α:      -0.033,      1.303,      0.568,      0.459,     -0.376,      0.887,    β:       1.000
α:      -0.032,      1.303,      0.568,      0.459,     -0.376,      0.888,    β:       1.000
α:      -0.032,      1.303,      0.568,      0.460,     -0.376,      0.889,    β:       1.000
α:      -0.032,      1.302,      0.568,      0.460,     -0.376,      0.890,    β:       1.000
α:      -0.032,      1.302,      0.568,      0.460,     -0.376,      0.891,    β:       1.000
α:      -0.032,      1.302,      0.568,      0.460,     -0.376,      0.892,    β:       1.000
α:      -0.032,      1.302,      0.568,      0.460,     -0.377,      0.893,    β:       1.000
α:      -0.032,      1.302,      0.567,      0.460,     -0.377,      0.894,    β:       1.000
α:      -0.032,      1.302,      0.567,      0.460,     -0.377,      0.894,    β:       1.000
α:      -0.032,      1.301,      0.567,      0.460,     -0.377,      0.895,    β:       1.000
α:      -0.032,      1.301,      0.567,      0.460,     -0.377,      0.896,    β:       1.000
α:      -0.032,      1.301,      0.567,      0.460,     -0.377,      0.897,    β:       1.000
α:      -0.032,      1.301,      0.566,      0.461,     -0.377,      0.898,    β:       1.000
α:      -0.032,      1.301,      0.566,      0.461,     -0.377,      0.899,    β:       1.000
α:      -0.032,      1.301,      0.566,      0.461,     -0.377,      0.899,    β:       1.000
α:      -0.032,      1.301,      0.566,      0.461,     -0.377,      0.900,    β:       1.000
α:      -0.032,      1.301,      0.566,      0.461,     -0.377,      0.901,    β:       1.000
α:      -0.032,      1.301,      0.566,      0.461,     -0.377,      0.902,    β:       1.000
α:      -0.032,      1.300,      0.566,      0.461,     -0.377,      0.903,    β:       1.000
α:      -0.032,      1.300,      0.566,      0.461,     -0.377,      0.904,    β:       1.000
α:      -0.032,      1.300,      0.566,      0.462,     -0.377,      0.904,    β:       1.000
α:      -0.032,      1.300,      0.566,      0.462,     -0.378,      0.905,    β:       1.000
α:      -0.032,      1.300,      0.565,      0.462,     -0.378,      0.906,    β:       1.000
α:      -0.032,      1.300,      0.565,      0.462,     -0.378,      0.907,    β:       1.000
α:      -0.032,      1.300,      0.565,      0.462,     -0.378,      0.908,    β:       1.000
α:      -0.032,      1.299,      0.565,      0.462,     -0.378,      0.908,    β:       1.000
α:      -0.032,      1.299,      0.565,      0.462,     -0.378,      0.909,    β:       1.000
α:      -0.032,      1.299,      0.565,      0.462,     -0.378,      0.910,    β:       1.000
α:      -0.032,      1.299,      0.565,      0.462,     -0.378,      0.911,    β:       1.000
α:      -0.032,      1.299,      0.565,      0.462,     -0.378,      0.912,    β:       1.000
α:      -0.031,      1.299,      0.564,      0.463,     -0.378,      0.913,    β:       1.000
α:      -0.032,      1.299,      0.564,      0.463,     -0.378,      0.913,    β:       1.000
α:      -0.032,      1.298,      0.564,      0.463,     -0.378,      0.914,    β:       1.000
α:      -0.031,      1.298,      0.564,      0.463,     -0.378,      0.915,    β:       1.000
α:      -0.031,      1.298,      0.564,      0.463,     -0.378,      0.916,    β:       1.000
α:      -0.031,      1.298,      0.564,      0.463,     -0.378,      0.917,    β:       1.000
α:      -0.031,      1.298,      0.564,      0.463,     -0.378,      0.917,    β:       1.000
α:      -0.031,      1.298,      0.564,      0.463,     -0.378,      0.918,    β:       1.000
α:      -0.031,      1.298,      0.564,      0.463,     -0.378,      0.919,    β:       1.000
α:      -0.031,      1.297,      0.564,      0.463,     -0.378,      0.920,    β:       1.000
α:      -0.031,      1.297,      0.563,      0.464,     -0.378,      0.920,    β:       1.000
α:      -0.031,      1.297,      0.563,      0.464,     -0.378,      0.921,    β:       1.000
α:      -0.031,      1.297,      0.563,      0.464,     -0.378,      0.922,    β:       1.000
α:      -0.031,      1.297,      0.563,      0.464,     -0.378,      0.923,    β:       1.000
α:      -0.031,      1.297,      0.563,      0.464,     -0.378,      0.924,    β:       1.000
α:      -0.031,      1.297,      0.563,      0.464,     -0.378,      0.924,    β:       1.000
α:      -0.031,      1.297,      0.563,      0.464,     -0.378,      0.925,    β:       1.000
α:      -0.031,      1.297,      0.562,      0.464,     -0.378,      0.926,    β:       1.000
α:      -0.031,      1.297,      0.562,      0.464,     -0.378,      0.927,    β:       1.000
α:      -0.031,      1.297,      0.562,      0.464,     -0.378,      0.927,    β:       1.000
α:      -0.031,      1.297,      0.562,      0.464,     -0.378,      0.928,    β:       1.000
α:      -0.032,      1.297,      0.562,      0.465,     -0.378,      0.929,    β:       1.000
α:      -0.031,      1.296,      0.562,      0.465,     -0.378,      0.930,    β:       1.000
α:      -0.031,      1.296,      0.562,      0.465,     -0.379,      0.930,    β:       1.000
α:      -0.031,      1.296,      0.562,      0.465,     -0.379,      0.931,    β:       1.000
α:      -0.031,      1.296,      0.562,      0.465,     -0.379,      0.932,    β:       1.000
α:      -0.031,      1.296,      0.561,      0.465,     -0.379,      0.933,    β:       1.000
α:      -0.031,      1.296,      0.561,      0.465,     -0.379,      0.934,    β:       1.000
α:      -0.031,      1.296,      0.561,      0.465,     -0.379,      0.934,    β:       1.000
α:      -0.031,      1.296,      0.561,      0.465,     -0.379,      0.935,    β:       1.000
α:      -0.031,      1.296,      0.561,      0.465,     -0.379,      0.936,    β:       1.000
α:      -0.031,      1.296,      0.561,      0.466,     -0.379,      0.936,    β:       1.000
α:      -0.031,      1.295,      0.561,      0.466,     -0.379,      0.937,    β:       1.000
α:      -0.031,      1.295,      0.561,      0.466,     -0.379,      0.938,    β:       1.000
α:      -0.031,      1.295,      0.561,      0.466,     -0.379,      0.939,    β:       1.000
α:      -0.031,      1.295,      0.561,      0.466,     -0.379,      0.939,    β:       1.000
α:      -0.031,      1.295,      0.560,      0.466,     -0.379,      0.940,    β:       1.000
α:      -0.031,      1.295,      0.560,      0.466,     -0.379,      0.941,    β:       1.000
α:      -0.031,      1.295,      0.560,      0.466,     -0.379,      0.941,    β:       1.000
α:      -0.031,      1.294,      0.560,      0.466,     -0.379,      0.942,    β:       1.000
α:      -0.031,      1.294,      0.560,      0.466,     -0.379,      0.943,    β:       1.000
α:      -0.031,      1.294,      0.560,      0.466,     -0.379,      0.944,    β:       1.000
α:      -0.031,      1.294,      0.560,      0.466,     -0.379,      0.944,    β:       1.000
α:      -0.031,      1.294,      0.560,      0.466,     -0.379,      0.945,    β:       1.000
α:      -0.031,      1.294,      0.560,      0.466,     -0.379,      0.946,    β:       1.000
α:      -0.031,      1.294,      0.560,      0.467,     -0.379,      0.946,    β:       1.000
α:      -0.031,      1.294,      0.559,      0.467,     -0.379,      0.947,    β:       1.000
α:      -0.031,      1.293,      0.559,      0.467,     -0.379,      0.948,    β:       1.000
α:      -0.031,      1.293,      0.559,      0.467,     -0.379,      0.949,    β:       1.000
α:      -0.031,      1.293,      0.559,      0.467,     -0.379,      0.949,    β:       1.000
α:      -0.031,      1.293,      0.559,      0.467,     -0.380,      0.950,    β:       1.000
α:      -0.031,      1.293,      0.559,      0.467,     -0.380,      0.951,    β:       1.000
α:      -0.030,      1.293,      0.559,      0.467,     -0.379,      0.951,    β:       1.000
α:      -0.031,      1.293,      0.559,      0.467,     -0.380,      0.952,    β:       1.000
α:      -0.030,      1.293,      0.559,      0.467,     -0.380,      0.953,    β:       1.000
α:      -0.030,      1.293,      0.558,      0.467,     -0.380,      0.954,    β:       1.000
α:      -0.031,      1.292,      0.558,      0.467,     -0.380,      0.954,    β:       1.000
α:      -0.031,      1.292,      0.558,      0.467,     -0.380,      0.955,    β:       1.000
α:      -0.030,      1.292,      0.558,      0.467,     -0.380,      0.956,    β:       1.000
α:      -0.031,      1.292,      0.558,      0.467,     -0.380,      0.956,    β:       1.000
α:      -0.031,      1.292,      0.558,      0.467,     -0.380,      0.957,    β:       1.000
α:      -0.031,      1.292,      0.558,      0.467,     -0.380,      0.958,    β:       1.000
α:      -0.030,      1.292,      0.558,      0.467,     -0.380,      0.958,    β:       1.000
α:      -0.030,      1.292,      0.557,      0.468,     -0.380,      0.959,    β:       1.000
α:      -0.030,      1.292,      0.557,      0.468,     -0.380,      0.960,    β:       1.000
α:      -0.030,      1.292,      0.557,      0.468,     -0.380,      0.960,    β:       1.000
α:      -0.031,      1.291,      0.557,      0.468,     -0.380,      0.961,    β:       1.000
α:      -0.030,      1.291,      0.557,      0.468,     -0.380,      0.962,    β:       1.000
α:      -0.030,      1.291,      0.557,      0.468,     -0.380,      0.962,    β:       1.000
α:      -0.030,      1.291,      0.557,      0.468,     -0.380,      0.963,    β:       1.000
α:      -0.030,      1.291,      0.557,      0.468,     -0.380,      0.964,    β:       1.000
α:      -0.030,      1.291,      0.557,      0.468,     -0.380,      0.964,    β:       1.000
α:      -0.030,      1.291,      0.557,      0.468,     -0.380,      0.965,    β:       1.000
α:      -0.030,      1.291,      0.557,      0.468,     -0.380,      0.966,    β:       1.000
α:      -0.030,      1.291,      0.557,      0.468,     -0.380,      0.966,    β:       1.000
α:      -0.031,      1.290,      0.557,      0.468,     -0.381,      0.967,    β:       1.000
α:      -0.030,      1.290,      0.556,      0.468,     -0.380,      0.968,    β:       1.000
α:      -0.031,      1.290,      0.556,      0.469,     -0.381,      0.968,    β:       1.000
α:      -0.030,      1.290,      0.556,      0.469,     -0.381,      0.969,    β:       1.000
α:      -0.030,      1.290,      0.556,      0.469,     -0.381,      0.970,    β:       1.000
α:      -0.030,      1.290,      0.556,      0.469,     -0.381,      0.970,    β:       1.000
α:      -0.030,      1.290,      0.556,      0.469,     -0.380,      0.971,    β:       1.000
α:      -0.030,      1.290,      0.556,      0.469,     -0.380,      0.972,    β:       1.000
α:      -0.030,      1.290,      0.556,      0.469,     -0.381,      0.972,    β:       1.000
α:      -0.030,      1.290,      0.556,      0.469,     -0.381,      0.973,    β:       1.000
α:      -0.030,      1.289,      0.556,      0.469,     -0.381,      0.974,    β:       1.000
α:      -0.030,      1.289,      0.556,      0.469,     -0.381,      0.974,    β:       1.000
α:      -0.030,      1.289,      0.555,      0.469,     -0.381,      0.975,    β:       1.000
α:      -0.030,      1.289,      0.555,      0.469,     -0.381,      0.975,    β:       1.000
α:      -0.030,      1.289,      0.555,      0.469,     -0.381,      0.976,    β:       1.000
α:      -0.030,      1.289,      0.555,      0.469,     -0.381,      0.977,    β:       1.000
α:      -0.030,      1.289,      0.555,      0.469,     -0.381,      0.977,    β:       1.000
α:      -0.030,      1.289,      0.555,      0.469,     -0.381,      0.978,    β:       1.000
α:      -0.030,      1.288,      0.555,      0.469,     -0.381,      0.979,    β:       1.000
α:      -0.030,      1.288,      0.555,      0.469,     -0.381,      0.979,    β:       1.000
α:      -0.030,      1.288,      0.555,      0.469,     -0.381,      0.980,    β:       1.000
α:      -0.030,      1.288,      0.555,      0.469,     -0.381,      0.980,    β:       1.000
α:      -0.030,      1.288,      0.555,      0.469,     -0.381,      0.981,    β:       1.000
α:      -0.030,      1.288,      0.554,      0.469,     -0.381,      0.982,    β:       1.000
α:      -0.030,      1.288,      0.554,      0.469,     -0.381,      0.982,    β:       1.000
α:      -0.030,      1.288,      0.554,      0.470,     -0.381,      0.983,    β:       1.000
α:      -0.030,      1.288,      0.554,      0.470,     -0.381,      0.983,    β:       1.000
α:      -0.030,      1.288,      0.554,      0.470,     -0.381,      0.984,    β:       1.000
α:      -0.030,      1.288,      0.554,      0.470,     -0.381,      0.985,    β:       1.000
α:      -0.030,      1.288,      0.554,      0.470,     -0.381,      0.985,    β:       1.000
α:      -0.030,      1.287,      0.554,      0.470,     -0.381,      0.986,    β:       1.000
α:      -0.030,      1.287,      0.554,      0.470,     -0.381,      0.986,    β:       1.000
α:      -0.030,      1.287,      0.554,      0.470,     -0.381,      0.987,    β:       1.000
α:      -0.030,      1.287,      0.554,      0.470,     -0.381,      0.988,    β:       1.000
α:      -0.030,      1.287,      0.554,      0.470,     -0.381,      0.988,    β:       1.000
α:      -0.030,      1.287,      0.553,      0.470,     -0.381,      0.989,    β:       1.000
α:      -0.030,      1.287,      0.553,      0.470,     -0.381,      0.989,    β:       1.000
α:      -0.030,      1.287,      0.553,      0.470,     -0.381,      0.990,    β:       1.000
α:      -0.030,      1.287,      0.553,      0.470,     -0.381,      0.991,    β:       1.000
α:      -0.030,      1.287,      0.553,      0.470,     -0.381,      0.991,    β:       1.000
α:      -0.029,      1.287,      0.553,      0.470,     -0.381,      0.992,    β:       1.000
α:      -0.029,      1.287,      0.553,      0.470,     -0.381,      0.992,    β:       1.000
α:      -0.030,      1.287,      0.552,      0.471,     -0.381,      0.993,    β:       1.000
α:      -0.030,      1.286,      0.552,      0.471,     -0.381,      0.993,    β:       1.000
α:      -0.030,      1.286,      0.552,      0.471,     -0.381,      0.994,    β:       1.000
α:      -0.030,      1.286,      0.552,      0.471,     -0.382,      0.995,    β:       1.000
α:      -0.030,      1.286,      0.552,      0.471,     -0.382,      0.995,    β:       1.000
α:      -0.030,      1.286,      0.552,      0.471,     -0.382,      0.996,    β:       1.000
α:      -0.030,      1.286,      0.552,      0.471,     -0.382,      0.996,    β:       1.000
α:      -0.030,      1.286,      0.552,      0.471,     -0.382,      0.997,    β:       1.000
α:      -0.030,      1.286,      0.552,      0.471,     -0.382,      0.997,    β:       1.000
α:      -0.030,      1.286,      0.552,      0.471,     -0.382,      0.998,    β:       1.000
