α0:      0.191,      0.126,      0.028,      0.384,     -0.263,     -1.106,    β0:      1.000
α:       0.101,      0.102,      0.076,      0.039,     -0.039,     -0.047,    β:       1.000
α:       0.150,      0.152,      0.105,      0.062,     -0.063,     -0.079,    β:       1.000
α:       0.178,      0.181,      0.117,      0.078,     -0.080,     -0.104,    β:       1.000
α:       0.196,      0.199,      0.122,      0.090,     -0.094,     -0.126,    β:       1.000
α:       0.209,      0.211,      0.123,      0.100,     -0.106,     -0.145,    β:       1.000
α:       0.217,      0.219,      0.123,      0.108,     -0.117,     -0.164,    β:       1.000
α:       0.223,      0.225,      0.121,      0.116,     -0.127,     -0.181,    β:       1.000
α:       0.226,      0.229,      0.118,      0.123,     -0.136,     -0.197,    β:       1.000
α:       0.229,      0.230,      0.115,      0.129,     -0.144,     -0.213,    β:       1.000
α:       0.231,      0.231,      0.112,      0.134,     -0.153,     -0.228,    β:       1.000
α:       0.231,      0.232,      0.109,      0.140,     -0.161,     -0.243,    β:       1.000
α:       0.231,      0.231,      0.106,      0.144,     -0.168,     -0.257,    β:       1.000
α:       0.231,      0.230,      0.103,      0.149,     -0.176,     -0.271,    β:       1.000
α:       0.230,      0.229,      0.100,      0.154,     -0.183,     -0.285,    β:       1.000
α:       0.230,      0.228,      0.098,      0.158,     -0.190,     -0.298,    β:       1.000
α:       0.229,      0.227,      0.096,      0.162,     -0.196,     -0.311,    β:       1.000
α:       0.228,      0.226,      0.093,      0.166,     -0.203,     -0.324,    β:       1.000
α:       0.227,      0.224,      0.091,      0.170,     -0.209,     -0.336,    β:       1.000
α:       0.226,      0.223,      0.088,      0.174,     -0.215,     -0.348,    β:       1.000
α:       0.224,      0.221,      0.086,      0.177,     -0.221,     -0.360,    β:       1.000
α:       0.224,      0.220,      0.084,      0.181,     -0.227,     -0.372,    β:       1.000
α:       0.223,      0.218,      0.082,      0.184,     -0.232,     -0.383,    β:       1.000
α:       0.222,      0.216,      0.080,      0.187,     -0.238,     -0.394,    β:       1.000
α:       0.220,      0.215,      0.078,      0.190,     -0.243,     -0.405,    β:       1.000
α:       0.219,      0.213,      0.076,      0.194,     -0.248,     -0.416,    β:       1.000
α:       0.218,      0.212,      0.074,      0.196,     -0.253,     -0.426,    β:       1.000
α:       0.217,      0.210,      0.073,      0.199,     -0.258,     -0.437,    β:       1.000
α:       0.216,      0.209,      0.071,      0.202,     -0.263,     -0.447,    β:       1.000
α:       0.215,      0.207,      0.069,      0.205,     -0.268,     -0.457,    β:       1.000
α:       0.214,      0.206,      0.067,      0.207,     -0.272,     -0.466,    β:       1.000
α:       0.214,      0.205,      0.066,      0.210,     -0.277,     -0.476,    β:       1.000
α:       0.213,      0.203,      0.064,      0.212,     -0.281,     -0.485,    β:       1.000
α:       0.212,      0.202,      0.063,      0.215,     -0.285,     -0.495,    β:       1.000
α:       0.211,      0.201,      0.062,      0.217,     -0.289,     -0.504,    β:       1.000
α:       0.210,      0.200,      0.060,      0.219,     -0.293,     -0.513,    β:       1.000
α:       0.209,      0.199,      0.059,      0.221,     -0.297,     -0.521,    β:       1.000
α:       0.209,      0.197,      0.057,      0.224,     -0.301,     -0.530,    β:       1.000
α:       0.208,      0.196,      0.056,      0.226,     -0.305,     -0.538,    β:       1.000
α:       0.207,      0.195,      0.055,      0.228,     -0.308,     -0.546,    β:       1.000
α:       0.207,      0.194,      0.053,      0.229,     -0.312,     -0.555,    β:       1.000
α:       0.206,      0.193,      0.052,      0.231,     -0.315,     -0.563,    β:       1.000
α:       0.205,      0.192,      0.051,      0.233,     -0.319,     -0.570,    β:       1.000
α:       0.204,      0.191,      0.050,      0.235,     -0.322,     -0.578,    β:       1.000
α:       0.204,      0.190,      0.049,      0.236,     -0.325,     -0.586,    β:       1.000
α:       0.203,      0.190,      0.048,      0.238,     -0.328,     -0.593,    β:       1.000
α:       0.202,      0.189,      0.047,      0.240,     -0.331,     -0.601,    β:       1.000
α:       0.202,      0.188,      0.046,      0.241,     -0.334,     -0.608,    β:       1.000
α:       0.201,      0.187,      0.045,      0.243,     -0.337,     -0.615,    β:       1.000
α:       0.201,      0.186,      0.044,      0.244,     -0.340,     -0.622,    β:       1.000
α:       0.200,      0.185,      0.043,      0.246,     -0.343,     -0.629,    β:       1.000
α:       0.200,      0.185,      0.042,      0.247,     -0.346,     -0.635,    β:       1.000
α:       0.200,      0.184,      0.041,      0.248,     -0.348,     -0.642,    β:       1.000
α:       0.199,      0.184,      0.040,      0.250,     -0.351,     -0.648,    β:       1.000
α:       0.199,      0.183,      0.039,      0.251,     -0.353,     -0.655,    β:       1.000
α:       0.198,      0.182,      0.038,      0.252,     -0.355,     -0.661,    β:       1.000
α:       0.198,      0.182,      0.037,      0.253,     -0.358,     -0.667,    β:       1.000
α:       0.198,      0.182,      0.037,      0.254,     -0.360,     -0.673,    β:       1.000
α:       0.197,      0.181,      0.036,      0.255,     -0.362,     -0.679,    β:       1.000
α:       0.197,      0.180,      0.035,      0.256,     -0.365,     -0.685,    β:       1.000
α:       0.196,      0.180,      0.035,      0.257,     -0.367,     -0.691,    β:       1.000
α:       0.196,      0.179,      0.034,      0.258,     -0.369,     -0.697,    β:       1.000
α:       0.196,      0.178,      0.034,      0.259,     -0.371,     -0.703,    β:       1.000
α:       0.196,      0.178,      0.033,      0.260,     -0.373,     -0.708,    β:       1.000
α:       0.195,      0.177,      0.033,      0.261,     -0.375,     -0.714,    β:       1.000
α:       0.195,      0.176,      0.032,      0.262,     -0.377,     -0.719,    β:       1.000
α:       0.194,      0.176,      0.032,      0.263,     -0.379,     -0.724,    β:       1.000
α:       0.194,      0.176,      0.031,      0.263,     -0.381,     -0.729,    β:       1.000
α:       0.194,      0.176,      0.030,      0.264,     -0.382,     -0.735,    β:       1.000
α:       0.193,      0.175,      0.030,      0.265,     -0.384,     -0.739,    β:       1.000
α:       0.193,      0.175,      0.029,      0.266,     -0.386,     -0.744,    β:       1.000
α:       0.193,      0.175,      0.028,      0.266,     -0.387,     -0.749,    β:       1.000
α:       0.193,      0.174,      0.027,      0.267,     -0.389,     -0.754,    β:       1.000
α:       0.193,      0.174,      0.027,      0.268,     -0.391,     -0.759,    β:       1.000
α:       0.192,      0.174,      0.026,      0.268,     -0.392,     -0.764,    β:       1.000
α:       0.192,      0.173,      0.026,      0.269,     -0.394,     -0.768,    β:       1.000
α:       0.192,      0.173,      0.026,      0.269,     -0.395,     -0.773,    β:       1.000
α:       0.192,      0.172,      0.026,      0.270,     -0.397,     -0.778,    β:       1.000
α:       0.191,      0.172,      0.025,      0.270,     -0.398,     -0.782,    β:       1.000
α:       0.191,      0.171,      0.025,      0.271,     -0.399,     -0.786,    β:       1.000
α:       0.191,      0.171,      0.024,      0.271,     -0.401,     -0.791,    β:       1.000
α:       0.191,      0.171,      0.024,      0.272,     -0.402,     -0.795,    β:       1.000
α:       0.191,      0.171,      0.023,      0.272,     -0.403,     -0.799,    β:       1.000
α:       0.191,      0.170,      0.022,      0.272,     -0.404,     -0.803,    β:       1.000
α:       0.191,      0.170,      0.022,      0.273,     -0.406,     -0.807,    β:       1.000
α:       0.190,      0.170,      0.021,      0.273,     -0.407,     -0.811,    β:       1.000
α:       0.190,      0.170,      0.021,      0.273,     -0.408,     -0.815,    β:       1.000
α:       0.190,      0.170,      0.020,      0.274,     -0.409,     -0.819,    β:       1.000
α:       0.190,      0.169,      0.020,      0.274,     -0.410,     -0.823,    β:       1.000
α:       0.190,      0.169,      0.020,      0.274,     -0.411,     -0.827,    β:       1.000
α:       0.190,      0.169,      0.020,      0.274,     -0.412,     -0.830,    β:       1.000
α:       0.190,      0.169,      0.019,      0.275,     -0.413,     -0.834,    β:       1.000
α:       0.190,      0.168,      0.019,      0.275,     -0.414,     -0.838,    β:       1.000
α:       0.190,      0.168,      0.018,      0.275,     -0.415,     -0.841,    β:       1.000
α:       0.190,      0.168,      0.018,      0.275,     -0.416,     -0.845,    β:       1.000
α:       0.189,      0.168,      0.018,      0.276,     -0.417,     -0.848,    β:       1.000
α:       0.189,      0.168,      0.017,      0.276,     -0.418,     -0.852,    β:       1.000
α:       0.189,      0.168,      0.017,      0.276,     -0.419,     -0.855,    β:       1.000
α:       0.189,      0.167,      0.017,      0.276,     -0.419,     -0.858,    β:       1.000
α:       0.189,      0.167,      0.016,      0.276,     -0.420,     -0.862,    β:       1.000
α:       0.189,      0.167,      0.016,      0.276,     -0.421,     -0.865,    β:       1.000
α:       0.189,      0.167,      0.015,      0.276,     -0.422,     -0.868,    β:       1.000
α:       0.188,      0.166,      0.015,      0.276,     -0.423,     -0.871,    β:       1.000
α:       0.188,      0.166,      0.015,      0.276,     -0.423,     -0.874,    β:       1.000
α:       0.188,      0.166,      0.015,      0.277,     -0.424,     -0.878,    β:       1.000
α:       0.188,      0.166,      0.014,      0.277,     -0.425,     -0.881,    β:       1.000
α:       0.188,      0.166,      0.014,      0.277,     -0.425,     -0.884,    β:       1.000
α:       0.188,      0.166,      0.014,      0.277,     -0.426,     -0.887,    β:       1.000
α:       0.188,      0.165,      0.014,      0.277,     -0.427,     -0.890,    β:       1.000
α:       0.188,      0.166,      0.013,      0.277,     -0.427,     -0.892,    β:       1.000
α:       0.188,      0.165,      0.013,      0.277,     -0.428,     -0.895,    β:       1.000
α:       0.188,      0.165,      0.013,      0.277,     -0.429,     -0.898,    β:       1.000
α:       0.188,      0.165,      0.013,      0.277,     -0.429,     -0.901,    β:       1.000
α:       0.188,      0.165,      0.012,      0.277,     -0.430,     -0.904,    β:       1.000
α:       0.188,      0.165,      0.013,      0.277,     -0.431,     -0.906,    β:       1.000
α:       0.188,      0.165,      0.012,      0.277,     -0.431,     -0.909,    β:       1.000
α:       0.188,      0.164,      0.011,      0.277,     -0.432,     -0.912,    β:       1.000
α:       0.188,      0.164,      0.012,      0.277,     -0.432,     -0.914,    β:       1.000
α:       0.188,      0.164,      0.011,      0.277,     -0.433,     -0.917,    β:       1.000
α:       0.188,      0.164,      0.011,      0.277,     -0.434,     -0.919,    β:       1.000
α:       0.187,      0.164,      0.011,      0.277,     -0.434,     -0.922,    β:       1.000
α:       0.188,      0.164,      0.011,      0.277,     -0.434,     -0.924,    β:       1.000
α:       0.187,      0.164,      0.010,      0.277,     -0.435,     -0.927,    β:       1.000
α:       0.188,      0.163,      0.010,      0.277,     -0.435,     -0.929,    β:       1.000
α:       0.188,      0.163,      0.010,      0.277,     -0.436,     -0.932,    β:       1.000
α:       0.188,      0.163,      0.010,      0.276,     -0.436,     -0.934,    β:       1.000
α:       0.187,      0.164,      0.010,      0.276,     -0.437,     -0.936,    β:       1.000
α:       0.187,      0.163,      0.009,      0.276,     -0.437,     -0.939,    β:       1.000
α:       0.187,      0.163,      0.009,      0.276,     -0.437,     -0.941,    β:       1.000
α:       0.187,      0.163,      0.009,      0.276,     -0.438,     -0.943,    β:       1.000
α:       0.187,      0.163,      0.009,      0.276,     -0.438,     -0.946,    β:       1.000
α:       0.188,      0.163,      0.009,      0.276,     -0.439,     -0.948,    β:       1.000
α:       0.187,      0.163,      0.008,      0.276,     -0.439,     -0.950,    β:       1.000
α:       0.187,      0.163,      0.008,      0.276,     -0.439,     -0.952,    β:       1.000
α:       0.187,      0.163,      0.008,      0.275,     -0.440,     -0.954,    β:       1.000
α:       0.187,      0.163,      0.008,      0.275,     -0.440,     -0.956,    β:       1.000
α:       0.187,      0.163,      0.007,      0.275,     -0.441,     -0.958,    β:       1.000
α:       0.186,      0.163,      0.007,      0.275,     -0.441,     -0.960,    β:       1.000
α:       0.187,      0.163,      0.007,      0.275,     -0.441,     -0.962,    β:       1.000
α:       0.187,      0.163,      0.006,      0.275,     -0.442,     -0.964,    β:       1.000
α:       0.187,      0.163,      0.006,      0.275,     -0.442,     -0.966,    β:       1.000
α:       0.187,      0.163,      0.006,      0.274,     -0.442,     -0.968,    β:       1.000
α:       0.187,      0.163,      0.006,      0.274,     -0.443,     -0.970,    β:       1.000
α:       0.187,      0.162,      0.007,      0.274,     -0.443,     -0.972,    β:       1.000
α:       0.187,      0.163,      0.007,      0.274,     -0.443,     -0.974,    β:       1.000
α:       0.187,      0.162,      0.006,      0.274,     -0.443,     -0.976,    β:       1.000
α:       0.187,      0.162,      0.006,      0.273,     -0.444,     -0.978,    β:       1.000
α:       0.187,      0.162,      0.006,      0.273,     -0.444,     -0.979,    β:       1.000
α:       0.187,      0.162,      0.005,      0.273,     -0.444,     -0.981,    β:       1.000
α:       0.186,      0.162,      0.005,      0.273,     -0.445,     -0.983,    β:       1.000
α:       0.187,      0.162,      0.005,      0.273,     -0.445,     -0.985,    β:       1.000
α:       0.187,      0.162,      0.005,      0.273,     -0.445,     -0.986,    β:       1.000
α:       0.187,      0.162,      0.006,      0.273,     -0.445,     -0.988,    β:       1.000
α:       0.187,      0.162,      0.005,      0.272,     -0.446,     -0.990,    β:       1.000
α:       0.187,      0.162,      0.005,      0.272,     -0.446,     -0.991,    β:       1.000
α:       0.187,      0.161,      0.005,      0.272,     -0.446,     -0.993,    β:       1.000
α:       0.187,      0.161,      0.004,      0.272,     -0.446,     -0.995,    β:       1.000
α:       0.187,      0.161,      0.004,      0.272,     -0.446,     -0.996,    β:       1.000
α:       0.188,      0.161,      0.005,      0.271,     -0.447,     -0.998,    β:       1.000
α:       0.188,      0.161,      0.005,      0.271,     -0.447,     -0.999,    β:       1.000
α:       0.188,      0.161,      0.004,      0.271,     -0.447,     -1.001,    β:       1.000
α:       0.188,      0.161,      0.004,      0.271,     -0.447,     -1.002,    β:       1.000
α:       0.187,      0.161,      0.004,      0.271,     -0.447,     -1.004,    β:       1.000
α:       0.187,      0.161,      0.004,      0.270,     -0.447,     -1.006,    β:       1.000
α:       0.187,      0.161,      0.004,      0.270,     -0.448,     -1.007,    β:       1.000
α:       0.187,      0.161,      0.004,      0.270,     -0.448,     -1.009,    β:       1.000
α:       0.187,      0.161,      0.003,      0.270,     -0.448,     -1.010,    β:       1.000
α:       0.187,      0.161,      0.003,      0.270,     -0.448,     -1.011,    β:       1.000
α:       0.187,      0.161,      0.003,      0.270,     -0.448,     -1.013,    β:       1.000
α:       0.187,      0.161,      0.003,      0.269,     -0.449,     -1.014,    β:       1.000
α:       0.187,      0.161,      0.003,      0.269,     -0.449,     -1.016,    β:       1.000
α:       0.187,      0.161,      0.002,      0.269,     -0.449,     -1.017,    β:       1.000
α:       0.187,      0.161,      0.003,      0.269,     -0.449,     -1.018,    β:       1.000
α:       0.187,      0.161,      0.002,      0.269,     -0.449,     -1.020,    β:       1.000
α:       0.187,      0.161,      0.002,      0.268,     -0.450,     -1.021,    β:       1.000
α:       0.187,      0.161,      0.003,      0.268,     -0.450,     -1.022,    β:       1.000
α:       0.187,      0.161,      0.003,      0.268,     -0.450,     -1.024,    β:       1.000
α:       0.187,      0.161,      0.003,      0.268,     -0.450,     -1.025,    β:       1.000
α:       0.187,      0.161,      0.002,      0.268,     -0.450,     -1.026,    β:       1.000
α:       0.188,      0.161,      0.002,      0.267,     -0.450,     -1.027,    β:       1.000
α:       0.188,      0.161,      0.002,      0.267,     -0.450,     -1.029,    β:       1.000
α:       0.188,      0.161,      0.002,      0.267,     -0.451,     -1.030,    β:       1.000
α:       0.188,      0.161,      0.002,      0.267,     -0.451,     -1.031,    β:       1.000
α:       0.188,      0.161,      0.002,      0.267,     -0.451,     -1.032,    β:       1.000
α:       0.188,      0.161,      0.002,      0.266,     -0.451,     -1.033,    β:       1.000
α:       0.188,      0.161,      0.001,      0.266,     -0.451,     -1.035,    β:       1.000
α:       0.188,      0.161,      0.001,      0.266,     -0.451,     -1.036,    β:       1.000
α:       0.188,      0.161,      0.001,      0.266,     -0.452,     -1.037,    β:       1.000
α:       0.188,      0.160,      0.001,      0.266,     -0.452,     -1.038,    β:       1.000
α:       0.188,      0.161,      0.001,      0.265,     -0.452,     -1.039,    β:       1.000
α:       0.188,      0.161,      0.001,      0.265,     -0.452,     -1.040,    β:       1.000
α:       0.188,      0.161,      0.001,      0.265,     -0.452,     -1.041,    β:       1.000
α:       0.188,      0.161,      0.001,      0.265,     -0.452,     -1.042,    β:       1.000
α:       0.188,      0.161,      0.001,      0.265,     -0.452,     -1.043,    β:       1.000
α:       0.187,      0.161,      0.001,      0.264,     -0.452,     -1.044,    β:       1.000
α:       0.187,      0.161,      0.000,      0.264,     -0.452,     -1.046,    β:       1.000
α:       0.188,      0.161,      0.000,      0.264,     -0.452,     -1.047,    β:       1.000
α:       0.188,      0.161,      0.000,      0.264,     -0.452,     -1.048,    β:       1.000
α:       0.188,      0.161,      0.000,      0.263,     -0.453,     -1.049,    β:       1.000
α:       0.188,      0.161,      0.000,      0.263,     -0.453,     -1.050,    β:       1.000
α:       0.188,      0.161,      0.000,      0.263,     -0.453,     -1.051,    β:       1.000
α:       0.188,      0.160,      0.000,      0.263,     -0.453,     -1.052,    β:       1.000
α:       0.188,      0.160,      0.000,      0.263,     -0.453,     -1.052,    β:       1.000
α:       0.189,      0.160,      0.000,      0.262,     -0.453,     -1.053,    β:       1.000
α:       0.188,      0.160,      0.001,      0.262,     -0.453,     -1.054,    β:       1.000
α:       0.188,      0.160,      0.000,      0.262,     -0.453,     -1.055,    β:       1.000
α:       0.188,      0.160,      0.000,      0.261,     -0.453,     -1.056,    β:       1.000
α:       0.188,      0.160,      0.000,      0.261,     -0.453,     -1.057,    β:       1.000
α:       0.188,      0.160,      0.000,      0.261,     -0.453,     -1.058,    β:       1.000
α:       0.188,      0.160,      0.000,      0.261,     -0.453,     -1.059,    β:       1.000
α:       0.188,      0.160,      0.000,      0.261,     -0.453,     -1.060,    β:       1.000
α:       0.188,      0.160,      0.000,      0.260,     -0.453,     -1.061,    β:       1.000
α:       0.188,      0.160,      0.000,      0.260,     -0.454,     -1.061,    β:       1.000
α:       0.188,      0.160,     -0.000,      0.260,     -0.453,     -1.062,    β:       1.000
α:       0.188,      0.160,      0.000,      0.260,     -0.453,     -1.063,    β:       1.000
α:       0.188,      0.160,     -0.000,      0.260,     -0.453,     -1.064,    β:       1.000
α:       0.188,      0.160,     -0.000,      0.259,     -0.453,     -1.065,    β:       1.000
α:       0.188,      0.160,      0.000,      0.259,     -0.453,     -1.065,    β:       1.000
α:       0.188,      0.160,      0.000,      0.259,     -0.453,     -1.066,    β:       1.000
α:       0.188,      0.160,      0.000,      0.259,     -0.453,     -1.067,    β:       1.000
α:       0.188,      0.160,      0.000,      0.259,     -0.453,     -1.068,    β:       1.000
α:       0.188,      0.160,      0.000,      0.259,     -0.453,     -1.068,    β:       1.000
α:       0.188,      0.160,     -0.000,      0.258,     -0.453,     -1.069,    β:       1.000
α:       0.188,      0.160,      0.000,      0.258,     -0.453,     -1.070,    β:       1.000
α:       0.188,      0.160,      0.000,      0.258,     -0.453,     -1.070,    β:       1.000
α:       0.188,      0.160,      0.000,      0.258,     -0.453,     -1.071,    β:       1.000
α:       0.188,      0.160,      0.000,      0.258,     -0.453,     -1.072,    β:       1.000
α:       0.188,      0.160,      0.000,      0.257,     -0.454,     -1.073,    β:       1.000
α:       0.188,      0.160,      0.000,      0.257,     -0.454,     -1.073,    β:       1.000
α:       0.188,      0.160,      0.000,      0.257,     -0.454,     -1.074,    β:       1.000
α:       0.188,      0.160,      0.000,      0.257,     -0.454,     -1.075,    β:       1.000
α:       0.188,      0.160,     -0.000,      0.257,     -0.454,     -1.075,    β:       1.000
α:       0.188,      0.160,      0.000,      0.257,     -0.454,     -1.076,    β:       1.000
α:       0.189,      0.160,     -0.000,      0.256,     -0.454,     -1.077,    β:       1.000
α:       0.189,      0.160,      0.000,      0.256,     -0.454,     -1.077,    β:       1.000
α:       0.189,      0.160,      0.000,      0.256,     -0.454,     -1.078,    β:       1.000
α:       0.189,      0.160,      0.000,      0.256,     -0.454,     -1.078,    β:       1.000
α:       0.189,      0.160,      0.000,      0.256,     -0.454,     -1.079,    β:       1.000
α:       0.189,      0.160,      0.000,      0.256,     -0.454,     -1.080,    β:       1.000
α:       0.189,      0.160,      0.000,      0.255,     -0.454,     -1.080,    β:       1.000
α:       0.189,      0.160,     -0.000,      0.255,     -0.454,     -1.081,    β:       1.000
α:       0.189,      0.160,      0.000,      0.255,     -0.454,     -1.081,    β:       1.000
α:       0.188,      0.160,      0.000,      0.255,     -0.454,     -1.082,    β:       1.000
α:       0.189,      0.160,     -0.000,      0.255,     -0.453,     -1.083,    β:       1.000
α:       0.188,      0.160,     -0.000,      0.255,     -0.453,     -1.083,    β:       1.000
α:       0.188,      0.160,      0.000,      0.255,     -0.453,     -1.084,    β:       1.000
α:       0.188,      0.159,     -0.000,      0.254,     -0.453,     -1.084,    β:       1.000
α:       0.188,      0.159,     -0.000,      0.254,     -0.453,     -1.085,    β:       1.000
α:       0.189,      0.159,     -0.000,      0.254,     -0.453,     -1.085,    β:       1.000
α:       0.189,      0.160,      0.000,      0.254,     -0.454,     -1.086,    β:       1.000
α:       0.189,      0.159,      0.000,      0.254,     -0.453,     -1.086,    β:       1.000
α:       0.188,      0.159,      0.000,      0.254,     -0.453,     -1.087,    β:       1.000
α:       0.188,      0.159,      0.000,      0.254,     -0.453,     -1.087,    β:       1.000
α:       0.188,      0.159,      0.000,      0.253,     -0.453,     -1.088,    β:       1.000
α:       0.188,      0.159,     -0.000,      0.253,     -0.453,     -1.088,    β:       1.000
α:       0.188,      0.159,     -0.000,      0.253,     -0.453,     -1.089,    β:       1.000
α:       0.188,      0.160,     -0.000,      0.253,     -0.454,     -1.089,    β:       1.000
α:       0.189,      0.159,      0.000,      0.253,     -0.453,     -1.090,    β:       1.000
α:       0.189,      0.159,      0.000,      0.253,     -0.453,     -1.090,    β:       1.000
α:       0.189,      0.159,      0.000,      0.253,     -0.453,     -1.091,    β:       1.000
α:       0.189,      0.159,      0.000,      0.253,     -0.453,     -1.091,    β:       1.000
α:       0.189,      0.160,      0.000,      0.252,     -0.453,     -1.092,    β:       1.000
α:       0.189,      0.160,      0.000,      0.252,     -0.453,     -1.092,    β:       1.000
α:       0.189,      0.159,     -0.000,      0.252,     -0.453,     -1.093,    β:       1.000
α:       0.189,      0.160,     -0.000,      0.252,     -0.453,     -1.093,    β:       1.000
α:       0.189,      0.160,     -0.000,      0.252,     -0.453,     -1.093,    β:       1.000
α:       0.189,      0.159,      0.000,      0.252,     -0.453,     -1.094,    β:       1.000
α:       0.189,      0.159,      0.000,      0.252,     -0.453,     -1.094,    β:       1.000
α:       0.189,      0.159,     -0.000,      0.252,     -0.453,     -1.094,    β:       1.000
α:       0.189,      0.160,      0.000,      0.251,     -0.453,     -1.095,    β:       1.000
α:       0.189,      0.160,     -0.000,      0.251,     -0.453,     -1.095,    β:       1.000
α:       0.189,      0.160,     -0.000,      0.251,     -0.453,     -1.096,    β:       1.000
α:       0.189,      0.159,      0.000,      0.251,     -0.453,     -1.096,    β:       1.000
α:       0.189,      0.159,     -0.000,      0.251,     -0.453,     -1.096,    β:       1.000
α:       0.189,      0.159,     -0.000,      0.251,     -0.453,     -1.097,    β:       1.000
α:       0.189,      0.160,      0.000,      0.251,     -0.453,     -1.097,    β:       1.000
α:       0.189,      0.160,      0.000,      0.251,     -0.453,     -1.098,    β:       1.000
α:       0.189,      0.160,      0.000,      0.251,     -0.453,     -1.098,    β:       1.000
α:       0.189,      0.160,     -0.000,      0.251,     -0.453,     -1.098,    β:       1.000
α:       0.189,      0.160,      0.000,      0.251,     -0.453,     -1.099,    β:       1.000
α:       0.189,      0.160,      0.000,      0.250,     -0.453,     -1.099,    β:       1.000
α:       0.189,      0.160,     -0.000,      0.250,     -0.453,     -1.100,    β:       1.000
α:       0.189,      0.160,     -0.000,      0.250,     -0.453,     -1.100,    β:       1.000
α:       0.189,      0.160,      0.000,      0.250,     -0.453,     -1.100,    β:       1.000
α:       0.189,      0.160,     -0.000,      0.250,     -0.453,     -1.101,    β:       1.000
α:       0.189,      0.160,     -0.000,      0.250,     -0.453,     -1.101,    β:       1.000
α:       0.189,      0.160,      0.000,      0.250,     -0.453,     -1.101,    β:       1.000
α:       0.189,      0.160,      0.000,      0.250,     -0.453,     -1.102,    β:       1.000
α:       0.189,      0.160,     -0.000,      0.250,     -0.453,     -1.102,    β:       1.000
α:       0.189,      0.159,     -0.000,      0.250,     -0.453,     -1.102,    β:       1.000
α:       0.189,      0.160,      0.000,      0.249,     -0.453,     -1.103,    β:       1.000
α:       0.189,      0.160,      0.000,      0.249,     -0.453,     -1.103,    β:       1.000
α:       0.189,      0.160,     -0.000,      0.249,     -0.453,     -1.103,    β:       1.000
α:       0.189,      0.159,      0.000,      0.249,     -0.453,     -1.104,    β:       1.000
α:       0.189,      0.160,     -0.000,      0.249,     -0.453,     -1.104,    β:       1.000
α:       0.189,      0.160,      0.000,      0.249,     -0.453,     -1.104,    β:       1.000
α:       0.189,      0.160,      0.000,      0.249,     -0.453,     -1.104,    β:       1.000
α:       0.189,      0.160,      0.000,      0.249,     -0.453,     -1.105,    β:       1.000
α:       0.190,      0.160,     -0.000,      0.249,     -0.453,     -1.105,    β:       1.000
α:       0.189,      0.160,      0.000,      0.249,     -0.453,     -1.105,    β:       1.000
α:       0.190,      0.160,      0.000,      0.249,     -0.453,     -1.106,    β:       1.000
α:       0.189,      0.160,      0.000,      0.248,     -0.453,     -1.106,    β:       1.000
α:       0.190,      0.159,     -0.000,      0.248,     -0.453,     -1.106,    β:       1.000
α:       0.189,      0.160,      0.000,      0.248,     -0.453,     -1.106,    β:       1.000
α:       0.189,      0.160,      0.000,      0.248,     -0.452,     -1.107,    β:       1.000
α:       0.189,      0.160,      0.000,      0.248,     -0.452,     -1.107,    β:       1.000
α:       0.189,      0.160,      0.000,      0.248,     -0.452,     -1.107,    β:       1.000
α:       0.189,      0.160,     -0.000,      0.248,     -0.452,     -1.107,    β:       1.000
α:       0.189,      0.160,     -0.000,      0.248,     -0.452,     -1.108,    β:       1.000
α:       0.189,      0.160,      0.000,      0.248,     -0.452,     -1.108,    β:       1.000
α:       0.189,      0.160,      0.000,      0.248,     -0.452,     -1.108,    β:       1.000
α:       0.189,      0.160,     -0.000,      0.248,     -0.452,     -1.108,    β:       1.000
α:       0.190,      0.160,      0.000,      0.248,     -0.452,     -1.109,    β:       1.000
α:       0.190,      0.160,      0.000,      0.248,     -0.452,     -1.109,    β:       1.000
α:       0.190,      0.160,      0.000,      0.248,     -0.452,     -1.109,    β:       1.000
α:       0.190,      0.160,     -0.000,      0.248,     -0.452,     -1.109,    β:       1.000
α:       0.190,      0.160,      0.000,      0.247,     -0.452,     -1.110,    β:       1.000
α:       0.190,      0.160,      0.000,      0.247,     -0.452,     -1.110,    β:       1.000
α:       0.190,      0.160,      0.000,      0.247,     -0.452,     -1.110,    β:       1.000
α:       0.190,      0.159,      0.000,      0.247,     -0.452,     -1.110,    β:       1.000
α:       0.190,      0.159,     -0.000,      0.247,     -0.452,     -1.111,    β:       1.000
α:       0.190,      0.160,     -0.000,      0.247,     -0.452,     -1.111,    β:       1.000
α:       0.190,      0.160,     -0.000,      0.247,     -0.451,     -1.111,    β:       1.000
α:       0.190,      0.160,      0.000,      0.247,     -0.451,     -1.111,    β:       1.000
α:       0.190,      0.160,     -0.000,      0.247,     -0.451,     -1.111,    β:       1.000
α:       0.190,      0.159,     -0.000,      0.247,     -0.451,     -1.112,    β:       1.000
α:       0.190,      0.159,      0.000,      0.246,     -0.451,     -1.112,    β:       1.000
α:       0.190,      0.159,     -0.000,      0.246,     -0.451,     -1.112,    β:       1.000
α:       0.190,      0.159,     -0.000,      0.246,     -0.451,     -1.112,    β:       1.000
α:       0.190,      0.159,     -0.000,      0.246,     -0.451,     -1.113,    β:       1.000
α:       0.190,      0.160,      0.000,      0.246,     -0.451,     -1.113,    β:       1.000
α:       0.190,      0.160,      0.000,      0.246,     -0.451,     -1.113,    β:       1.000
α:       0.190,      0.160,      0.000,      0.246,     -0.451,     -1.113,    β:       1.000
α:       0.190,      0.160,     -0.000,      0.246,     -0.451,     -1.113,    β:       1.000
α:       0.190,      0.160,      0.000,      0.246,     -0.451,     -1.113,    β:       1.000
α:       0.190,      0.159,      0.000,      0.246,     -0.451,     -1.114,    β:       1.000
α:       0.190,      0.159,     -0.000,      0.246,     -0.451,     -1.114,    β:       1.000
α:       0.190,      0.159,     -0.000,      0.246,     -0.451,     -1.114,    β:       1.000
α:       0.190,      0.159,      0.000,      0.246,     -0.451,     -1.114,    β:       1.000
α:       0.190,      0.159,      0.000,      0.246,     -0.451,     -1.114,    β:       1.000
α:       0.190,      0.159,      0.000,      0.246,     -0.451,     -1.114,    β:       1.000
α:       0.190,      0.159,     -0.000,      0.246,     -0.451,     -1.115,    β:       1.000
α:       0.190,      0.159,      0.000,      0.246,     -0.451,     -1.115,    β:       1.000
α:       0.190,      0.160,     -0.000,      0.246,     -0.451,     -1.115,    β:       1.000
α:       0.190,      0.160,      0.000,      0.245,     -0.451,     -1.115,    β:       1.000
α:       0.190,      0.160,     -0.000,      0.245,     -0.451,     -1.115,    β:       1.000
α:       0.190,      0.159,     -0.000,      0.245,     -0.451,     -1.116,    β:       1.000
α:       0.189,      0.159,      0.000,      0.245,     -0.451,     -1.116,    β:       1.000
α:       0.190,      0.159,      0.000,      0.245,     -0.451,     -1.116,    β:       1.000
α:       0.190,      0.159,      0.000,      0.245,     -0.451,     -1.116,    β:       1.000
α:       0.190,      0.159,      0.000,      0.245,     -0.451,     -1.116,    β:       1.000
α:       0.190,      0.159,      0.000,      0.245,     -0.451,     -1.116,    β:       1.000
α:       0.190,      0.159,     -0.000,      0.245,     -0.451,     -1.117,    β:       1.000
α:       0.190,      0.159,     -0.000,      0.245,     -0.451,     -1.117,    β:       1.000
α:       0.190,      0.159,      0.000,      0.245,     -0.451,     -1.117,    β:       1.000
α:       0.190,      0.159,      0.000,      0.245,     -0.451,     -1.117,    β:       1.000
α:       0.190,      0.159,      0.000,      0.244,     -0.451,     -1.117,    β:       1.000
α:       0.190,      0.159,     -0.000,      0.244,     -0.451,     -1.117,    β:       1.000
α:       0.190,      0.160,     -0.000,      0.244,     -0.451,     -1.118,    β:       1.000
α:       0.190,      0.160,      0.000,      0.244,     -0.451,     -1.118,    β:       1.000
α:       0.190,      0.160,     -0.000,      0.244,     -0.451,     -1.118,    β:       1.000
α:       0.190,      0.159,     -0.000,      0.244,     -0.451,     -1.118,    β:       1.000
α:       0.190,      0.159,      0.000,      0.244,     -0.451,     -1.118,    β:       1.000
α:       0.190,      0.159,      0.000,      0.244,     -0.451,     -1.118,    β:       1.000
α:       0.190,      0.160,     -0.000,      0.244,     -0.451,     -1.118,    β:       1.000
α:       0.190,      0.160,      0.000,      0.244,     -0.451,     -1.118,    β:       1.000
α:       0.190,      0.160,     -0.000,      0.244,     -0.451,     -1.119,    β:       1.000
α:       0.190,      0.160,     -0.000,      0.244,     -0.451,     -1.119,    β:       1.000
α:       0.190,      0.160,      0.000,      0.244,     -0.451,     -1.119,    β:       1.000
α:       0.190,      0.160,      0.000,      0.244,     -0.451,     -1.119,    β:       1.000
α:       0.190,      0.160,      0.000,      0.244,     -0.451,     -1.119,    β:       1.000
α:       0.190,      0.160,     -0.000,      0.244,     -0.451,     -1.119,    β:       1.000
α:       0.190,      0.160,      0.000,      0.244,     -0.451,     -1.119,    β:       1.000
α:       0.190,      0.160,      0.000,      0.244,     -0.451,     -1.119,    β:       1.000
α:       0.190,      0.160,      0.000,      0.244,     -0.451,     -1.120,    β:       1.000
α:       0.190,      0.160,      0.000,      0.244,     -0.451,     -1.120,    β:       1.000
α:       0.190,      0.160,     -0.000,      0.244,     -0.451,     -1.120,    β:       1.000
α:       0.190,      0.160,     -0.000,      0.244,     -0.451,     -1.120,    β:       1.000
α:       0.190,      0.159,      0.000,      0.243,     -0.451,     -1.120,    β:       1.000
α:       0.190,      0.159,      0.000,      0.243,     -0.451,     -1.120,    β:       1.000
α:       0.190,      0.159,      0.000,      0.243,     -0.451,     -1.120,    β:       1.000
α:       0.190,      0.159,     -0.000,      0.243,     -0.451,     -1.120,    β:       1.000
α:       0.190,      0.159,     -0.000,      0.243,     -0.451,     -1.120,    β:       1.000
α:       0.190,      0.159,     -0.000,      0.243,     -0.451,     -1.121,    β:       1.000
α:       0.190,      0.159,      0.000,      0.243,     -0.451,     -1.121,    β:       1.000
α:       0.190,      0.159,      0.000,      0.243,     -0.451,     -1.121,    β:       1.000
α:       0.189,      0.159,      0.000,      0.243,     -0.451,     -1.121,    β:       1.000
α:       0.190,      0.159,     -0.000,      0.243,     -0.451,     -1.121,    β:       1.000
α:       0.190,      0.160,      0.000,      0.243,     -0.451,     -1.121,    β:       1.000
α:       0.190,      0.160,      0.000,      0.243,     -0.451,     -1.121,    β:       1.000
α:       0.190,      0.160,     -0.000,      0.243,     -0.450,     -1.121,    β:       1.000
α:       0.190,      0.160,     -0.000,      0.243,     -0.451,     -1.121,    β:       1.000
α:       0.190,      0.160,     -0.000,      0.243,     -0.451,     -1.122,    β:       1.000
α:       0.190,      0.159,      0.000,      0.243,     -0.450,     -1.122,    β:       1.000
α:       0.190,      0.159,      0.000,      0.243,     -0.450,     -1.122,    β:       1.000
α:       0.190,      0.159,      0.000,      0.243,     -0.450,     -1.122,    β:       1.000
α:       0.190,      0.159,      0.000,      0.243,     -0.450,     -1.122,    β:       1.000
α:       0.190,      0.159,      0.000,      0.243,     -0.450,     -1.122,    β:       1.000
α:       0.190,      0.159,     -0.000,      0.243,     -0.450,     -1.122,    β:       1.000
α:       0.190,      0.159,      0.000,      0.243,     -0.450,     -1.122,    β:       1.000
α:       0.190,      0.160,     -0.000,      0.243,     -0.450,     -1.122,    β:       1.000
α:       0.190,      0.160,     -0.000,      0.243,     -0.450,     -1.122,    β:       1.000
α:       0.190,      0.160,     -0.000,      0.243,     -0.450,     -1.122,    β:       1.000
α:       0.190,      0.159,      0.000,      0.243,     -0.450,     -1.122,    β:       1.000
α:       0.190,      0.159,     -0.000,      0.243,     -0.450,     -1.122,    β:       1.000
α:       0.190,      0.160,     -0.000,      0.243,     -0.450,     -1.123,    β:       1.000
α:       0.191,      0.160,      0.000,      0.243,     -0.450,     -1.123,    β:       1.000
α:       0.191,      0.160,     -0.000,      0.243,     -0.450,     -1.123,    β:       1.000
α:       0.191,      0.159,     -0.000,      0.243,     -0.450,     -1.123,    β:       1.000
α:       0.191,      0.159,      0.000,      0.243,     -0.450,     -1.123,    β:       1.000
α:       0.190,      0.159,     -0.000,      0.243,     -0.450,     -1.123,    β:       1.000
α:       0.190,      0.159,      0.000,      0.243,     -0.450,     -1.123,    β:       1.000
α:       0.190,      0.160,     -0.000,      0.243,     -0.450,     -1.123,    β:       1.000
α:       0.190,      0.160,     -0.000,      0.243,     -0.450,     -1.124,    β:       1.000
α:       0.191,      0.160,      0.000,      0.243,     -0.450,     -1.124,    β:       1.000
α:       0.191,      0.159,      0.000,      0.243,     -0.450,     -1.124,    β:       1.000
α:       0.190,      0.160,      0.000,      0.243,     -0.450,     -1.124,    β:       1.000
α:       0.190,      0.160,      0.000,      0.243,     -0.450,     -1.124,    β:       1.000
α:       0.190,      0.160,      0.000,      0.243,     -0.450,     -1.124,    β:       1.000
α:       0.191,      0.160,     -0.000,      0.243,     -0.449,     -1.124,    β:       1.000
α:       0.191,      0.159,      0.000,      0.243,     -0.450,     -1.124,    β:       1.000
α:       0.190,      0.160,     -0.000,      0.243,     -0.450,     -1.124,    β:       1.000
α:       0.191,      0.159,     -0.000,      0.243,     -0.450,     -1.124,    β:       1.000
α:       0.190,      0.159,     -0.000,      0.243,     -0.450,     -1.124,    β:       1.000
α:       0.191,      0.159,     -0.000,      0.243,     -0.449,     -1.124,    β:       1.000
α:       0.190,      0.159,     -0.000,      0.242,     -0.449,     -1.125,    β:       1.000
α:       0.190,      0.159,     -0.000,      0.242,     -0.449,     -1.125,    β:       1.000
α:       0.190,      0.159,      0.000,      0.242,     -0.449,     -1.125,    β:       1.000
α:       0.191,      0.159,      0.000,      0.242,     -0.449,     -1.125,    β:       1.000
α:       0.191,      0.160,      0.000,      0.242,     -0.449,     -1.125,    β:       1.000
α:       0.191,      0.159,     -0.000,      0.243,     -0.449,     -1.125,    β:       1.000
α:       0.191,      0.159,     -0.000,      0.243,     -0.449,     -1.125,    β:       1.000
α:       0.191,      0.159,      0.000,      0.243,     -0.449,     -1.125,    β:       1.000
α:       0.191,      0.159,     -0.000,      0.242,     -0.449,     -1.125,    β:       1.000
α:       0.190,      0.160,      0.000,      0.242,     -0.449,     -1.125,    β:       1.000
α:       0.190,      0.160,      0.000,      0.243,     -0.449,     -1.125,    β:       1.000
α:       0.190,      0.160,      0.000,      0.243,     -0.449,     -1.125,    β:       1.000
α:       0.190,      0.159,     -0.000,      0.243,     -0.449,     -1.125,    β:       1.000
α:       0.190,      0.160,      0.000,      0.243,     -0.449,     -1.125,    β:       1.000
α:       0.190,      0.160,      0.000,      0.242,     -0.449,     -1.125,    β:       1.000
α:       0.190,      0.159,     -0.000,      0.242,     -0.449,     -1.125,    β:       1.000
α:       0.190,      0.160,     -0.000,      0.242,     -0.449,     -1.125,    β:       1.000
α:       0.191,      0.159,      0.000,      0.242,     -0.449,     -1.125,    β:       1.000
α:       0.190,      0.160,      0.000,      0.242,     -0.449,     -1.125,    β:       1.000
α:       0.190,      0.159,      0.000,      0.242,     -0.449,     -1.125,    β:       1.000
α:       0.191,      0.159,     -0.000,      0.242,     -0.449,     -1.126,    β:       1.000
α:       0.191,      0.159,     -0.000,      0.242,     -0.449,     -1.126,    β:       1.000
α:       0.191,      0.159,      0.000,      0.242,     -0.449,     -1.126,    β:       1.000
α:       0.190,      0.159,     -0.000,      0.242,     -0.449,     -1.126,    β:       1.000
α:       0.190,      0.159,      0.000,      0.242,     -0.449,     -1.126,    β:       1.000
α:       0.190,      0.159,      0.000,      0.242,     -0.449,     -1.126,    β:       1.000
α:       0.190,      0.159,      0.000,      0.242,     -0.449,     -1.126,    β:       1.000
α:       0.190,      0.159,      0.000,      0.243,     -0.449,     -1.126,    β:       1.000
α:       0.190,      0.160,      0.000,      0.243,     -0.449,     -1.126,    β:       1.000
α:       0.190,      0.160,      0.000,      0.243,     -0.449,     -1.126,    β:       1.000
α:       0.190,      0.160,      0.000,      0.242,     -0.449,     -1.126,    β:       1.000
α:       0.190,      0.160,     -0.000,      0.243,     -0.449,     -1.126,    β:       1.000
α:       0.191,      0.160,     -0.000,      0.243,     -0.449,     -1.126,    β:       1.000
α:       0.190,      0.159,      0.000,      0.242,     -0.449,     -1.126,    β:       1.000
α:       0.191,      0.159,     -0.000,      0.242,     -0.449,     -1.126,    β:       1.000
α:       0.191,      0.159,      0.000,      0.242,     -0.449,     -1.126,    β:       1.000
α:       0.190,      0.159,      0.000,      0.242,     -0.449,     -1.126,    β:       1.000
α:       0.190,      0.159,     -0.000,      0.242,     -0.449,     -1.126,    β:       1.000
α:       0.191,      0.159,      0.000,      0.242,     -0.449,     -1.126,    β:       1.000
α:       0.191,      0.159,     -0.000,      0.242,     -0.449,     -1.126,    β:       1.000
α:       0.190,      0.159,     -0.000,      0.242,     -0.449,     -1.126,    β:       1.000
α:       0.191,      0.159,     -0.000,      0.242,     -0.449,     -1.126,    β:       1.000
α:       0.191,      0.159,      0.000,      0.242,     -0.449,     -1.126,    β:       1.000
α:       0.190,      0.159,      0.000,      0.242,     -0.449,     -1.127,    β:       1.000
α:       0.191,      0.159,     -0.000,      0.242,     -0.449,     -1.127,    β:       1.000
α:       0.191,      0.159,     -0.000,      0.242,     -0.449,     -1.127,    β:       1.000
α:       0.190,      0.159,      0.000,      0.242,     -0.449,     -1.127,    β:       1.000
α:       0.190,      0.159,     -0.000,      0.242,     -0.449,     -1.127,    β:       1.000
α:       0.190,      0.159,     -0.000,      0.242,     -0.449,     -1.127,    β:       1.000
α:       0.190,      0.159,      0.000,      0.242,     -0.449,     -1.127,    β:       1.000
α:       0.190,      0.159,      0.000,      0.242,     -0.449,     -1.127,    β:       1.000
α:       0.190,      0.159,      0.000,      0.242,     -0.449,     -1.127,    β:       1.000
α:       0.190,      0.159,      0.000,      0.242,     -0.449,     -1.127,    β:       1.000
α:       0.190,      0.159,      0.000,      0.242,     -0.449,     -1.127,    β:       1.000
α:       0.190,      0.159,      0.000,      0.243,     -0.449,     -1.127,    β:       1.000
α:       0.190,      0.159,     -0.000,      0.243,     -0.449,     -1.127,    β:       1.000
α:       0.190,      0.159,      0.000,      0.242,     -0.449,     -1.127,    β:       1.000
α:       0.190,      0.159,      0.000,      0.242,     -0.449,     -1.127,    β:       1.000
α:       0.190,      0.158,      0.000,      0.242,     -0.449,     -1.127,    β:       1.000
α:       0.190,      0.159,      0.000,      0.242,     -0.449,     -1.127,    β:       1.000
α:       0.190,      0.159,     -0.000,      0.243,     -0.449,     -1.127,    β:       1.000
α:       0.190,      0.159,      0.000,      0.243,     -0.449,     -1.128,    β:       1.000
α:       0.190,      0.159,      0.000,      0.242,     -0.449,     -1.128,    β:       1.000
α:       0.190,      0.159,      0.000,      0.243,     -0.449,     -1.128,    β:       1.000
α:       0.190,      0.159,     -0.000,      0.242,     -0.449,     -1.128,    β:       1.000
α:       0.190,      0.159,      0.000,      0.242,     -0.449,     -1.128,    β:       1.000
α:       0.190,      0.159,      0.000,      0.242,     -0.449,     -1.128,    β:       1.000
α:       0.190,      0.159,      0.000,      0.242,     -0.449,     -1.128,    β:       1.000
α:       0.190,      0.159,      0.000,      0.242,     -0.449,     -1.128,    β:       1.000
α:       0.190,      0.159,     -0.000,      0.242,     -0.449,     -1.128,    β:       1.000
α:       0.191,      0.159,      0.000,      0.242,     -0.449,     -1.128,    β:       1.000
α:       0.191,      0.159,     -0.000,      0.242,     -0.449,     -1.128,    β:       1.000
α:       0.191,      0.159,      0.000,      0.242,     -0.449,     -1.128,    β:       1.000
α:       0.191,      0.159,      0.000,      0.242,     -0.449,     -1.128,    β:       1.000
α:       0.191,      0.159,      0.000,      0.242,     -0.449,     -1.128,    β:       1.000
α:       0.191,      0.159,     -0.000,      0.243,     -0.449,     -1.128,    β:       1.000
