α0:      0.297,      0.782,      1.540,     -0.872,     -0.281,      0.107,    β0:      1.000
α:       0.111,      0.141,      0.155,     -0.046,     -0.044,      0.050,    β:       1.000
α:       0.168,      0.225,      0.251,     -0.074,     -0.071,      0.081,    β:       1.000
α:       0.204,      0.285,      0.323,     -0.095,     -0.090,      0.104,    β:       1.000
α:       0.229,      0.333,      0.382,     -0.112,     -0.105,      0.123,    β:       1.000
α:       0.247,      0.372,      0.433,     -0.126,     -0.117,      0.139,    β:       1.000
α:       0.260,      0.406,      0.478,     -0.138,     -0.127,      0.153,    β:       1.000
α:       0.270,      0.435,      0.518,     -0.149,     -0.136,      0.166,    β:       1.000
α:       0.278,      0.461,      0.555,     -0.158,     -0.144,      0.177,    β:       1.000
α:       0.283,      0.483,      0.588,     -0.167,     -0.151,      0.187,    β:       1.000
α:       0.287,      0.504,      0.619,     -0.175,     -0.157,      0.196,    β:       1.000
α:       0.291,      0.523,      0.648,     -0.183,     -0.163,      0.205,    β:       1.000
α:       0.293,      0.540,      0.676,     -0.190,     -0.168,      0.212,    β:       1.000
α:       0.295,      0.556,      0.701,     -0.197,     -0.173,      0.220,    β:       1.000
α:       0.296,      0.570,      0.725,     -0.203,     -0.177,      0.226,    β:       1.000
α:       0.297,      0.583,      0.748,     -0.209,     -0.181,      0.233,    β:       1.000
α:       0.298,      0.596,      0.769,     -0.215,     -0.185,      0.239,    β:       1.000
α:       0.298,      0.607,      0.790,     -0.220,     -0.188,      0.244,    β:       1.000
α:       0.298,      0.617,      0.810,     -0.225,     -0.191,      0.250,    β:       1.000
α:       0.297,      0.627,      0.829,     -0.230,     -0.195,      0.255,    β:       1.000
α:       0.297,      0.636,      0.847,     -0.235,     -0.197,      0.259,    β:       1.000
α:       0.296,      0.645,      0.864,     -0.240,     -0.200,      0.264,    β:       1.000
α:       0.295,      0.653,      0.880,     -0.244,     -0.203,      0.268,    β:       1.000
α:       0.295,      0.660,      0.896,     -0.249,     -0.205,      0.272,    β:       1.000
α:       0.294,      0.667,      0.911,     -0.253,     -0.207,      0.275,    β:       1.000
α:       0.293,      0.674,      0.926,     -0.257,     -0.209,      0.279,    β:       1.000
α:       0.292,      0.680,      0.940,     -0.261,     -0.211,      0.282,    β:       1.000
α:       0.291,      0.685,      0.954,     -0.265,     -0.213,      0.286,    β:       1.000
α:       0.290,      0.691,      0.967,     -0.269,     -0.215,      0.289,    β:       1.000
α:       0.290,      0.696,      0.980,     -0.273,     -0.217,      0.292,    β:       1.000
α:       0.289,      0.700,      0.992,     -0.277,     -0.218,      0.295,    β:       1.000
α:       0.288,      0.704,      1.004,     -0.280,     -0.220,      0.297,    β:       1.000
α:       0.287,      0.709,      1.016,     -0.284,     -0.221,      0.300,    β:       1.000
α:       0.286,      0.712,      1.027,     -0.288,     -0.223,      0.302,    β:       1.000
α:       0.286,      0.716,      1.038,     -0.291,     -0.224,      0.305,    β:       1.000
α:       0.285,      0.720,      1.049,     -0.294,     -0.226,      0.307,    β:       1.000
α:       0.284,      0.723,      1.059,     -0.298,     -0.227,      0.309,    β:       1.000
α:       0.283,      0.726,      1.069,     -0.301,     -0.228,      0.311,    β:       1.000
α:       0.283,      0.729,      1.079,     -0.304,     -0.229,      0.313,    β:       1.000
α:       0.282,      0.732,      1.088,     -0.307,     -0.230,      0.315,    β:       1.000
α:       0.281,      0.735,      1.097,     -0.310,     -0.231,      0.317,    β:       1.000
α:       0.280,      0.737,      1.106,     -0.313,     -0.232,      0.319,    β:       1.000
α:       0.280,      0.739,      1.115,     -0.316,     -0.233,      0.320,    β:       1.000
α:       0.279,      0.741,      1.124,     -0.319,     -0.234,      0.322,    β:       1.000
α:       0.278,      0.743,      1.132,     -0.322,     -0.235,      0.323,    β:       1.000
α:       0.278,      0.745,      1.140,     -0.325,     -0.236,      0.325,    β:       1.000
α:       0.277,      0.747,      1.148,     -0.328,     -0.236,      0.326,    β:       1.000
α:       0.277,      0.749,      1.156,     -0.331,     -0.237,      0.328,    β:       1.000
α:       0.276,      0.750,      1.163,     -0.334,     -0.238,      0.329,    β:       1.000
α:       0.276,      0.752,      1.170,     -0.336,     -0.239,      0.330,    β:       1.000
α:       0.275,      0.753,      1.178,     -0.339,     -0.239,      0.332,    β:       1.000
α:       0.274,      0.754,      1.185,     -0.342,     -0.240,      0.333,    β:       1.000
α:       0.274,      0.755,      1.191,     -0.344,     -0.240,      0.334,    β:       1.000
α:       0.273,      0.756,      1.198,     -0.347,     -0.241,      0.335,    β:       1.000
α:       0.273,      0.758,      1.204,     -0.350,     -0.241,      0.336,    β:       1.000
α:       0.272,      0.759,      1.211,     -0.352,     -0.242,      0.337,    β:       1.000
α:       0.272,      0.760,      1.217,     -0.355,     -0.242,      0.338,    β:       1.000
α:       0.271,      0.761,      1.223,     -0.357,     -0.243,      0.339,    β:       1.000
α:       0.271,      0.761,      1.229,     -0.360,     -0.243,      0.339,    β:       1.000
α:       0.270,      0.762,      1.235,     -0.362,     -0.243,      0.340,    β:       1.000
α:       0.270,      0.763,      1.241,     -0.364,     -0.244,      0.341,    β:       1.000
α:       0.269,      0.764,      1.246,     -0.367,     -0.244,      0.342,    β:       1.000
α:       0.269,      0.764,      1.252,     -0.369,     -0.244,      0.343,    β:       1.000
α:       0.268,      0.765,      1.257,     -0.372,     -0.245,      0.343,    β:       1.000
α:       0.268,      0.765,      1.263,     -0.374,     -0.245,      0.344,    β:       1.000
α:       0.267,      0.766,      1.268,     -0.376,     -0.245,      0.345,    β:       1.000
α:       0.267,      0.766,      1.273,     -0.378,     -0.245,      0.345,    β:       1.000
α:       0.266,      0.767,      1.278,     -0.381,     -0.245,      0.346,    β:       1.000
α:       0.266,      0.767,      1.283,     -0.383,     -0.245,      0.347,    β:       1.000
α:       0.266,      0.767,      1.287,     -0.385,     -0.246,      0.347,    β:       1.000
α:       0.265,      0.767,      1.292,     -0.387,     -0.246,      0.348,    β:       1.000
α:       0.265,      0.768,      1.297,     -0.389,     -0.246,      0.348,    β:       1.000
α:       0.264,      0.768,      1.301,     -0.392,     -0.246,      0.349,    β:       1.000
α:       0.264,      0.768,      1.306,     -0.394,     -0.246,      0.349,    β:       1.000
α:       0.264,      0.769,      1.310,     -0.396,     -0.246,      0.350,    β:       1.000
α:       0.263,      0.769,      1.314,     -0.398,     -0.246,      0.350,    β:       1.000
α:       0.263,      0.769,      1.318,     -0.400,     -0.246,      0.350,    β:       1.000
α:       0.263,      0.769,      1.322,     -0.402,     -0.246,      0.351,    β:       1.000
α:       0.263,      0.769,      1.326,     -0.404,     -0.246,      0.351,    β:       1.000
α:       0.262,      0.769,      1.330,     -0.406,     -0.246,      0.351,    β:       1.000
α:       0.262,      0.769,      1.334,     -0.408,     -0.246,      0.352,    β:       1.000
α:       0.262,      0.769,      1.337,     -0.410,     -0.246,      0.352,    β:       1.000
α:       0.262,      0.769,      1.341,     -0.412,     -0.246,      0.352,    β:       1.000
α:       0.261,      0.769,      1.344,     -0.414,     -0.246,      0.353,    β:       1.000
α:       0.261,      0.770,      1.348,     -0.416,     -0.246,      0.353,    β:       1.000
α:       0.260,      0.770,      1.351,     -0.418,     -0.246,      0.353,    β:       1.000
α:       0.260,      0.769,      1.355,     -0.420,     -0.246,      0.353,    β:       1.000
α:       0.260,      0.769,      1.358,     -0.421,     -0.246,      0.353,    β:       1.000
α:       0.259,      0.769,      1.362,     -0.423,     -0.245,      0.354,    β:       1.000
α:       0.259,      0.769,      1.365,     -0.425,     -0.245,      0.354,    β:       1.000
α:       0.259,      0.769,      1.368,     -0.427,     -0.245,      0.354,    β:       1.000
α:       0.259,      0.769,      1.371,     -0.429,     -0.245,      0.354,    β:       1.000
α:       0.259,      0.769,      1.374,     -0.431,     -0.245,      0.354,    β:       1.000
α:       0.259,      0.769,      1.377,     -0.433,     -0.245,      0.355,    β:       1.000
α:       0.259,      0.769,      1.380,     -0.434,     -0.245,      0.355,    β:       1.000
α:       0.258,      0.769,      1.383,     -0.436,     -0.245,      0.355,    β:       1.000
α:       0.258,      0.769,      1.386,     -0.438,     -0.244,      0.355,    β:       1.000
α:       0.258,      0.769,      1.389,     -0.440,     -0.244,      0.355,    β:       1.000
α:       0.258,      0.768,      1.391,     -0.441,     -0.244,      0.355,    β:       1.000
α:       0.257,      0.768,      1.394,     -0.443,     -0.244,      0.355,    β:       1.000
α:       0.257,      0.768,      1.397,     -0.445,     -0.243,      0.355,    β:       1.000
α:       0.257,      0.768,      1.399,     -0.447,     -0.243,      0.355,    β:       1.000
α:       0.257,      0.768,      1.402,     -0.448,     -0.243,      0.355,    β:       1.000
α:       0.256,      0.768,      1.404,     -0.450,     -0.243,      0.355,    β:       1.000
α:       0.256,      0.768,      1.407,     -0.452,     -0.243,      0.356,    β:       1.000
α:       0.256,      0.767,      1.409,     -0.453,     -0.242,      0.356,    β:       1.000
α:       0.255,      0.767,      1.412,     -0.455,     -0.242,      0.356,    β:       1.000
α:       0.255,      0.767,      1.414,     -0.457,     -0.242,      0.356,    β:       1.000
α:       0.255,      0.767,      1.417,     -0.458,     -0.241,      0.356,    β:       1.000
α:       0.255,      0.767,      1.419,     -0.460,     -0.241,      0.356,    β:       1.000
α:       0.255,      0.767,      1.421,     -0.461,     -0.241,      0.356,    β:       1.000
α:       0.255,      0.767,      1.423,     -0.463,     -0.241,      0.356,    β:       1.000
α:       0.255,      0.767,      1.426,     -0.464,     -0.240,      0.356,    β:       1.000
α:       0.255,      0.766,      1.428,     -0.466,     -0.240,      0.356,    β:       1.000
α:       0.255,      0.766,      1.430,     -0.468,     -0.240,      0.356,    β:       1.000
α:       0.254,      0.766,      1.432,     -0.469,     -0.240,      0.356,    β:       1.000
α:       0.254,      0.766,      1.434,     -0.471,     -0.239,      0.356,    β:       1.000
α:       0.254,      0.766,      1.436,     -0.472,     -0.239,      0.356,    β:       1.000
α:       0.254,      0.766,      1.438,     -0.474,     -0.239,      0.356,    β:       1.000
α:       0.254,      0.766,      1.440,     -0.475,     -0.238,      0.355,    β:       1.000
α:       0.254,      0.765,      1.442,     -0.477,     -0.238,      0.355,    β:       1.000
α:       0.254,      0.765,      1.444,     -0.478,     -0.238,      0.355,    β:       1.000
α:       0.253,      0.765,      1.446,     -0.480,     -0.237,      0.355,    β:       1.000
α:       0.253,      0.765,      1.448,     -0.481,     -0.237,      0.355,    β:       1.000
α:       0.253,      0.765,      1.449,     -0.483,     -0.236,      0.355,    β:       1.000
α:       0.253,      0.765,      1.451,     -0.484,     -0.236,      0.355,    β:       1.000
α:       0.252,      0.765,      1.453,     -0.486,     -0.236,      0.355,    β:       1.000
α:       0.252,      0.764,      1.455,     -0.487,     -0.235,      0.355,    β:       1.000
α:       0.252,      0.764,      1.456,     -0.489,     -0.235,      0.355,    β:       1.000
α:       0.252,      0.764,      1.458,     -0.490,     -0.235,      0.355,    β:       1.000
α:       0.252,      0.764,      1.460,     -0.491,     -0.234,      0.355,    β:       1.000
α:       0.252,      0.764,      1.461,     -0.493,     -0.234,      0.355,    β:       1.000
α:       0.252,      0.764,      1.463,     -0.494,     -0.233,      0.354,    β:       1.000
α:       0.252,      0.764,      1.464,     -0.496,     -0.233,      0.354,    β:       1.000
α:       0.252,      0.763,      1.466,     -0.497,     -0.233,      0.354,    β:       1.000
α:       0.252,      0.763,      1.467,     -0.498,     -0.232,      0.354,    β:       1.000
α:       0.251,      0.763,      1.469,     -0.500,     -0.232,      0.354,    β:       1.000
α:       0.251,      0.763,      1.470,     -0.501,     -0.231,      0.354,    β:       1.000
α:       0.251,      0.763,      1.472,     -0.502,     -0.231,      0.354,    β:       1.000
α:       0.251,      0.762,      1.473,     -0.504,     -0.231,      0.354,    β:       1.000
α:       0.250,      0.762,      1.475,     -0.505,     -0.230,      0.353,    β:       1.000
α:       0.250,      0.762,      1.476,     -0.506,     -0.230,      0.353,    β:       1.000
α:       0.250,      0.762,      1.477,     -0.508,     -0.229,      0.353,    β:       1.000
α:       0.250,      0.762,      1.479,     -0.509,     -0.229,      0.353,    β:       1.000
α:       0.250,      0.762,      1.480,     -0.510,     -0.229,      0.353,    β:       1.000
α:       0.250,      0.762,      1.482,     -0.511,     -0.228,      0.353,    β:       1.000
α:       0.250,      0.761,      1.483,     -0.513,     -0.228,      0.352,    β:       1.000
α:       0.249,      0.761,      1.484,     -0.514,     -0.227,      0.352,    β:       1.000
α:       0.249,      0.761,      1.485,     -0.515,     -0.227,      0.352,    β:       1.000
α:       0.249,      0.761,      1.487,     -0.516,     -0.227,      0.352,    β:       1.000
α:       0.249,      0.761,      1.488,     -0.518,     -0.226,      0.352,    β:       1.000
α:       0.249,      0.761,      1.489,     -0.519,     -0.226,      0.352,    β:       1.000
α:       0.249,      0.761,      1.490,     -0.520,     -0.225,      0.351,    β:       1.000
α:       0.249,      0.760,      1.492,     -0.521,     -0.225,      0.351,    β:       1.000
α:       0.249,      0.760,      1.493,     -0.523,     -0.224,      0.351,    β:       1.000
α:       0.249,      0.760,      1.494,     -0.524,     -0.224,      0.351,    β:       1.000
α:       0.249,      0.760,      1.495,     -0.525,     -0.224,      0.351,    β:       1.000
α:       0.248,      0.760,      1.496,     -0.526,     -0.223,      0.350,    β:       1.000
α:       0.248,      0.759,      1.497,     -0.527,     -0.223,      0.350,    β:       1.000
α:       0.248,      0.759,      1.498,     -0.528,     -0.222,      0.350,    β:       1.000
α:       0.248,      0.759,      1.499,     -0.530,     -0.222,      0.350,    β:       1.000
α:       0.248,      0.759,      1.500,     -0.531,     -0.222,      0.350,    β:       1.000
α:       0.248,      0.759,      1.501,     -0.532,     -0.221,      0.350,    β:       1.000
α:       0.248,      0.759,      1.503,     -0.533,     -0.221,      0.349,    β:       1.000
α:       0.248,      0.759,      1.504,     -0.534,     -0.220,      0.349,    β:       1.000
α:       0.248,      0.759,      1.505,     -0.535,     -0.220,      0.349,    β:       1.000
α:       0.247,      0.759,      1.505,     -0.536,     -0.219,      0.349,    β:       1.000
α:       0.247,      0.758,      1.506,     -0.537,     -0.219,      0.348,    β:       1.000
α:       0.247,      0.758,      1.507,     -0.538,     -0.218,      0.348,    β:       1.000
α:       0.247,      0.758,      1.508,     -0.539,     -0.218,      0.348,    β:       1.000
α:       0.247,      0.758,      1.509,     -0.541,     -0.218,      0.348,    β:       1.000
α:       0.247,      0.758,      1.510,     -0.542,     -0.217,      0.348,    β:       1.000
α:       0.247,      0.758,      1.511,     -0.543,     -0.217,      0.347,    β:       1.000
α:       0.247,      0.757,      1.512,     -0.544,     -0.216,      0.347,    β:       1.000
α:       0.247,      0.757,      1.513,     -0.545,     -0.216,      0.347,    β:       1.000
α:       0.247,      0.757,      1.514,     -0.546,     -0.215,      0.347,    β:       1.000
α:       0.247,      0.757,      1.515,     -0.547,     -0.215,      0.347,    β:       1.000
α:       0.247,      0.757,      1.515,     -0.548,     -0.215,      0.346,    β:       1.000
α:       0.246,      0.757,      1.516,     -0.549,     -0.214,      0.346,    β:       1.000
α:       0.246,      0.757,      1.517,     -0.550,     -0.214,      0.346,    β:       1.000
α:       0.246,      0.756,      1.518,     -0.551,     -0.213,      0.346,    β:       1.000
α:       0.246,      0.756,      1.519,     -0.552,     -0.213,      0.345,    β:       1.000
α:       0.246,      0.756,      1.519,     -0.553,     -0.212,      0.345,    β:       1.000
α:       0.246,      0.756,      1.520,     -0.554,     -0.212,      0.345,    β:       1.000
α:       0.246,      0.756,      1.521,     -0.555,     -0.212,      0.345,    β:       1.000
α:       0.246,      0.756,      1.522,     -0.556,     -0.211,      0.345,    β:       1.000
α:       0.246,      0.756,      1.522,     -0.557,     -0.211,      0.344,    β:       1.000
α:       0.246,      0.756,      1.523,     -0.558,     -0.210,      0.344,    β:       1.000
α:       0.246,      0.756,      1.524,     -0.559,     -0.210,      0.344,    β:       1.000
α:       0.245,      0.756,      1.525,     -0.560,     -0.209,      0.344,    β:       1.000
α:       0.245,      0.756,      1.525,     -0.561,     -0.209,      0.343,    β:       1.000
α:       0.245,      0.756,      1.526,     -0.562,     -0.209,      0.343,    β:       1.000
α:       0.245,      0.756,      1.527,     -0.563,     -0.208,      0.343,    β:       1.000
α:       0.245,      0.755,      1.527,     -0.564,     -0.208,      0.343,    β:       1.000
α:       0.245,      0.755,      1.528,     -0.565,     -0.207,      0.342,    β:       1.000
α:       0.245,      0.755,      1.529,     -0.566,     -0.207,      0.342,    β:       1.000
α:       0.245,      0.755,      1.529,     -0.567,     -0.206,      0.342,    β:       1.000
α:       0.245,      0.755,      1.530,     -0.568,     -0.206,      0.342,    β:       1.000
α:       0.245,      0.755,      1.531,     -0.569,     -0.206,      0.341,    β:       1.000
α:       0.245,      0.755,      1.531,     -0.569,     -0.205,      0.341,    β:       1.000
α:       0.245,      0.755,      1.532,     -0.570,     -0.205,      0.341,    β:       1.000
α:       0.245,      0.754,      1.533,     -0.571,     -0.204,      0.341,    β:       1.000
α:       0.245,      0.754,      1.533,     -0.572,     -0.204,      0.341,    β:       1.000
α:       0.245,      0.754,      1.534,     -0.573,     -0.204,      0.340,    β:       1.000
α:       0.245,      0.754,      1.535,     -0.574,     -0.203,      0.340,    β:       1.000
α:       0.245,      0.754,      1.535,     -0.575,     -0.203,      0.340,    β:       1.000
α:       0.245,      0.754,      1.536,     -0.576,     -0.202,      0.340,    β:       1.000
α:       0.245,      0.754,      1.536,     -0.577,     -0.202,      0.340,    β:       1.000
α:       0.245,      0.754,      1.537,     -0.578,     -0.202,      0.339,    β:       1.000
α:       0.245,      0.754,      1.538,     -0.578,     -0.201,      0.339,    β:       1.000
α:       0.245,      0.754,      1.538,     -0.579,     -0.201,      0.339,    β:       1.000
α:       0.245,      0.754,      1.539,     -0.580,     -0.200,      0.339,    β:       1.000
α:       0.245,      0.754,      1.539,     -0.581,     -0.200,      0.338,    β:       1.000
α:       0.245,      0.754,      1.540,     -0.582,     -0.199,      0.338,    β:       1.000
α:       0.245,      0.754,      1.540,     -0.583,     -0.199,      0.338,    β:       1.000
α:       0.245,      0.754,      1.541,     -0.583,     -0.198,      0.338,    β:       1.000
α:       0.244,      0.754,      1.541,     -0.584,     -0.198,      0.337,    β:       1.000
α:       0.245,      0.754,      1.542,     -0.585,     -0.198,      0.337,    β:       1.000
α:       0.244,      0.754,      1.542,     -0.586,     -0.197,      0.337,    β:       1.000
α:       0.244,      0.753,      1.543,     -0.587,     -0.197,      0.337,    β:       1.000
α:       0.244,      0.753,      1.543,     -0.587,     -0.196,      0.336,    β:       1.000
α:       0.244,      0.753,      1.544,     -0.588,     -0.196,      0.336,    β:       1.000
α:       0.244,      0.753,      1.544,     -0.589,     -0.196,      0.336,    β:       1.000
α:       0.244,      0.753,      1.545,     -0.590,     -0.195,      0.336,    β:       1.000
α:       0.244,      0.753,      1.545,     -0.590,     -0.195,      0.336,    β:       1.000
α:       0.244,      0.753,      1.546,     -0.591,     -0.194,      0.335,    β:       1.000
α:       0.244,      0.753,      1.546,     -0.592,     -0.194,      0.335,    β:       1.000
α:       0.244,      0.753,      1.547,     -0.593,     -0.194,      0.335,    β:       1.000
α:       0.244,      0.752,      1.547,     -0.594,     -0.193,      0.335,    β:       1.000
α:       0.244,      0.752,      1.548,     -0.594,     -0.193,      0.334,    β:       1.000
α:       0.244,      0.752,      1.548,     -0.595,     -0.192,      0.334,    β:       1.000
α:       0.244,      0.752,      1.549,     -0.596,     -0.192,      0.334,    β:       1.000
α:       0.244,      0.752,      1.549,     -0.597,     -0.192,      0.334,    β:       1.000
α:       0.244,      0.752,      1.549,     -0.597,     -0.191,      0.333,    β:       1.000
α:       0.244,      0.752,      1.550,     -0.598,     -0.191,      0.333,    β:       1.000
α:       0.243,      0.752,      1.550,     -0.599,     -0.190,      0.333,    β:       1.000
α:       0.243,      0.752,      1.551,     -0.599,     -0.190,      0.333,    β:       1.000
α:       0.243,      0.752,      1.551,     -0.600,     -0.189,      0.332,    β:       1.000
α:       0.243,      0.752,      1.551,     -0.601,     -0.189,      0.332,    β:       1.000
α:       0.243,      0.752,      1.552,     -0.602,     -0.189,      0.332,    β:       1.000
α:       0.243,      0.752,      1.552,     -0.602,     -0.188,      0.332,    β:       1.000
α:       0.244,      0.752,      1.553,     -0.603,     -0.188,      0.332,    β:       1.000
α:       0.244,      0.752,      1.553,     -0.604,     -0.188,      0.331,    β:       1.000
α:       0.244,      0.752,      1.553,     -0.605,     -0.187,      0.331,    β:       1.000
α:       0.244,      0.752,      1.554,     -0.605,     -0.187,      0.331,    β:       1.000
α:       0.243,      0.752,      1.554,     -0.606,     -0.186,      0.331,    β:       1.000
α:       0.244,      0.752,      1.554,     -0.607,     -0.186,      0.330,    β:       1.000
α:       0.244,      0.751,      1.555,     -0.607,     -0.186,      0.330,    β:       1.000
α:       0.244,      0.751,      1.555,     -0.608,     -0.185,      0.330,    β:       1.000
α:       0.244,      0.751,      1.556,     -0.609,     -0.185,      0.330,    β:       1.000
α:       0.244,      0.751,      1.556,     -0.609,     -0.185,      0.329,    β:       1.000
α:       0.243,      0.751,      1.556,     -0.610,     -0.184,      0.329,    β:       1.000
α:       0.243,      0.751,      1.557,     -0.611,     -0.184,      0.329,    β:       1.000
α:       0.243,      0.751,      1.557,     -0.611,     -0.183,      0.329,    β:       1.000
α:       0.243,      0.751,      1.557,     -0.612,     -0.183,      0.329,    β:       1.000
α:       0.243,      0.751,      1.558,     -0.613,     -0.183,      0.328,    β:       1.000
α:       0.243,      0.751,      1.558,     -0.613,     -0.182,      0.328,    β:       1.000
α:       0.243,      0.750,      1.559,     -0.614,     -0.182,      0.328,    β:       1.000
α:       0.243,      0.751,      1.559,     -0.615,     -0.182,      0.328,    β:       1.000
α:       0.243,      0.751,      1.559,     -0.615,     -0.181,      0.327,    β:       1.000
α:       0.243,      0.751,      1.560,     -0.616,     -0.181,      0.327,    β:       1.000
α:       0.243,      0.750,      1.560,     -0.616,     -0.180,      0.327,    β:       1.000
α:       0.243,      0.750,      1.560,     -0.617,     -0.180,      0.327,    β:       1.000
α:       0.243,      0.750,      1.561,     -0.618,     -0.180,      0.326,    β:       1.000
α:       0.243,      0.750,      1.561,     -0.618,     -0.179,      0.326,    β:       1.000
α:       0.243,      0.750,      1.561,     -0.619,     -0.179,      0.326,    β:       1.000
α:       0.243,      0.750,      1.561,     -0.619,     -0.179,      0.326,    β:       1.000
α:       0.243,      0.750,      1.562,     -0.620,     -0.178,      0.325,    β:       1.000
α:       0.243,      0.750,      1.562,     -0.621,     -0.178,      0.325,    β:       1.000
α:       0.243,      0.750,      1.562,     -0.621,     -0.178,      0.325,    β:       1.000
α:       0.243,      0.750,      1.563,     -0.622,     -0.177,      0.325,    β:       1.000
α:       0.243,      0.750,      1.563,     -0.622,     -0.177,      0.325,    β:       1.000
α:       0.243,      0.750,      1.563,     -0.623,     -0.176,      0.324,    β:       1.000
α:       0.243,      0.750,      1.564,     -0.624,     -0.176,      0.324,    β:       1.000
α:       0.243,      0.750,      1.564,     -0.624,     -0.176,      0.324,    β:       1.000
α:       0.243,      0.750,      1.564,     -0.625,     -0.175,      0.324,    β:       1.000
α:       0.243,      0.750,      1.565,     -0.625,     -0.175,      0.323,    β:       1.000
α:       0.243,      0.750,      1.565,     -0.626,     -0.175,      0.323,    β:       1.000
α:       0.243,      0.750,      1.565,     -0.627,     -0.174,      0.323,    β:       1.000
α:       0.243,      0.750,      1.565,     -0.627,     -0.174,      0.323,    β:       1.000
α:       0.243,      0.750,      1.566,     -0.628,     -0.174,      0.323,    β:       1.000
α:       0.242,      0.750,      1.566,     -0.628,     -0.173,      0.322,    β:       1.000
α:       0.242,      0.750,      1.566,     -0.629,     -0.173,      0.322,    β:       1.000
α:       0.242,      0.750,      1.566,     -0.629,     -0.172,      0.322,    β:       1.000
α:       0.242,      0.750,      1.567,     -0.630,     -0.172,      0.322,    β:       1.000
α:       0.242,      0.750,      1.567,     -0.630,     -0.172,      0.321,    β:       1.000
α:       0.242,      0.750,      1.567,     -0.631,     -0.171,      0.321,    β:       1.000
α:       0.242,      0.750,      1.567,     -0.631,     -0.171,      0.321,    β:       1.000
α:       0.242,      0.750,      1.568,     -0.632,     -0.171,      0.321,    β:       1.000
α:       0.242,      0.750,      1.568,     -0.632,     -0.170,      0.320,    β:       1.000
α:       0.242,      0.750,      1.568,     -0.633,     -0.170,      0.320,    β:       1.000
α:       0.242,      0.750,      1.568,     -0.633,     -0.170,      0.320,    β:       1.000
α:       0.242,      0.750,      1.569,     -0.634,     -0.169,      0.320,    β:       1.000
α:       0.241,      0.750,      1.569,     -0.634,     -0.169,      0.320,    β:       1.000
α:       0.241,      0.750,      1.569,     -0.635,     -0.169,      0.319,    β:       1.000
α:       0.241,      0.750,      1.569,     -0.635,     -0.168,      0.319,    β:       1.000
α:       0.241,      0.750,      1.570,     -0.636,     -0.168,      0.319,    β:       1.000
α:       0.242,      0.750,      1.570,     -0.637,     -0.168,      0.319,    β:       1.000
α:       0.242,      0.750,      1.570,     -0.637,     -0.167,      0.319,    β:       1.000
α:       0.242,      0.750,      1.570,     -0.638,     -0.167,      0.318,    β:       1.000
α:       0.242,      0.750,      1.570,     -0.638,     -0.167,      0.318,    β:       1.000
α:       0.242,      0.750,      1.571,     -0.639,     -0.166,      0.318,    β:       1.000
α:       0.242,      0.750,      1.571,     -0.639,     -0.166,      0.318,    β:       1.000
α:       0.242,      0.750,      1.571,     -0.640,     -0.166,      0.318,    β:       1.000
α:       0.242,      0.750,      1.571,     -0.640,     -0.165,      0.317,    β:       1.000
α:       0.242,      0.750,      1.572,     -0.641,     -0.165,      0.317,    β:       1.000
α:       0.242,      0.749,      1.572,     -0.641,     -0.165,      0.317,    β:       1.000
α:       0.242,      0.749,      1.572,     -0.642,     -0.165,      0.317,    β:       1.000
α:       0.242,      0.749,      1.572,     -0.642,     -0.164,      0.317,    β:       1.000
α:       0.242,      0.749,      1.572,     -0.643,     -0.164,      0.316,    β:       1.000
α:       0.242,      0.749,      1.572,     -0.643,     -0.164,      0.316,    β:       1.000
α:       0.242,      0.749,      1.573,     -0.644,     -0.163,      0.316,    β:       1.000
α:       0.242,      0.749,      1.573,     -0.644,     -0.163,      0.316,    β:       1.000
α:       0.242,      0.749,      1.573,     -0.644,     -0.163,      0.316,    β:       1.000
α:       0.242,      0.749,      1.573,     -0.645,     -0.162,      0.315,    β:       1.000
α:       0.242,      0.749,      1.574,     -0.645,     -0.162,      0.315,    β:       1.000
α:       0.242,      0.749,      1.574,     -0.646,     -0.162,      0.315,    β:       1.000
α:       0.242,      0.749,      1.574,     -0.646,     -0.161,      0.315,    β:       1.000
α:       0.242,      0.749,      1.574,     -0.647,     -0.161,      0.314,    β:       1.000
α:       0.241,      0.749,      1.574,     -0.647,     -0.161,      0.314,    β:       1.000
α:       0.242,      0.749,      1.574,     -0.648,     -0.161,      0.314,    β:       1.000
α:       0.242,      0.749,      1.575,     -0.648,     -0.160,      0.314,    β:       1.000
α:       0.242,      0.749,      1.575,     -0.649,     -0.160,      0.314,    β:       1.000
α:       0.242,      0.749,      1.575,     -0.649,     -0.160,      0.313,    β:       1.000
α:       0.242,      0.749,      1.575,     -0.650,     -0.159,      0.313,    β:       1.000
α:       0.242,      0.749,      1.575,     -0.650,     -0.159,      0.313,    β:       1.000
α:       0.242,      0.749,      1.575,     -0.650,     -0.159,      0.313,    β:       1.000
α:       0.242,      0.749,      1.576,     -0.651,     -0.159,      0.313,    β:       1.000
α:       0.242,      0.749,      1.576,     -0.651,     -0.158,      0.312,    β:       1.000
α:       0.242,      0.749,      1.576,     -0.652,     -0.158,      0.312,    β:       1.000
α:       0.242,      0.749,      1.576,     -0.652,     -0.158,      0.312,    β:       1.000
α:       0.242,      0.749,      1.576,     -0.653,     -0.157,      0.312,    β:       1.000
α:       0.242,      0.749,      1.577,     -0.653,     -0.157,      0.312,    β:       1.000
α:       0.242,      0.749,      1.577,     -0.653,     -0.157,      0.311,    β:       1.000
α:       0.242,      0.749,      1.577,     -0.654,     -0.156,      0.311,    β:       1.000
α:       0.242,      0.749,      1.577,     -0.654,     -0.156,      0.311,    β:       1.000
α:       0.241,      0.749,      1.577,     -0.655,     -0.156,      0.311,    β:       1.000
α:       0.241,      0.749,      1.577,     -0.655,     -0.156,      0.311,    β:       1.000
α:       0.241,      0.749,      1.578,     -0.655,     -0.155,      0.310,    β:       1.000
α:       0.242,      0.749,      1.578,     -0.656,     -0.155,      0.310,    β:       1.000
α:       0.242,      0.749,      1.578,     -0.656,     -0.155,      0.310,    β:       1.000
α:       0.242,      0.749,      1.578,     -0.657,     -0.154,      0.310,    β:       1.000
α:       0.242,      0.749,      1.578,     -0.657,     -0.154,      0.310,    β:       1.000
α:       0.242,      0.749,      1.578,     -0.658,     -0.154,      0.310,    β:       1.000
α:       0.242,      0.749,      1.579,     -0.658,     -0.154,      0.309,    β:       1.000
α:       0.242,      0.749,      1.579,     -0.658,     -0.153,      0.309,    β:       1.000
α:       0.242,      0.749,      1.579,     -0.659,     -0.153,      0.309,    β:       1.000
α:       0.241,      0.749,      1.579,     -0.659,     -0.153,      0.309,    β:       1.000
α:       0.242,      0.749,      1.579,     -0.659,     -0.152,      0.309,    β:       1.000
α:       0.242,      0.749,      1.579,     -0.660,     -0.152,      0.308,    β:       1.000
α:       0.242,      0.749,      1.579,     -0.660,     -0.152,      0.308,    β:       1.000
α:       0.241,      0.749,      1.579,     -0.660,     -0.152,      0.308,    β:       1.000
α:       0.242,      0.749,      1.580,     -0.661,     -0.151,      0.308,    β:       1.000
α:       0.242,      0.749,      1.580,     -0.661,     -0.151,      0.308,    β:       1.000
α:       0.242,      0.749,      1.580,     -0.661,     -0.151,      0.307,    β:       1.000
α:       0.241,      0.749,      1.580,     -0.662,     -0.151,      0.307,    β:       1.000
α:       0.241,      0.749,      1.580,     -0.662,     -0.150,      0.307,    β:       1.000
α:       0.242,      0.749,      1.580,     -0.663,     -0.150,      0.307,    β:       1.000
α:       0.242,      0.749,      1.581,     -0.663,     -0.150,      0.307,    β:       1.000
α:       0.242,      0.749,      1.581,     -0.663,     -0.150,      0.307,    β:       1.000
α:       0.242,      0.749,      1.581,     -0.664,     -0.149,      0.306,    β:       1.000
α:       0.242,      0.749,      1.581,     -0.664,     -0.149,      0.306,    β:       1.000
α:       0.242,      0.749,      1.581,     -0.664,     -0.149,      0.306,    β:       1.000
α:       0.242,      0.749,      1.582,     -0.665,     -0.149,      0.306,    β:       1.000
α:       0.242,      0.749,      1.582,     -0.665,     -0.148,      0.306,    β:       1.000
α:       0.242,      0.749,      1.582,     -0.665,     -0.148,      0.306,    β:       1.000
α:       0.242,      0.749,      1.582,     -0.666,     -0.148,      0.305,    β:       1.000
α:       0.241,      0.749,      1.582,     -0.666,     -0.148,      0.305,    β:       1.000
α:       0.241,      0.749,      1.582,     -0.666,     -0.147,      0.305,    β:       1.000
α:       0.241,      0.749,      1.582,     -0.667,     -0.147,      0.305,    β:       1.000
α:       0.241,      0.749,      1.583,     -0.667,     -0.147,      0.305,    β:       1.000
α:       0.241,      0.749,      1.583,     -0.667,     -0.147,      0.305,    β:       1.000
α:       0.241,      0.749,      1.583,     -0.668,     -0.146,      0.304,    β:       1.000
α:       0.241,      0.749,      1.583,     -0.668,     -0.146,      0.304,    β:       1.000
α:       0.241,      0.749,      1.583,     -0.668,     -0.146,      0.304,    β:       1.000
α:       0.242,      0.749,      1.583,     -0.669,     -0.146,      0.304,    β:       1.000
α:       0.242,      0.748,      1.583,     -0.669,     -0.146,      0.304,    β:       1.000
α:       0.242,      0.748,      1.584,     -0.669,     -0.145,      0.303,    β:       1.000
α:       0.242,      0.749,      1.584,     -0.670,     -0.145,      0.303,    β:       1.000
α:       0.242,      0.749,      1.584,     -0.670,     -0.145,      0.303,    β:       1.000
α:       0.242,      0.749,      1.584,     -0.670,     -0.145,      0.303,    β:       1.000
α:       0.242,      0.748,      1.584,     -0.671,     -0.144,      0.303,    β:       1.000
α:       0.241,      0.748,      1.584,     -0.671,     -0.144,      0.303,    β:       1.000
α:       0.241,      0.748,      1.584,     -0.671,     -0.144,      0.303,    β:       1.000
α:       0.241,      0.748,      1.584,     -0.671,     -0.144,      0.302,    β:       1.000
α:       0.241,      0.749,      1.584,     -0.672,     -0.143,      0.302,    β:       1.000
α:       0.241,      0.749,      1.585,     -0.672,     -0.143,      0.302,    β:       1.000
α:       0.241,      0.748,      1.585,     -0.672,     -0.143,      0.302,    β:       1.000
α:       0.241,      0.749,      1.585,     -0.673,     -0.143,      0.302,    β:       1.000
α:       0.241,      0.749,      1.585,     -0.673,     -0.142,      0.302,    β:       1.000
α:       0.241,      0.749,      1.585,     -0.673,     -0.142,      0.301,    β:       1.000
α:       0.241,      0.749,      1.585,     -0.673,     -0.142,      0.301,    β:       1.000
α:       0.241,      0.749,      1.585,     -0.674,     -0.142,      0.301,    β:       1.000
α:       0.241,      0.749,      1.585,     -0.674,     -0.142,      0.301,    β:       1.000
α:       0.241,      0.749,      1.585,     -0.674,     -0.141,      0.301,    β:       1.000
α:       0.241,      0.748,      1.586,     -0.675,     -0.141,      0.301,    β:       1.000
α:       0.242,      0.748,      1.586,     -0.675,     -0.141,      0.301,    β:       1.000
α:       0.241,      0.749,      1.586,     -0.675,     -0.141,      0.300,    β:       1.000
α:       0.241,      0.748,      1.586,     -0.676,     -0.141,      0.300,    β:       1.000
α:       0.241,      0.748,      1.586,     -0.676,     -0.140,      0.300,    β:       1.000
α:       0.242,      0.748,      1.586,     -0.676,     -0.140,      0.300,    β:       1.000
α:       0.241,      0.748,      1.586,     -0.676,     -0.140,      0.300,    β:       1.000
α:       0.242,      0.748,      1.586,     -0.677,     -0.140,      0.300,    β:       1.000
α:       0.241,      0.748,      1.586,     -0.677,     -0.140,      0.299,    β:       1.000
α:       0.241,      0.748,      1.587,     -0.677,     -0.139,      0.299,    β:       1.000
α:       0.241,      0.748,      1.587,     -0.677,     -0.139,      0.299,    β:       1.000
α:       0.241,      0.748,      1.587,     -0.678,     -0.139,      0.299,    β:       1.000
α:       0.241,      0.748,      1.587,     -0.678,     -0.139,      0.299,    β:       1.000
α:       0.241,      0.748,      1.587,     -0.678,     -0.139,      0.299,    β:       1.000
α:       0.241,      0.748,      1.587,     -0.679,     -0.138,      0.298,    β:       1.000
α:       0.241,      0.748,      1.587,     -0.679,     -0.138,      0.298,    β:       1.000
α:       0.241,      0.748,      1.587,     -0.679,     -0.138,      0.298,    β:       1.000
α:       0.241,      0.748,      1.587,     -0.679,     -0.138,      0.298,    β:       1.000
α:       0.241,      0.748,      1.587,     -0.680,     -0.138,      0.298,    β:       1.000
α:       0.241,      0.748,      1.588,     -0.680,     -0.137,      0.298,    β:       1.000
α:       0.241,      0.748,      1.588,     -0.680,     -0.137,      0.298,    β:       1.000
α:       0.241,      0.748,      1.588,     -0.680,     -0.137,      0.297,    β:       1.000
α:       0.241,      0.748,      1.588,     -0.681,     -0.137,      0.297,    β:       1.000
α:       0.241,      0.748,      1.588,     -0.681,     -0.137,      0.297,    β:       1.000
α:       0.241,      0.748,      1.588,     -0.681,     -0.136,      0.297,    β:       1.000
α:       0.241,      0.748,      1.588,     -0.681,     -0.136,      0.297,    β:       1.000
α:       0.241,      0.748,      1.589,     -0.682,     -0.136,      0.297,    β:       1.000
α:       0.241,      0.748,      1.589,     -0.682,     -0.136,      0.297,    β:       1.000
α:       0.241,      0.748,      1.589,     -0.682,     -0.136,      0.296,    β:       1.000
α:       0.241,      0.748,      1.589,     -0.682,     -0.135,      0.296,    β:       1.000
α:       0.241,      0.748,      1.589,     -0.683,     -0.135,      0.296,    β:       1.000
α:       0.241,      0.748,      1.589,     -0.683,     -0.135,      0.296,    β:       1.000
α:       0.241,      0.748,      1.589,     -0.683,     -0.135,      0.296,    β:       1.000
α:       0.241,      0.748,      1.589,     -0.683,     -0.135,      0.296,    β:       1.000
α:       0.241,      0.748,      1.589,     -0.684,     -0.134,      0.295,    β:       1.000
α:       0.242,      0.748,      1.589,     -0.684,     -0.134,      0.295,    β:       1.000
α:       0.242,      0.748,      1.589,     -0.684,     -0.134,      0.295,    β:       1.000
α:       0.242,      0.748,      1.589,     -0.684,     -0.134,      0.295,    β:       1.000
α:       0.242,      0.748,      1.590,     -0.685,     -0.134,      0.295,    β:       1.000
α:       0.241,      0.748,      1.590,     -0.685,     -0.134,      0.295,    β:       1.000
α:       0.241,      0.748,      1.590,     -0.685,     -0.133,      0.295,    β:       1.000
α:       0.241,      0.748,      1.590,     -0.685,     -0.133,      0.294,    β:       1.000
α:       0.241,      0.748,      1.590,     -0.686,     -0.133,      0.294,    β:       1.000
α:       0.242,      0.748,      1.590,     -0.686,     -0.133,      0.294,    β:       1.000
α:       0.241,      0.748,      1.590,     -0.686,     -0.133,      0.294,    β:       1.000
α:       0.241,      0.748,      1.590,     -0.686,     -0.133,      0.294,    β:       1.000
α:       0.241,      0.748,      1.590,     -0.686,     -0.132,      0.294,    β:       1.000
α:       0.241,      0.748,      1.590,     -0.687,     -0.132,      0.294,    β:       1.000
α:       0.241,      0.748,      1.590,     -0.687,     -0.132,      0.294,    β:       1.000
α:       0.241,      0.748,      1.591,     -0.687,     -0.132,      0.293,    β:       1.000
α:       0.241,      0.748,      1.591,     -0.687,     -0.132,      0.293,    β:       1.000
α:       0.241,      0.748,      1.591,     -0.687,     -0.132,      0.293,    β:       1.000
α:       0.241,      0.748,      1.591,     -0.688,     -0.131,      0.293,    β:       1.000
α:       0.241,      0.748,      1.591,     -0.688,     -0.131,      0.293,    β:       1.000
α:       0.241,      0.748,      1.591,     -0.688,     -0.131,      0.293,    β:       1.000
α:       0.240,      0.748,      1.591,     -0.688,     -0.131,      0.293,    β:       1.000
α:       0.241,      0.748,      1.591,     -0.688,     -0.131,      0.292,    β:       1.000
α:       0.241,      0.748,      1.591,     -0.689,     -0.131,      0.292,    β:       1.000
α:       0.241,      0.748,      1.591,     -0.689,     -0.130,      0.292,    β:       1.000
α:       0.241,      0.748,      1.591,     -0.689,     -0.130,      0.292,    β:       1.000
α:       0.241,      0.748,      1.591,     -0.689,     -0.130,      0.292,    β:       1.000
α:       0.242,      0.748,      1.591,     -0.690,     -0.130,      0.292,    β:       1.000
α:       0.242,      0.748,      1.591,     -0.690,     -0.130,      0.292,    β:       1.000
α:       0.241,      0.748,      1.591,     -0.690,     -0.130,      0.292,    β:       1.000
α:       0.241,      0.748,      1.591,     -0.690,     -0.129,      0.291,    β:       1.000
α:       0.241,      0.748,      1.592,     -0.690,     -0.129,      0.291,    β:       1.000
α:       0.241,      0.748,      1.592,     -0.691,     -0.129,      0.291,    β:       1.000
α:       0.241,      0.748,      1.592,     -0.691,     -0.129,      0.291,    β:       1.000
α:       0.242,      0.748,      1.592,     -0.691,     -0.129,      0.291,    β:       1.000
α:       0.242,      0.748,      1.592,     -0.691,     -0.129,      0.291,    β:       1.000
α:       0.242,      0.748,      1.592,     -0.692,     -0.129,      0.291,    β:       1.000
α:       0.242,      0.748,      1.592,     -0.692,     -0.128,      0.291,    β:       1.000
α:       0.242,      0.748,      1.592,     -0.692,     -0.128,      0.290,    β:       1.000
α:       0.242,      0.748,      1.592,     -0.692,     -0.128,      0.290,    β:       1.000
α:       0.242,      0.748,      1.592,     -0.692,     -0.128,      0.290,    β:       1.000
α:       0.242,      0.748,      1.592,     -0.693,     -0.128,      0.290,    β:       1.000
α:       0.242,      0.748,      1.593,     -0.693,     -0.128,      0.290,    β:       1.000
α:       0.242,      0.748,      1.593,     -0.693,     -0.128,      0.290,    β:       1.000
α:       0.242,      0.748,      1.593,     -0.693,     -0.127,      0.290,    β:       1.000
α:       0.241,      0.748,      1.593,     -0.693,     -0.127,      0.290,    β:       1.000
α:       0.241,      0.748,      1.593,     -0.694,     -0.127,      0.290,    β:       1.000
α:       0.241,      0.748,      1.593,     -0.694,     -0.127,      0.289,    β:       1.000
α:       0.241,      0.748,      1.593,     -0.694,     -0.127,      0.289,    β:       1.000
α:       0.241,      0.748,      1.593,     -0.694,     -0.127,      0.289,    β:       1.000
α:       0.241,      0.748,      1.593,     -0.694,     -0.126,      0.289,    β:       1.000
α:       0.241,      0.748,      1.593,     -0.694,     -0.126,      0.289,    β:       1.000
α:       0.241,      0.748,      1.593,     -0.695,     -0.126,      0.289,    β:       1.000
α:       0.241,      0.748,      1.593,     -0.695,     -0.126,      0.289,    β:       1.000
α:       0.241,      0.748,      1.593,     -0.695,     -0.126,      0.289,    β:       1.000
α:       0.241,      0.748,      1.594,     -0.695,     -0.126,      0.289,    β:       1.000
α:       0.241,      0.748,      1.594,     -0.695,     -0.126,      0.288,    β:       1.000
α:       0.241,      0.748,      1.594,     -0.696,     -0.126,      0.288,    β:       1.000
α:       0.241,      0.748,      1.594,     -0.696,     -0.126,      0.288,    β:       1.000
α:       0.241,      0.748,      1.594,     -0.696,     -0.125,      0.288,    β:       1.000
α:       0.241,      0.748,      1.594,     -0.696,     -0.125,      0.288,    β:       1.000
α:       0.241,      0.748,      1.594,     -0.696,     -0.125,      0.288,    β:       1.000
α:       0.241,      0.748,      1.594,     -0.696,     -0.125,      0.288,    β:       1.000
α:       0.241,      0.748,      1.594,     -0.697,     -0.125,      0.287,    β:       1.000
α:       0.241,      0.748,      1.594,     -0.697,     -0.125,      0.287,    β:       1.000
α:       0.241,      0.748,      1.594,     -0.697,     -0.125,      0.287,    β:       1.000
α:       0.241,      0.748,      1.594,     -0.697,     -0.125,      0.287,    β:       1.000
α:       0.241,      0.748,      1.595,     -0.697,     -0.124,      0.287,    β:       1.000
α:       0.241,      0.748,      1.595,     -0.697,     -0.124,      0.287,    β:       1.000
α:       0.241,      0.748,      1.595,     -0.698,     -0.124,      0.287,    β:       1.000
α:       0.241,      0.748,      1.595,     -0.698,     -0.124,      0.287,    β:       1.000
α:       0.241,      0.748,      1.595,     -0.698,     -0.124,      0.286,    β:       1.000
