α0:     -1.045,     -0.651,     -0.748,     -0.014,     -1.151,      0.027,    β0:      1.000
α:      -0.149,     -0.131,     -0.140,      0.047,     -0.051,     -0.045,    β:       1.000
α:      -0.240,     -0.206,     -0.223,      0.076,     -0.084,     -0.073,    β:       1.000
α:      -0.307,     -0.259,     -0.282,      0.096,     -0.108,     -0.092,    β:       1.000
α:      -0.362,     -0.299,     -0.329,      0.113,     -0.128,     -0.107,    β:       1.000
α:      -0.408,     -0.331,     -0.368,      0.127,     -0.146,     -0.120,    β:       1.000
α:      -0.448,     -0.357,     -0.400,      0.138,     -0.161,     -0.130,    β:       1.000
α:      -0.484,     -0.380,     -0.429,      0.148,     -0.174,     -0.139,    β:       1.000
α:      -0.516,     -0.400,     -0.454,      0.157,     -0.187,     -0.147,    β:       1.000
α:      -0.545,     -0.416,     -0.476,      0.165,     -0.198,     -0.154,    β:       1.000
α:      -0.571,     -0.431,     -0.497,      0.172,     -0.209,     -0.160,    β:       1.000
α:      -0.596,     -0.444,     -0.514,      0.178,     -0.218,     -0.165,    β:       1.000
α:      -0.618,     -0.455,     -0.531,      0.184,     -0.227,     -0.170,    β:       1.000
α:      -0.639,     -0.465,     -0.546,      0.190,     -0.236,     -0.174,    β:       1.000
α:      -0.659,     -0.474,     -0.559,      0.194,     -0.244,     -0.178,    β:       1.000
α:      -0.678,     -0.482,     -0.572,      0.199,     -0.252,     -0.181,    β:       1.000
α:      -0.695,     -0.489,     -0.583,      0.203,     -0.259,     -0.184,    β:       1.000
α:      -0.712,     -0.495,     -0.594,      0.207,     -0.266,     -0.187,    β:       1.000
α:      -0.727,     -0.501,     -0.603,      0.210,     -0.273,     -0.190,    β:       1.000
α:      -0.742,     -0.506,     -0.613,      0.213,     -0.279,     -0.192,    β:       1.000
α:      -0.755,     -0.511,     -0.621,      0.216,     -0.285,     -0.194,    β:       1.000
α:      -0.769,     -0.515,     -0.629,      0.219,     -0.291,     -0.196,    β:       1.000
α:      -0.781,     -0.519,     -0.636,      0.222,     -0.296,     -0.198,    β:       1.000
α:      -0.793,     -0.523,     -0.643,      0.224,     -0.302,     -0.200,    β:       1.000
α:      -0.804,     -0.526,     -0.649,      0.227,     -0.307,     -0.201,    β:       1.000
α:      -0.815,     -0.529,     -0.655,      0.229,     -0.312,     -0.202,    β:       1.000
α:      -0.825,     -0.532,     -0.660,      0.231,     -0.317,     -0.204,    β:       1.000
α:      -0.835,     -0.534,     -0.665,      0.232,     -0.321,     -0.205,    β:       1.000
α:      -0.845,     -0.536,     -0.670,      0.234,     -0.326,     -0.206,    β:       1.000
α:      -0.854,     -0.538,     -0.675,      0.236,     -0.330,     -0.207,    β:       1.000
α:      -0.863,     -0.540,     -0.679,      0.237,     -0.334,     -0.208,    β:       1.000
α:      -0.871,     -0.542,     -0.683,      0.239,     -0.339,     -0.208,    β:       1.000
α:      -0.879,     -0.543,     -0.687,      0.240,     -0.343,     -0.209,    β:       1.000
α:      -0.886,     -0.544,     -0.690,      0.241,     -0.347,     -0.210,    β:       1.000
α:      -0.894,     -0.545,     -0.694,      0.242,     -0.351,     -0.210,    β:       1.000
α:      -0.901,     -0.547,     -0.697,      0.244,     -0.354,     -0.211,    β:       1.000
α:      -0.908,     -0.548,     -0.700,      0.245,     -0.358,     -0.211,    β:       1.000
α:      -0.914,     -0.548,     -0.703,      0.246,     -0.362,     -0.212,    β:       1.000
α:      -0.921,     -0.549,     -0.705,      0.247,     -0.365,     -0.212,    β:       1.000
α:      -0.927,     -0.550,     -0.707,      0.247,     -0.369,     -0.213,    β:       1.000
α:      -0.933,     -0.551,     -0.710,      0.248,     -0.372,     -0.213,    β:       1.000
α:      -0.938,     -0.551,     -0.712,      0.249,     -0.375,     -0.213,    β:       1.000
α:      -0.944,     -0.551,     -0.714,      0.250,     -0.379,     -0.213,    β:       1.000
α:      -0.949,     -0.552,     -0.716,      0.250,     -0.382,     -0.214,    β:       1.000
α:      -0.954,     -0.552,     -0.717,      0.251,     -0.385,     -0.214,    β:       1.000
α:      -0.959,     -0.553,     -0.719,      0.252,     -0.388,     -0.214,    β:       1.000
α:      -0.964,     -0.553,     -0.721,      0.252,     -0.391,     -0.214,    β:       1.000
α:      -0.968,     -0.554,     -0.722,      0.253,     -0.394,     -0.214,    β:       1.000
α:      -0.972,     -0.554,     -0.723,      0.253,     -0.397,     -0.214,    β:       1.000
α:      -0.977,     -0.554,     -0.725,      0.254,     -0.400,     -0.214,    β:       1.000
α:      -0.981,     -0.555,     -0.726,      0.254,     -0.403,     -0.214,    β:       1.000
α:      -0.985,     -0.555,     -0.727,      0.254,     -0.405,     -0.214,    β:       1.000
α:      -0.988,     -0.555,     -0.728,      0.255,     -0.408,     -0.214,    β:       1.000
α:      -0.992,     -0.555,     -0.729,      0.255,     -0.411,     -0.214,    β:       1.000
α:      -0.996,     -0.555,     -0.730,      0.255,     -0.413,     -0.214,    β:       1.000
α:      -0.999,     -0.555,     -0.730,      0.256,     -0.416,     -0.214,    β:       1.000
α:      -1.002,     -0.555,     -0.731,      0.256,     -0.418,     -0.214,    β:       1.000
α:      -1.006,     -0.555,     -0.732,      0.256,     -0.421,     -0.214,    β:       1.000
α:      -1.009,     -0.556,     -0.732,      0.256,     -0.424,     -0.214,    β:       1.000
α:      -1.012,     -0.556,     -0.733,      0.257,     -0.426,     -0.214,    β:       1.000
α:      -1.015,     -0.556,     -0.734,      0.257,     -0.428,     -0.214,    β:       1.000
α:      -1.018,     -0.556,     -0.734,      0.257,     -0.431,     -0.214,    β:       1.000
α:      -1.020,     -0.556,     -0.735,      0.257,     -0.433,     -0.214,    β:       1.000
α:      -1.023,     -0.556,     -0.735,      0.257,     -0.436,     -0.213,    β:       1.000
α:      -1.026,     -0.556,     -0.736,      0.258,     -0.438,     -0.213,    β:       1.000
α:      -1.028,     -0.556,     -0.736,      0.258,     -0.440,     -0.213,    β:       1.000
α:      -1.031,     -0.556,     -0.736,      0.258,     -0.443,     -0.213,    β:       1.000
α:      -1.033,     -0.557,     -0.737,      0.258,     -0.445,     -0.213,    β:       1.000
α:      -1.035,     -0.557,     -0.737,      0.258,     -0.447,     -0.213,    β:       1.000
α:      -1.037,     -0.557,     -0.737,      0.258,     -0.449,     -0.213,    β:       1.000
α:      -1.039,     -0.557,     -0.737,      0.258,     -0.451,     -0.212,    β:       1.000
α:      -1.041,     -0.557,     -0.738,      0.258,     -0.454,     -0.212,    β:       1.000
α:      -1.043,     -0.557,     -0.738,      0.258,     -0.456,     -0.212,    β:       1.000
α:      -1.045,     -0.557,     -0.738,      0.258,     -0.458,     -0.212,    β:       1.000
α:      -1.047,     -0.557,     -0.738,      0.258,     -0.460,     -0.212,    β:       1.000
α:      -1.049,     -0.557,     -0.738,      0.258,     -0.462,     -0.212,    β:       1.000
α:      -1.051,     -0.557,     -0.738,      0.258,     -0.464,     -0.211,    β:       1.000
α:      -1.052,     -0.557,     -0.738,      0.258,     -0.466,     -0.211,    β:       1.000
α:      -1.054,     -0.557,     -0.739,      0.258,     -0.468,     -0.211,    β:       1.000
α:      -1.056,     -0.557,     -0.739,      0.258,     -0.470,     -0.211,    β:       1.000
α:      -1.057,     -0.557,     -0.739,      0.258,     -0.472,     -0.211,    β:       1.000
α:      -1.059,     -0.557,     -0.739,      0.258,     -0.474,     -0.210,    β:       1.000
α:      -1.060,     -0.557,     -0.738,      0.258,     -0.476,     -0.210,    β:       1.000
α:      -1.062,     -0.557,     -0.739,      0.258,     -0.478,     -0.210,    β:       1.000
α:      -1.063,     -0.558,     -0.739,      0.258,     -0.480,     -0.210,    β:       1.000
α:      -1.064,     -0.558,     -0.738,      0.258,     -0.482,     -0.210,    β:       1.000
α:      -1.066,     -0.558,     -0.738,      0.257,     -0.484,     -0.209,    β:       1.000
α:      -1.067,     -0.558,     -0.738,      0.257,     -0.486,     -0.209,    β:       1.000
α:      -1.068,     -0.557,     -0.738,      0.257,     -0.488,     -0.209,    β:       1.000
α:      -1.069,     -0.557,     -0.738,      0.257,     -0.490,     -0.209,    β:       1.000
α:      -1.070,     -0.557,     -0.738,      0.257,     -0.491,     -0.208,    β:       1.000
α:      -1.071,     -0.557,     -0.738,      0.257,     -0.493,     -0.208,    β:       1.000
α:      -1.072,     -0.558,     -0.738,      0.257,     -0.495,     -0.208,    β:       1.000
α:      -1.073,     -0.558,     -0.738,      0.256,     -0.497,     -0.208,    β:       1.000
α:      -1.074,     -0.558,     -0.737,      0.256,     -0.499,     -0.208,    β:       1.000
α:      -1.075,     -0.558,     -0.737,      0.256,     -0.501,     -0.207,    β:       1.000
α:      -1.076,     -0.558,     -0.737,      0.256,     -0.502,     -0.207,    β:       1.000
α:      -1.077,     -0.558,     -0.737,      0.256,     -0.504,     -0.207,    β:       1.000
α:      -1.078,     -0.558,     -0.737,      0.256,     -0.506,     -0.207,    β:       1.000
α:      -1.079,     -0.558,     -0.737,      0.256,     -0.508,     -0.207,    β:       1.000
α:      -1.080,     -0.558,     -0.737,      0.255,     -0.509,     -0.206,    β:       1.000
α:      -1.080,     -0.558,     -0.736,      0.255,     -0.511,     -0.206,    β:       1.000
α:      -1.081,     -0.559,     -0.736,      0.255,     -0.513,     -0.206,    β:       1.000
α:      -1.082,     -0.559,     -0.736,      0.255,     -0.515,     -0.206,    β:       1.000
α:      -1.083,     -0.559,     -0.736,      0.255,     -0.516,     -0.206,    β:       1.000
α:      -1.084,     -0.559,     -0.736,      0.255,     -0.518,     -0.205,    β:       1.000
α:      -1.084,     -0.559,     -0.735,      0.255,     -0.520,     -0.205,    β:       1.000
α:      -1.085,     -0.559,     -0.735,      0.254,     -0.521,     -0.205,    β:       1.000
α:      -1.086,     -0.559,     -0.735,      0.254,     -0.523,     -0.205,    β:       1.000
α:      -1.086,     -0.559,     -0.735,      0.254,     -0.525,     -0.204,    β:       1.000
α:      -1.087,     -0.559,     -0.735,      0.254,     -0.526,     -0.204,    β:       1.000
α:      -1.087,     -0.559,     -0.735,      0.254,     -0.528,     -0.204,    β:       1.000
α:      -1.088,     -0.559,     -0.734,      0.253,     -0.530,     -0.204,    β:       1.000
α:      -1.088,     -0.559,     -0.734,      0.253,     -0.531,     -0.203,    β:       1.000
α:      -1.089,     -0.559,     -0.734,      0.253,     -0.533,     -0.203,    β:       1.000
α:      -1.089,     -0.559,     -0.734,      0.253,     -0.534,     -0.203,    β:       1.000
α:      -1.090,     -0.559,     -0.734,      0.252,     -0.536,     -0.203,    β:       1.000
α:      -1.090,     -0.559,     -0.734,      0.252,     -0.538,     -0.203,    β:       1.000
α:      -1.091,     -0.559,     -0.733,      0.252,     -0.539,     -0.202,    β:       1.000
α:      -1.091,     -0.559,     -0.733,      0.252,     -0.541,     -0.202,    β:       1.000
α:      -1.092,     -0.560,     -0.733,      0.252,     -0.542,     -0.202,    β:       1.000
α:      -1.092,     -0.560,     -0.733,      0.251,     -0.544,     -0.202,    β:       1.000
α:      -1.092,     -0.560,     -0.732,      0.251,     -0.545,     -0.202,    β:       1.000
α:      -1.093,     -0.560,     -0.732,      0.251,     -0.547,     -0.201,    β:       1.000
α:      -1.093,     -0.560,     -0.732,      0.251,     -0.549,     -0.201,    β:       1.000
α:      -1.093,     -0.560,     -0.732,      0.251,     -0.550,     -0.201,    β:       1.000
α:      -1.094,     -0.560,     -0.732,      0.250,     -0.552,     -0.201,    β:       1.000
α:      -1.094,     -0.560,     -0.731,      0.250,     -0.553,     -0.201,    β:       1.000
α:      -1.094,     -0.560,     -0.731,      0.250,     -0.555,     -0.200,    β:       1.000
α:      -1.095,     -0.561,     -0.731,      0.250,     -0.556,     -0.200,    β:       1.000
α:      -1.095,     -0.560,     -0.731,      0.249,     -0.558,     -0.200,    β:       1.000
α:      -1.095,     -0.561,     -0.730,      0.249,     -0.559,     -0.200,    β:       1.000
α:      -1.095,     -0.560,     -0.730,      0.249,     -0.561,     -0.199,    β:       1.000
α:      -1.096,     -0.561,     -0.730,      0.249,     -0.562,     -0.199,    β:       1.000
α:      -1.096,     -0.561,     -0.730,      0.248,     -0.564,     -0.199,    β:       1.000
α:      -1.096,     -0.561,     -0.730,      0.248,     -0.565,     -0.199,    β:       1.000
α:      -1.096,     -0.561,     -0.729,      0.248,     -0.567,     -0.199,    β:       1.000
α:      -1.097,     -0.561,     -0.729,      0.248,     -0.568,     -0.199,    β:       1.000
α:      -1.097,     -0.561,     -0.729,      0.247,     -0.570,     -0.198,    β:       1.000
α:      -1.097,     -0.561,     -0.729,      0.247,     -0.571,     -0.198,    β:       1.000
α:      -1.097,     -0.561,     -0.729,      0.247,     -0.572,     -0.198,    β:       1.000
α:      -1.097,     -0.561,     -0.729,      0.247,     -0.574,     -0.198,    β:       1.000
α:      -1.097,     -0.561,     -0.728,      0.247,     -0.575,     -0.198,    β:       1.000
α:      -1.098,     -0.561,     -0.728,      0.246,     -0.577,     -0.197,    β:       1.000
α:      -1.098,     -0.561,     -0.728,      0.246,     -0.578,     -0.197,    β:       1.000
α:      -1.098,     -0.561,     -0.728,      0.246,     -0.580,     -0.197,    β:       1.000
α:      -1.098,     -0.561,     -0.728,      0.245,     -0.581,     -0.197,    β:       1.000
α:      -1.098,     -0.561,     -0.728,      0.245,     -0.583,     -0.197,    β:       1.000
α:      -1.098,     -0.561,     -0.728,      0.245,     -0.584,     -0.196,    β:       1.000
α:      -1.099,     -0.561,     -0.727,      0.245,     -0.585,     -0.196,    β:       1.000
α:      -1.099,     -0.561,     -0.727,      0.245,     -0.587,     -0.196,    β:       1.000
α:      -1.099,     -0.562,     -0.727,      0.244,     -0.588,     -0.196,    β:       1.000
α:      -1.099,     -0.562,     -0.727,      0.244,     -0.590,     -0.196,    β:       1.000
α:      -1.099,     -0.562,     -0.726,      0.244,     -0.591,     -0.196,    β:       1.000
α:      -1.099,     -0.562,     -0.726,      0.244,     -0.592,     -0.195,    β:       1.000
α:      -1.099,     -0.562,     -0.726,      0.243,     -0.594,     -0.195,    β:       1.000
α:      -1.099,     -0.562,     -0.726,      0.243,     -0.595,     -0.195,    β:       1.000
α:      -1.099,     -0.562,     -0.726,      0.243,     -0.596,     -0.195,    β:       1.000
α:      -1.100,     -0.562,     -0.726,      0.243,     -0.598,     -0.195,    β:       1.000
α:      -1.100,     -0.562,     -0.725,      0.242,     -0.599,     -0.195,    β:       1.000
α:      -1.100,     -0.562,     -0.725,      0.242,     -0.600,     -0.194,    β:       1.000
α:      -1.099,     -0.562,     -0.725,      0.242,     -0.602,     -0.194,    β:       1.000
α:      -1.099,     -0.562,     -0.725,      0.242,     -0.603,     -0.194,    β:       1.000
α:      -1.099,     -0.563,     -0.725,      0.241,     -0.604,     -0.194,    β:       1.000
α:      -1.099,     -0.563,     -0.725,      0.241,     -0.606,     -0.194,    β:       1.000
α:      -1.099,     -0.563,     -0.724,      0.241,     -0.607,     -0.193,    β:       1.000
α:      -1.099,     -0.563,     -0.724,      0.241,     -0.608,     -0.193,    β:       1.000
α:      -1.099,     -0.563,     -0.724,      0.240,     -0.610,     -0.193,    β:       1.000
α:      -1.099,     -0.563,     -0.724,      0.240,     -0.611,     -0.193,    β:       1.000
α:      -1.099,     -0.563,     -0.724,      0.240,     -0.612,     -0.193,    β:       1.000
α:      -1.099,     -0.563,     -0.724,      0.240,     -0.614,     -0.193,    β:       1.000
α:      -1.099,     -0.563,     -0.723,      0.239,     -0.615,     -0.192,    β:       1.000
α:      -1.099,     -0.563,     -0.723,      0.239,     -0.616,     -0.192,    β:       1.000
α:      -1.099,     -0.563,     -0.723,      0.239,     -0.618,     -0.192,    β:       1.000
α:      -1.099,     -0.563,     -0.723,      0.239,     -0.619,     -0.192,    β:       1.000
α:      -1.099,     -0.563,     -0.723,      0.238,     -0.620,     -0.192,    β:       1.000
α:      -1.099,     -0.564,     -0.723,      0.238,     -0.622,     -0.192,    β:       1.000
α:      -1.099,     -0.564,     -0.722,      0.238,     -0.623,     -0.192,    β:       1.000
α:      -1.099,     -0.564,     -0.722,      0.238,     -0.624,     -0.191,    β:       1.000
α:      -1.099,     -0.564,     -0.722,      0.238,     -0.625,     -0.191,    β:       1.000
α:      -1.099,     -0.564,     -0.722,      0.237,     -0.627,     -0.191,    β:       1.000
α:      -1.099,     -0.564,     -0.722,      0.237,     -0.628,     -0.191,    β:       1.000
α:      -1.099,     -0.564,     -0.722,      0.237,     -0.629,     -0.191,    β:       1.000
α:      -1.099,     -0.564,     -0.721,      0.237,     -0.630,     -0.191,    β:       1.000
α:      -1.099,     -0.564,     -0.721,      0.236,     -0.632,     -0.190,    β:       1.000
α:      -1.099,     -0.564,     -0.721,      0.236,     -0.633,     -0.190,    β:       1.000
α:      -1.099,     -0.564,     -0.721,      0.236,     -0.634,     -0.190,    β:       1.000
α:      -1.099,     -0.564,     -0.721,      0.236,     -0.635,     -0.190,    β:       1.000
α:      -1.099,     -0.564,     -0.720,      0.235,     -0.637,     -0.190,    β:       1.000
α:      -1.099,     -0.564,     -0.720,      0.235,     -0.638,     -0.189,    β:       1.000
α:      -1.099,     -0.564,     -0.720,      0.235,     -0.639,     -0.189,    β:       1.000
α:      -1.099,     -0.564,     -0.720,      0.235,     -0.640,     -0.189,    β:       1.000
α:      -1.099,     -0.564,     -0.719,      0.234,     -0.641,     -0.189,    β:       1.000
α:      -1.099,     -0.565,     -0.719,      0.234,     -0.643,     -0.189,    β:       1.000
α:      -1.099,     -0.565,     -0.719,      0.234,     -0.644,     -0.189,    β:       1.000
α:      -1.099,     -0.565,     -0.719,      0.234,     -0.645,     -0.188,    β:       1.000
α:      -1.099,     -0.565,     -0.719,      0.234,     -0.646,     -0.188,    β:       1.000
α:      -1.099,     -0.565,     -0.719,      0.233,     -0.647,     -0.188,    β:       1.000
α:      -1.099,     -0.565,     -0.719,      0.233,     -0.649,     -0.188,    β:       1.000
α:      -1.099,     -0.565,     -0.718,      0.233,     -0.650,     -0.188,    β:       1.000
α:      -1.098,     -0.565,     -0.718,      0.233,     -0.651,     -0.188,    β:       1.000
α:      -1.098,     -0.565,     -0.718,      0.232,     -0.652,     -0.188,    β:       1.000
α:      -1.098,     -0.565,     -0.718,      0.232,     -0.653,     -0.187,    β:       1.000
α:      -1.098,     -0.565,     -0.718,      0.232,     -0.654,     -0.187,    β:       1.000
α:      -1.098,     -0.565,     -0.718,      0.232,     -0.656,     -0.187,    β:       1.000
α:      -1.098,     -0.565,     -0.717,      0.231,     -0.657,     -0.187,    β:       1.000
α:      -1.098,     -0.565,     -0.717,      0.231,     -0.658,     -0.187,    β:       1.000
α:      -1.098,     -0.565,     -0.717,      0.231,     -0.659,     -0.187,    β:       1.000
α:      -1.098,     -0.565,     -0.717,      0.231,     -0.660,     -0.187,    β:       1.000
α:      -1.098,     -0.566,     -0.717,      0.231,     -0.662,     -0.186,    β:       1.000
α:      -1.097,     -0.566,     -0.717,      0.230,     -0.663,     -0.186,    β:       1.000
α:      -1.097,     -0.566,     -0.716,      0.230,     -0.664,     -0.186,    β:       1.000
α:      -1.097,     -0.566,     -0.716,      0.230,     -0.665,     -0.186,    β:       1.000
α:      -1.097,     -0.565,     -0.716,      0.230,     -0.666,     -0.186,    β:       1.000
α:      -1.097,     -0.565,     -0.716,      0.229,     -0.667,     -0.186,    β:       1.000
α:      -1.097,     -0.565,     -0.716,      0.229,     -0.668,     -0.186,    β:       1.000
α:      -1.097,     -0.565,     -0.716,      0.229,     -0.670,     -0.185,    β:       1.000
α:      -1.097,     -0.566,     -0.716,      0.229,     -0.671,     -0.185,    β:       1.000
α:      -1.097,     -0.566,     -0.716,      0.228,     -0.672,     -0.185,    β:       1.000
α:      -1.097,     -0.566,     -0.715,      0.228,     -0.673,     -0.185,    β:       1.000
α:      -1.097,     -0.566,     -0.716,      0.228,     -0.674,     -0.185,    β:       1.000
α:      -1.097,     -0.566,     -0.716,      0.228,     -0.675,     -0.185,    β:       1.000
α:      -1.097,     -0.566,     -0.715,      0.228,     -0.676,     -0.185,    β:       1.000
α:      -1.097,     -0.566,     -0.715,      0.227,     -0.678,     -0.185,    β:       1.000
α:      -1.096,     -0.567,     -0.715,      0.227,     -0.679,     -0.185,    β:       1.000
α:      -1.096,     -0.567,     -0.715,      0.227,     -0.680,     -0.184,    β:       1.000
α:      -1.096,     -0.566,     -0.714,      0.227,     -0.681,     -0.184,    β:       1.000
α:      -1.096,     -0.566,     -0.714,      0.227,     -0.682,     -0.184,    β:       1.000
α:      -1.096,     -0.566,     -0.714,      0.226,     -0.683,     -0.184,    β:       1.000
α:      -1.096,     -0.567,     -0.714,      0.226,     -0.684,     -0.184,    β:       1.000
α:      -1.096,     -0.567,     -0.714,      0.226,     -0.685,     -0.184,    β:       1.000
α:      -1.096,     -0.567,     -0.713,      0.226,     -0.686,     -0.183,    β:       1.000
α:      -1.096,     -0.567,     -0.713,      0.226,     -0.687,     -0.183,    β:       1.000
α:      -1.096,     -0.567,     -0.713,      0.225,     -0.689,     -0.183,    β:       1.000
α:      -1.096,     -0.567,     -0.713,      0.225,     -0.690,     -0.183,    β:       1.000
α:      -1.095,     -0.567,     -0.713,      0.225,     -0.691,     -0.183,    β:       1.000
α:      -1.095,     -0.567,     -0.712,      0.225,     -0.692,     -0.183,    β:       1.000
α:      -1.095,     -0.567,     -0.713,      0.225,     -0.693,     -0.183,    β:       1.000
α:      -1.095,     -0.567,     -0.712,      0.224,     -0.694,     -0.183,    β:       1.000
α:      -1.095,     -0.567,     -0.712,      0.224,     -0.695,     -0.182,    β:       1.000
α:      -1.095,     -0.567,     -0.712,      0.224,     -0.696,     -0.182,    β:       1.000
α:      -1.095,     -0.568,     -0.712,      0.224,     -0.697,     -0.182,    β:       1.000
α:      -1.095,     -0.568,     -0.712,      0.223,     -0.698,     -0.182,    β:       1.000
α:      -1.095,     -0.568,     -0.712,      0.223,     -0.699,     -0.182,    β:       1.000
α:      -1.095,     -0.568,     -0.712,      0.223,     -0.700,     -0.182,    β:       1.000
α:      -1.095,     -0.568,     -0.712,      0.223,     -0.701,     -0.182,    β:       1.000
α:      -1.094,     -0.568,     -0.711,      0.223,     -0.702,     -0.182,    β:       1.000
α:      -1.094,     -0.568,     -0.711,      0.222,     -0.703,     -0.182,    β:       1.000
α:      -1.094,     -0.568,     -0.711,      0.222,     -0.704,     -0.182,    β:       1.000
α:      -1.094,     -0.568,     -0.711,      0.222,     -0.705,     -0.181,    β:       1.000
α:      -1.094,     -0.568,     -0.711,      0.222,     -0.706,     -0.181,    β:       1.000
α:      -1.094,     -0.568,     -0.710,      0.222,     -0.707,     -0.181,    β:       1.000
α:      -1.094,     -0.568,     -0.710,      0.222,     -0.708,     -0.181,    β:       1.000
α:      -1.094,     -0.568,     -0.710,      0.221,     -0.709,     -0.181,    β:       1.000
α:      -1.094,     -0.568,     -0.710,      0.221,     -0.711,     -0.181,    β:       1.000
α:      -1.094,     -0.568,     -0.710,      0.221,     -0.712,     -0.181,    β:       1.000
α:      -1.094,     -0.568,     -0.710,      0.221,     -0.713,     -0.181,    β:       1.000
α:      -1.094,     -0.568,     -0.710,      0.221,     -0.714,     -0.180,    β:       1.000
α:      -1.093,     -0.568,     -0.709,      0.220,     -0.715,     -0.180,    β:       1.000
α:      -1.093,     -0.568,     -0.709,      0.220,     -0.716,     -0.180,    β:       1.000
α:      -1.093,     -0.568,     -0.709,      0.220,     -0.717,     -0.180,    β:       1.000
α:      -1.093,     -0.568,     -0.709,      0.220,     -0.718,     -0.180,    β:       1.000
α:      -1.093,     -0.568,     -0.709,      0.220,     -0.719,     -0.180,    β:       1.000
α:      -1.093,     -0.568,     -0.709,      0.220,     -0.720,     -0.180,    β:       1.000
α:      -1.093,     -0.569,     -0.709,      0.219,     -0.721,     -0.180,    β:       1.000
α:      -1.093,     -0.569,     -0.708,      0.219,     -0.722,     -0.180,    β:       1.000
α:      -1.093,     -0.569,     -0.708,      0.219,     -0.723,     -0.179,    β:       1.000
α:      -1.093,     -0.569,     -0.708,      0.219,     -0.723,     -0.179,    β:       1.000
α:      -1.093,     -0.569,     -0.708,      0.219,     -0.724,     -0.179,    β:       1.000
α:      -1.093,     -0.569,     -0.708,      0.219,     -0.725,     -0.179,    β:       1.000
α:      -1.093,     -0.569,     -0.708,      0.218,     -0.726,     -0.179,    β:       1.000
α:      -1.093,     -0.569,     -0.708,      0.218,     -0.727,     -0.179,    β:       1.000
α:      -1.092,     -0.569,     -0.708,      0.218,     -0.728,     -0.179,    β:       1.000
α:      -1.092,     -0.569,     -0.707,      0.218,     -0.729,     -0.179,    β:       1.000
α:      -1.092,     -0.569,     -0.707,      0.218,     -0.730,     -0.179,    β:       1.000
α:      -1.092,     -0.569,     -0.707,      0.217,     -0.731,     -0.179,    β:       1.000
α:      -1.092,     -0.569,     -0.707,      0.217,     -0.732,     -0.178,    β:       1.000
α:      -1.092,     -0.570,     -0.707,      0.217,     -0.733,     -0.178,    β:       1.000
α:      -1.092,     -0.570,     -0.707,      0.217,     -0.734,     -0.178,    β:       1.000
α:      -1.092,     -0.570,     -0.707,      0.217,     -0.735,     -0.178,    β:       1.000
α:      -1.091,     -0.570,     -0.707,      0.216,     -0.736,     -0.178,    β:       1.000
α:      -1.091,     -0.570,     -0.706,      0.216,     -0.737,     -0.178,    β:       1.000
α:      -1.091,     -0.570,     -0.706,      0.216,     -0.738,     -0.178,    β:       1.000
α:      -1.091,     -0.570,     -0.706,      0.216,     -0.739,     -0.178,    β:       1.000
α:      -1.091,     -0.570,     -0.706,      0.216,     -0.740,     -0.178,    β:       1.000
α:      -1.091,     -0.570,     -0.706,      0.215,     -0.741,     -0.177,    β:       1.000
α:      -1.091,     -0.570,     -0.706,      0.215,     -0.742,     -0.177,    β:       1.000
α:      -1.091,     -0.570,     -0.706,      0.215,     -0.743,     -0.177,    β:       1.000
α:      -1.091,     -0.570,     -0.706,      0.215,     -0.743,     -0.177,    β:       1.000
α:      -1.091,     -0.570,     -0.705,      0.215,     -0.744,     -0.177,    β:       1.000
α:      -1.091,     -0.570,     -0.705,      0.215,     -0.745,     -0.177,    β:       1.000
α:      -1.090,     -0.570,     -0.705,      0.214,     -0.746,     -0.177,    β:       1.000
α:      -1.090,     -0.570,     -0.705,      0.214,     -0.747,     -0.177,    β:       1.000
α:      -1.090,     -0.570,     -0.705,      0.214,     -0.748,     -0.177,    β:       1.000
α:      -1.090,     -0.570,     -0.705,      0.214,     -0.749,     -0.176,    β:       1.000
α:      -1.090,     -0.570,     -0.705,      0.214,     -0.750,     -0.176,    β:       1.000
α:      -1.090,     -0.570,     -0.705,      0.214,     -0.751,     -0.176,    β:       1.000
α:      -1.090,     -0.570,     -0.705,      0.213,     -0.752,     -0.176,    β:       1.000
α:      -1.090,     -0.570,     -0.704,      0.213,     -0.753,     -0.176,    β:       1.000
α:      -1.090,     -0.570,     -0.704,      0.213,     -0.754,     -0.176,    β:       1.000
α:      -1.089,     -0.570,     -0.704,      0.213,     -0.754,     -0.176,    β:       1.000
α:      -1.089,     -0.570,     -0.704,      0.213,     -0.755,     -0.176,    β:       1.000
α:      -1.089,     -0.571,     -0.704,      0.213,     -0.756,     -0.176,    β:       1.000
α:      -1.089,     -0.571,     -0.704,      0.212,     -0.757,     -0.176,    β:       1.000
α:      -1.089,     -0.571,     -0.703,      0.212,     -0.758,     -0.175,    β:       1.000
α:      -1.089,     -0.571,     -0.703,      0.212,     -0.759,     -0.175,    β:       1.000
α:      -1.089,     -0.571,     -0.703,      0.212,     -0.760,     -0.175,    β:       1.000
α:      -1.089,     -0.571,     -0.703,      0.212,     -0.761,     -0.175,    β:       1.000
α:      -1.089,     -0.571,     -0.703,      0.211,     -0.762,     -0.175,    β:       1.000
α:      -1.088,     -0.571,     -0.703,      0.211,     -0.762,     -0.175,    β:       1.000
α:      -1.088,     -0.571,     -0.703,      0.211,     -0.763,     -0.175,    β:       1.000
α:      -1.088,     -0.571,     -0.703,      0.211,     -0.764,     -0.175,    β:       1.000
α:      -1.088,     -0.571,     -0.703,      0.211,     -0.765,     -0.175,    β:       1.000
α:      -1.088,     -0.571,     -0.703,      0.211,     -0.766,     -0.175,    β:       1.000
α:      -1.088,     -0.571,     -0.703,      0.210,     -0.767,     -0.175,    β:       1.000
α:      -1.088,     -0.571,     -0.703,      0.210,     -0.768,     -0.174,    β:       1.000
α:      -1.087,     -0.571,     -0.703,      0.210,     -0.768,     -0.174,    β:       1.000
α:      -1.087,     -0.571,     -0.702,      0.210,     -0.769,     -0.174,    β:       1.000
α:      -1.087,     -0.571,     -0.702,      0.210,     -0.770,     -0.174,    β:       1.000
α:      -1.087,     -0.571,     -0.702,      0.210,     -0.771,     -0.174,    β:       1.000
α:      -1.087,     -0.571,     -0.702,      0.209,     -0.772,     -0.174,    β:       1.000
α:      -1.087,     -0.571,     -0.702,      0.209,     -0.773,     -0.174,    β:       1.000
α:      -1.087,     -0.571,     -0.702,      0.209,     -0.773,     -0.174,    β:       1.000
α:      -1.087,     -0.571,     -0.702,      0.209,     -0.774,     -0.174,    β:       1.000
α:      -1.087,     -0.571,     -0.702,      0.209,     -0.775,     -0.174,    β:       1.000
α:      -1.087,     -0.571,     -0.702,      0.209,     -0.776,     -0.173,    β:       1.000
α:      -1.086,     -0.571,     -0.702,      0.208,     -0.777,     -0.173,    β:       1.000
α:      -1.086,     -0.571,     -0.701,      0.208,     -0.778,     -0.173,    β:       1.000
α:      -1.086,     -0.571,     -0.701,      0.208,     -0.778,     -0.173,    β:       1.000
α:      -1.086,     -0.571,     -0.701,      0.208,     -0.779,     -0.173,    β:       1.000
α:      -1.086,     -0.572,     -0.701,      0.208,     -0.780,     -0.173,    β:       1.000
α:      -1.086,     -0.572,     -0.701,      0.208,     -0.781,     -0.173,    β:       1.000
α:      -1.086,     -0.572,     -0.701,      0.208,     -0.782,     -0.173,    β:       1.000
α:      -1.086,     -0.572,     -0.700,      0.207,     -0.783,     -0.173,    β:       1.000
α:      -1.086,     -0.572,     -0.700,      0.207,     -0.783,     -0.173,    β:       1.000
α:      -1.086,     -0.572,     -0.700,      0.207,     -0.784,     -0.173,    β:       1.000
α:      -1.086,     -0.572,     -0.700,      0.207,     -0.785,     -0.172,    β:       1.000
α:      -1.085,     -0.572,     -0.700,      0.207,     -0.786,     -0.172,    β:       1.000
α:      -1.085,     -0.572,     -0.700,      0.207,     -0.786,     -0.172,    β:       1.000
α:      -1.085,     -0.572,     -0.700,      0.206,     -0.787,     -0.172,    β:       1.000
α:      -1.085,     -0.572,     -0.699,      0.206,     -0.788,     -0.172,    β:       1.000
α:      -1.085,     -0.572,     -0.699,      0.206,     -0.789,     -0.172,    β:       1.000
α:      -1.085,     -0.572,     -0.699,      0.206,     -0.790,     -0.172,    β:       1.000
α:      -1.085,     -0.572,     -0.699,      0.206,     -0.790,     -0.172,    β:       1.000
α:      -1.085,     -0.572,     -0.699,      0.206,     -0.791,     -0.172,    β:       1.000
α:      -1.085,     -0.573,     -0.699,      0.206,     -0.792,     -0.172,    β:       1.000
α:      -1.085,     -0.573,     -0.699,      0.205,     -0.793,     -0.172,    β:       1.000
α:      -1.085,     -0.573,     -0.699,      0.205,     -0.794,     -0.172,    β:       1.000
α:      -1.085,     -0.573,     -0.699,      0.205,     -0.794,     -0.171,    β:       1.000
α:      -1.084,     -0.573,     -0.699,      0.205,     -0.795,     -0.171,    β:       1.000
α:      -1.084,     -0.573,     -0.699,      0.205,     -0.796,     -0.171,    β:       1.000
α:      -1.084,     -0.573,     -0.698,      0.205,     -0.797,     -0.171,    β:       1.000
α:      -1.084,     -0.573,     -0.698,      0.204,     -0.797,     -0.171,    β:       1.000
α:      -1.084,     -0.573,     -0.698,      0.204,     -0.798,     -0.171,    β:       1.000
α:      -1.084,     -0.573,     -0.698,      0.204,     -0.799,     -0.171,    β:       1.000
α:      -1.084,     -0.573,     -0.698,      0.204,     -0.800,     -0.171,    β:       1.000
α:      -1.084,     -0.573,     -0.698,      0.204,     -0.801,     -0.171,    β:       1.000
α:      -1.084,     -0.573,     -0.698,      0.204,     -0.801,     -0.171,    β:       1.000
α:      -1.084,     -0.573,     -0.698,      0.204,     -0.802,     -0.171,    β:       1.000
α:      -1.083,     -0.573,     -0.698,      0.204,     -0.803,     -0.171,    β:       1.000
α:      -1.083,     -0.573,     -0.698,      0.203,     -0.804,     -0.171,    β:       1.000
α:      -1.083,     -0.573,     -0.697,      0.203,     -0.804,     -0.171,    β:       1.000
α:      -1.083,     -0.573,     -0.697,      0.203,     -0.805,     -0.171,    β:       1.000
α:      -1.083,     -0.573,     -0.697,      0.203,     -0.806,     -0.170,    β:       1.000
α:      -1.083,     -0.573,     -0.697,      0.203,     -0.807,     -0.170,    β:       1.000
α:      -1.083,     -0.573,     -0.697,      0.203,     -0.807,     -0.170,    β:       1.000
α:      -1.083,     -0.573,     -0.697,      0.203,     -0.808,     -0.170,    β:       1.000
α:      -1.083,     -0.574,     -0.697,      0.202,     -0.809,     -0.170,    β:       1.000
α:      -1.083,     -0.574,     -0.697,      0.202,     -0.810,     -0.170,    β:       1.000
α:      -1.083,     -0.574,     -0.697,      0.202,     -0.811,     -0.170,    β:       1.000
α:      -1.083,     -0.574,     -0.697,      0.202,     -0.811,     -0.170,    β:       1.000
α:      -1.083,     -0.573,     -0.697,      0.202,     -0.812,     -0.170,    β:       1.000
α:      -1.082,     -0.574,     -0.696,      0.202,     -0.813,     -0.170,    β:       1.000
α:      -1.082,     -0.574,     -0.696,      0.202,     -0.813,     -0.170,    β:       1.000
α:      -1.082,     -0.574,     -0.696,      0.202,     -0.814,     -0.170,    β:       1.000
α:      -1.082,     -0.574,     -0.696,      0.201,     -0.815,     -0.169,    β:       1.000
α:      -1.082,     -0.574,     -0.696,      0.201,     -0.816,     -0.169,    β:       1.000
α:      -1.082,     -0.574,     -0.696,      0.201,     -0.816,     -0.169,    β:       1.000
α:      -1.082,     -0.574,     -0.696,      0.201,     -0.817,     -0.169,    β:       1.000
α:      -1.082,     -0.574,     -0.696,      0.201,     -0.818,     -0.169,    β:       1.000
α:      -1.082,     -0.574,     -0.696,      0.201,     -0.819,     -0.169,    β:       1.000
α:      -1.082,     -0.574,     -0.695,      0.201,     -0.819,     -0.169,    β:       1.000
α:      -1.082,     -0.573,     -0.695,      0.201,     -0.820,     -0.169,    β:       1.000
α:      -1.082,     -0.573,     -0.695,      0.200,     -0.821,     -0.169,    β:       1.000
α:      -1.082,     -0.573,     -0.695,      0.200,     -0.821,     -0.169,    β:       1.000
α:      -1.081,     -0.573,     -0.695,      0.200,     -0.822,     -0.169,    β:       1.000
α:      -1.081,     -0.573,     -0.695,      0.200,     -0.823,     -0.169,    β:       1.000
α:      -1.081,     -0.573,     -0.695,      0.200,     -0.824,     -0.169,    β:       1.000
α:      -1.081,     -0.573,     -0.695,      0.200,     -0.824,     -0.169,    β:       1.000
α:      -1.081,     -0.573,     -0.695,      0.200,     -0.825,     -0.168,    β:       1.000
α:      -1.081,     -0.573,     -0.695,      0.200,     -0.826,     -0.168,    β:       1.000
α:      -1.081,     -0.574,     -0.695,      0.199,     -0.826,     -0.168,    β:       1.000
α:      -1.081,     -0.574,     -0.694,      0.199,     -0.827,     -0.168,    β:       1.000
α:      -1.081,     -0.573,     -0.694,      0.199,     -0.828,     -0.168,    β:       1.000
α:      -1.081,     -0.573,     -0.694,      0.199,     -0.828,     -0.168,    β:       1.000
α:      -1.081,     -0.574,     -0.694,      0.199,     -0.829,     -0.168,    β:       1.000
α:      -1.080,     -0.574,     -0.694,      0.199,     -0.830,     -0.168,    β:       1.000
α:      -1.080,     -0.574,     -0.694,      0.199,     -0.831,     -0.168,    β:       1.000
α:      -1.080,     -0.574,     -0.694,      0.199,     -0.831,     -0.168,    β:       1.000
α:      -1.080,     -0.574,     -0.694,      0.199,     -0.832,     -0.168,    β:       1.000
α:      -1.080,     -0.574,     -0.694,      0.198,     -0.833,     -0.168,    β:       1.000
α:      -1.080,     -0.574,     -0.694,      0.198,     -0.833,     -0.168,    β:       1.000
α:      -1.080,     -0.574,     -0.694,      0.198,     -0.834,     -0.168,    β:       1.000
α:      -1.080,     -0.574,     -0.693,      0.198,     -0.835,     -0.168,    β:       1.000
α:      -1.080,     -0.574,     -0.693,      0.198,     -0.835,     -0.167,    β:       1.000
α:      -1.080,     -0.575,     -0.693,      0.198,     -0.836,     -0.167,    β:       1.000
α:      -1.079,     -0.575,     -0.693,      0.198,     -0.837,     -0.167,    β:       1.000
α:      -1.079,     -0.574,     -0.693,      0.197,     -0.837,     -0.167,    β:       1.000
α:      -1.079,     -0.574,     -0.693,      0.197,     -0.838,     -0.167,    β:       1.000
α:      -1.079,     -0.574,     -0.693,      0.197,     -0.839,     -0.167,    β:       1.000
α:      -1.079,     -0.575,     -0.693,      0.197,     -0.839,     -0.167,    β:       1.000
α:      -1.079,     -0.575,     -0.693,      0.197,     -0.840,     -0.167,    β:       1.000
α:      -1.079,     -0.575,     -0.693,      0.197,     -0.841,     -0.167,    β:       1.000
α:      -1.079,     -0.575,     -0.692,      0.197,     -0.841,     -0.167,    β:       1.000
α:      -1.079,     -0.575,     -0.692,      0.197,     -0.842,     -0.167,    β:       1.000
α:      -1.079,     -0.575,     -0.692,      0.197,     -0.843,     -0.167,    β:       1.000
α:      -1.079,     -0.575,     -0.692,      0.197,     -0.843,     -0.167,    β:       1.000
α:      -1.079,     -0.575,     -0.692,      0.196,     -0.844,     -0.167,    β:       1.000
α:      -1.079,     -0.575,     -0.692,      0.196,     -0.845,     -0.167,    β:       1.000
α:      -1.079,     -0.575,     -0.692,      0.196,     -0.845,     -0.167,    β:       1.000
α:      -1.079,     -0.575,     -0.692,      0.196,     -0.846,     -0.167,    β:       1.000
α:      -1.078,     -0.575,     -0.692,      0.196,     -0.846,     -0.167,    β:       1.000
α:      -1.078,     -0.575,     -0.692,      0.196,     -0.847,     -0.166,    β:       1.000
α:      -1.078,     -0.575,     -0.691,      0.196,     -0.848,     -0.166,    β:       1.000
α:      -1.078,     -0.575,     -0.691,      0.196,     -0.848,     -0.166,    β:       1.000
α:      -1.078,     -0.575,     -0.691,      0.196,     -0.849,     -0.166,    β:       1.000
α:      -1.078,     -0.576,     -0.691,      0.196,     -0.850,     -0.166,    β:       1.000
α:      -1.078,     -0.575,     -0.691,      0.196,     -0.850,     -0.166,    β:       1.000
α:      -1.078,     -0.575,     -0.691,      0.195,     -0.851,     -0.166,    β:       1.000
α:      -1.078,     -0.575,     -0.691,      0.195,     -0.852,     -0.166,    β:       1.000
α:      -1.078,     -0.575,     -0.691,      0.195,     -0.852,     -0.166,    β:       1.000
α:      -1.078,     -0.575,     -0.691,      0.195,     -0.853,     -0.166,    β:       1.000
α:      -1.078,     -0.575,     -0.691,      0.195,     -0.853,     -0.166,    β:       1.000
α:      -1.077,     -0.575,     -0.691,      0.195,     -0.854,     -0.166,    β:       1.000
α:      -1.077,     -0.575,     -0.691,      0.195,     -0.855,     -0.166,    β:       1.000
α:      -1.077,     -0.575,     -0.691,      0.195,     -0.855,     -0.166,    β:       1.000
α:      -1.077,     -0.575,     -0.691,      0.195,     -0.856,     -0.166,    β:       1.000
α:      -1.077,     -0.575,     -0.691,      0.194,     -0.857,     -0.166,    β:       1.000
α:      -1.077,     -0.576,     -0.691,      0.194,     -0.857,     -0.166,    β:       1.000
α:      -1.077,     -0.576,     -0.691,      0.194,     -0.858,     -0.165,    β:       1.000
α:      -1.077,     -0.576,     -0.691,      0.194,     -0.859,     -0.165,    β:       1.000
α:      -1.077,     -0.576,     -0.691,      0.194,     -0.859,     -0.165,    β:       1.000
α:      -1.077,     -0.576,     -0.691,      0.194,     -0.860,     -0.165,    β:       1.000
α:      -1.077,     -0.576,     -0.691,      0.194,     -0.860,     -0.165,    β:       1.000
α:      -1.077,     -0.576,     -0.690,      0.194,     -0.861,     -0.165,    β:       1.000
α:      -1.077,     -0.576,     -0.690,      0.194,     -0.862,     -0.165,    β:       1.000
α:      -1.077,     -0.576,     -0.690,      0.194,     -0.862,     -0.165,    β:       1.000
α:      -1.077,     -0.576,     -0.690,      0.193,     -0.863,     -0.165,    β:       1.000
α:      -1.077,     -0.576,     -0.690,      0.193,     -0.863,     -0.165,    β:       1.000
α:      -1.077,     -0.576,     -0.690,      0.193,     -0.864,     -0.165,    β:       1.000
α:      -1.077,     -0.576,     -0.690,      0.193,     -0.864,     -0.165,    β:       1.000
α:      -1.076,     -0.576,     -0.690,      0.193,     -0.865,     -0.165,    β:       1.000
α:      -1.076,     -0.576,     -0.690,      0.193,     -0.866,     -0.165,    β:       1.000
α:      -1.076,     -0.576,     -0.690,      0.193,     -0.866,     -0.165,    β:       1.000
α:      -1.076,     -0.576,     -0.690,      0.193,     -0.867,     -0.165,    β:       1.000
α:      -1.076,     -0.576,     -0.690,      0.193,     -0.867,     -0.165,    β:       1.000
α:      -1.076,     -0.576,     -0.689,      0.192,     -0.868,     -0.165,    β:       1.000
α:      -1.076,     -0.576,     -0.689,      0.192,     -0.869,     -0.165,    β:       1.000
α:      -1.076,     -0.576,     -0.689,      0.192,     -0.869,     -0.165,    β:       1.000
α:      -1.076,     -0.576,     -0.689,      0.192,     -0.870,     -0.165,    β:       1.000
α:      -1.076,     -0.576,     -0.689,      0.192,     -0.870,     -0.164,    β:       1.000
α:      -1.076,     -0.576,     -0.689,      0.192,     -0.871,     -0.164,    β:       1.000
α:      -1.076,     -0.576,     -0.689,      0.192,     -0.872,     -0.164,    β:       1.000
α:      -1.076,     -0.576,     -0.689,      0.192,     -0.872,     -0.164,    β:       1.000
α:      -1.076,     -0.576,     -0.689,      0.192,     -0.873,     -0.164,    β:       1.000
α:      -1.076,     -0.576,     -0.689,      0.192,     -0.873,     -0.164,    β:       1.000
α:      -1.075,     -0.576,     -0.689,      0.191,     -0.874,     -0.164,    β:       1.000
α:      -1.075,     -0.576,     -0.688,      0.191,     -0.875,     -0.164,    β:       1.000
α:      -1.075,     -0.576,     -0.688,      0.191,     -0.875,     -0.164,    β:       1.000
α:      -1.075,     -0.576,     -0.688,      0.191,     -0.876,     -0.164,    β:       1.000
α:      -1.075,     -0.576,     -0.688,      0.191,     -0.876,     -0.164,    β:       1.000
α:      -1.075,     -0.576,     -0.688,      0.191,     -0.877,     -0.164,    β:       1.000
α:      -1.075,     -0.576,     -0.688,      0.191,     -0.877,     -0.164,    β:       1.000
α:      -1.075,     -0.576,     -0.688,      0.191,     -0.878,     -0.164,    β:       1.000
α:      -1.075,     -0.576,     -0.688,      0.191,     -0.878,     -0.164,    β:       1.000
α:      -1.075,     -0.577,     -0.688,      0.191,     -0.879,     -0.164,    β:       1.000
α:      -1.075,     -0.577,     -0.688,      0.191,     -0.880,     -0.164,    β:       1.000
α:      -1.075,     -0.577,     -0.688,      0.191,     -0.880,     -0.164,    β:       1.000
α:      -1.075,     -0.577,     -0.687,      0.190,     -0.881,     -0.164,    β:       1.000
α:      -1.075,     -0.577,     -0.687,      0.190,     -0.881,     -0.164,    β:       1.000
α:      -1.075,     -0.577,     -0.687,      0.190,     -0.882,     -0.164,    β:       1.000
α:      -1.075,     -0.577,     -0.687,      0.190,     -0.883,     -0.164,    β:       1.000
α:      -1.075,     -0.577,     -0.687,      0.190,     -0.883,     -0.164,    β:       1.000
α:      -1.074,     -0.577,     -0.687,      0.190,     -0.884,     -0.164,    β:       1.000
α:      -1.074,     -0.577,     -0.687,      0.190,     -0.884,     -0.164,    β:       1.000
α:      -1.074,     -0.577,     -0.687,      0.190,     -0.885,     -0.164,    β:       1.000
α:      -1.074,     -0.577,     -0.687,      0.190,     -0.885,     -0.164,    β:       1.000
α:      -1.074,     -0.577,     -0.687,      0.190,     -0.886,     -0.163,    β:       1.000
α:      -1.074,     -0.577,     -0.687,      0.190,     -0.886,     -0.163,    β:       1.000
α:      -1.074,     -0.577,     -0.686,      0.190,     -0.887,     -0.163,    β:       1.000
α:      -1.074,     -0.577,     -0.686,      0.190,     -0.887,     -0.163,    β:       1.000
α:      -1.074,     -0.577,     -0.686,      0.190,     -0.888,     -0.163,    β:       1.000
α:      -1.074,     -0.577,     -0.686,      0.190,     -0.889,     -0.163,    β:       1.000
α:      -1.074,     -0.577,     -0.686,      0.190,     -0.889,     -0.163,    β:       1.000
α:      -1.074,     -0.577,     -0.686,      0.189,     -0.890,     -0.163,    β:       1.000
α:      -1.074,     -0.577,     -0.686,      0.189,     -0.890,     -0.163,    β:       1.000
α:      -1.074,     -0.577,     -0.686,      0.189,     -0.891,     -0.163,    β:       1.000
α:      -1.074,     -0.577,     -0.686,      0.189,     -0.891,     -0.163,    β:       1.000
α:      -1.074,     -0.577,     -0.686,      0.189,     -0.892,     -0.163,    β:       1.000
α:      -1.073,     -0.577,     -0.686,      0.189,     -0.892,     -0.163,    β:       1.000
α:      -1.073,     -0.577,     -0.686,      0.189,     -0.893,     -0.163,    β:       1.000
