α0:      0.594,     -0.093,      0.931,      0.469,     -0.868,      0.959,    β0:      1.000
α:       0.143,     -0.099,      0.146,      0.044,     -0.049,      0.048,    β:       1.000
α:       0.228,     -0.147,      0.234,      0.070,     -0.081,      0.078,    β:       1.000
α:       0.290,     -0.174,      0.298,      0.089,     -0.104,      0.101,    β:       1.000
α:       0.339,     -0.192,      0.350,      0.105,     -0.123,      0.120,    β:       1.000
α:       0.380,     -0.203,      0.393,      0.118,     -0.139,      0.136,    β:       1.000
α:       0.415,     -0.210,      0.431,      0.129,     -0.153,      0.151,    β:       1.000
α:       0.446,     -0.215,      0.464,      0.139,     -0.165,      0.164,    β:       1.000
α:       0.473,     -0.218,      0.493,      0.147,     -0.176,      0.177,    β:       1.000
α:       0.497,     -0.220,      0.520,      0.156,     -0.187,      0.188,    β:       1.000
α:       0.519,     -0.221,      0.544,      0.163,     -0.196,      0.199,    β:       1.000
α:       0.539,     -0.220,      0.567,      0.170,     -0.205,      0.209,    β:       1.000
α:       0.557,     -0.219,      0.587,      0.176,     -0.212,      0.219,    β:       1.000
α:       0.574,     -0.218,      0.606,      0.182,     -0.220,      0.229,    β:       1.000
α:       0.589,     -0.217,      0.623,      0.188,     -0.227,      0.238,    β:       1.000
α:       0.604,     -0.215,      0.639,      0.194,     -0.233,      0.247,    β:       1.000
α:       0.617,     -0.214,      0.655,      0.199,     -0.239,      0.255,    β:       1.000
α:       0.629,     -0.212,      0.669,      0.204,     -0.245,      0.264,    β:       1.000
α:       0.641,     -0.210,      0.682,      0.209,     -0.250,      0.272,    β:       1.000
α:       0.652,     -0.209,      0.695,      0.214,     -0.255,      0.279,    β:       1.000
α:       0.662,     -0.207,      0.706,      0.218,     -0.260,      0.287,    β:       1.000
α:       0.671,     -0.205,      0.717,      0.222,     -0.265,      0.294,    β:       1.000
α:       0.680,     -0.203,      0.728,      0.226,     -0.269,      0.302,    β:       1.000
α:       0.688,     -0.202,      0.738,      0.231,     -0.273,      0.309,    β:       1.000
α:       0.696,     -0.200,      0.747,      0.234,     -0.277,      0.316,    β:       1.000
α:       0.703,     -0.198,      0.756,      0.238,     -0.281,      0.323,    β:       1.000
α:       0.710,     -0.196,      0.764,      0.242,     -0.285,      0.330,    β:       1.000
α:       0.717,     -0.195,      0.772,      0.246,     -0.288,      0.336,    β:       1.000
α:       0.723,     -0.193,      0.780,      0.249,     -0.291,      0.343,    β:       1.000
α:       0.729,     -0.192,      0.787,      0.253,     -0.295,      0.349,    β:       1.000
α:       0.734,     -0.190,      0.794,      0.256,     -0.298,      0.356,    β:       1.000
α:       0.739,     -0.188,      0.800,      0.259,     -0.301,      0.362,    β:       1.000
α:       0.744,     -0.187,      0.807,      0.262,     -0.303,      0.368,    β:       1.000
α:       0.749,     -0.185,      0.812,      0.266,     -0.306,      0.374,    β:       1.000
α:       0.753,     -0.184,      0.818,      0.269,     -0.309,      0.380,    β:       1.000
α:       0.757,     -0.183,      0.823,      0.272,     -0.311,      0.386,    β:       1.000
α:       0.761,     -0.182,      0.829,      0.275,     -0.313,      0.392,    β:       1.000
α:       0.765,     -0.180,      0.833,      0.278,     -0.316,      0.398,    β:       1.000
α:       0.768,     -0.179,      0.838,      0.281,     -0.318,      0.403,    β:       1.000
α:       0.772,     -0.177,      0.843,      0.283,     -0.320,      0.409,    β:       1.000
α:       0.775,     -0.176,      0.847,      0.286,     -0.322,      0.415,    β:       1.000
α:       0.778,     -0.175,      0.851,      0.289,     -0.324,      0.420,    β:       1.000
α:       0.781,     -0.174,      0.855,      0.291,     -0.326,      0.425,    β:       1.000
α:       0.783,     -0.172,      0.859,      0.294,     -0.328,      0.431,    β:       1.000
α:       0.786,     -0.171,      0.862,      0.296,     -0.330,      0.436,    β:       1.000
α:       0.788,     -0.170,      0.865,      0.299,     -0.332,      0.441,    β:       1.000
α:       0.790,     -0.169,      0.868,      0.301,     -0.334,      0.446,    β:       1.000
α:       0.793,     -0.168,      0.872,      0.304,     -0.336,      0.451,    β:       1.000
α:       0.795,     -0.167,      0.875,      0.306,     -0.337,      0.456,    β:       1.000
α:       0.797,     -0.165,      0.877,      0.309,     -0.339,      0.461,    β:       1.000
α:       0.799,     -0.164,      0.880,      0.311,     -0.340,      0.466,    β:       1.000
α:       0.800,     -0.164,      0.883,      0.313,     -0.342,      0.471,    β:       1.000
α:       0.802,     -0.163,      0.885,      0.316,     -0.343,      0.476,    β:       1.000
α:       0.804,     -0.162,      0.888,      0.318,     -0.345,      0.481,    β:       1.000
α:       0.805,     -0.160,      0.890,      0.320,     -0.346,      0.486,    β:       1.000
α:       0.806,     -0.159,      0.892,      0.322,     -0.348,      0.490,    β:       1.000
α:       0.808,     -0.158,      0.894,      0.324,     -0.349,      0.495,    β:       1.000
α:       0.809,     -0.157,      0.896,      0.326,     -0.350,      0.499,    β:       1.000
α:       0.810,     -0.156,      0.898,      0.328,     -0.352,      0.504,    β:       1.000
α:       0.811,     -0.155,      0.900,      0.330,     -0.353,      0.508,    β:       1.000
α:       0.812,     -0.154,      0.901,      0.332,     -0.354,      0.513,    β:       1.000
α:       0.813,     -0.153,      0.903,      0.334,     -0.355,      0.517,    β:       1.000
α:       0.814,     -0.152,      0.904,      0.336,     -0.357,      0.522,    β:       1.000
α:       0.815,     -0.152,      0.906,      0.338,     -0.358,      0.526,    β:       1.000
α:       0.816,     -0.151,      0.907,      0.340,     -0.359,      0.530,    β:       1.000
α:       0.817,     -0.150,      0.909,      0.342,     -0.360,      0.535,    β:       1.000
α:       0.818,     -0.149,      0.910,      0.344,     -0.361,      0.539,    β:       1.000
α:       0.818,     -0.148,      0.911,      0.346,     -0.362,      0.543,    β:       1.000
α:       0.819,     -0.147,      0.912,      0.347,     -0.363,      0.547,    β:       1.000
α:       0.819,     -0.147,      0.913,      0.349,     -0.364,      0.551,    β:       1.000
α:       0.820,     -0.146,      0.914,      0.351,     -0.365,      0.555,    β:       1.000
α:       0.821,     -0.145,      0.915,      0.353,     -0.366,      0.559,    β:       1.000
α:       0.821,     -0.144,      0.916,      0.354,     -0.367,      0.563,    β:       1.000
α:       0.822,     -0.143,      0.917,      0.356,     -0.368,      0.567,    β:       1.000
α:       0.822,     -0.143,      0.918,      0.358,     -0.369,      0.571,    β:       1.000
α:       0.822,     -0.142,      0.919,      0.359,     -0.370,      0.575,    β:       1.000
α:       0.823,     -0.141,      0.920,      0.361,     -0.371,      0.579,    β:       1.000
α:       0.823,     -0.140,      0.920,      0.362,     -0.372,      0.583,    β:       1.000
α:       0.823,     -0.139,      0.921,      0.364,     -0.373,      0.587,    β:       1.000
α:       0.824,     -0.138,      0.922,      0.365,     -0.373,      0.590,    β:       1.000
α:       0.824,     -0.138,      0.922,      0.367,     -0.374,      0.594,    β:       1.000
α:       0.824,     -0.138,      0.923,      0.369,     -0.375,      0.598,    β:       1.000
α:       0.824,     -0.137,      0.924,      0.370,     -0.376,      0.602,    β:       1.000
α:       0.825,     -0.136,      0.924,      0.372,     -0.377,      0.605,    β:       1.000
α:       0.825,     -0.136,      0.924,      0.373,     -0.378,      0.609,    β:       1.000
α:       0.825,     -0.135,      0.925,      0.375,     -0.378,      0.613,    β:       1.000
α:       0.825,     -0.134,      0.925,      0.376,     -0.379,      0.616,    β:       1.000
α:       0.825,     -0.134,      0.926,      0.378,     -0.380,      0.620,    β:       1.000
α:       0.826,     -0.133,      0.926,      0.379,     -0.381,      0.623,    β:       1.000
α:       0.826,     -0.132,      0.927,      0.380,     -0.382,      0.627,    β:       1.000
α:       0.826,     -0.132,      0.927,      0.382,     -0.382,      0.630,    β:       1.000
α:       0.826,     -0.131,      0.927,      0.383,     -0.383,      0.634,    β:       1.000
α:       0.826,     -0.130,      0.928,      0.385,     -0.384,      0.637,    β:       1.000
α:       0.826,     -0.130,      0.928,      0.386,     -0.384,      0.641,    β:       1.000
α:       0.826,     -0.129,      0.928,      0.387,     -0.385,      0.644,    β:       1.000
α:       0.826,     -0.129,      0.929,      0.389,     -0.386,      0.647,    β:       1.000
α:       0.826,     -0.128,      0.929,      0.390,     -0.387,      0.651,    β:       1.000
α:       0.826,     -0.127,      0.929,      0.391,     -0.387,      0.654,    β:       1.000
α:       0.826,     -0.126,      0.929,      0.393,     -0.388,      0.657,    β:       1.000
α:       0.826,     -0.125,      0.929,      0.394,     -0.389,      0.660,    β:       1.000
α:       0.826,     -0.125,      0.929,      0.395,     -0.389,      0.664,    β:       1.000
α:       0.826,     -0.124,      0.929,      0.396,     -0.390,      0.667,    β:       1.000
α:       0.825,     -0.124,      0.930,      0.398,     -0.391,      0.670,    β:       1.000
α:       0.825,     -0.124,      0.930,      0.399,     -0.391,      0.673,    β:       1.000
α:       0.825,     -0.124,      0.930,      0.400,     -0.392,      0.677,    β:       1.000
α:       0.825,     -0.123,      0.930,      0.401,     -0.393,      0.680,    β:       1.000
α:       0.825,     -0.122,      0.930,      0.403,     -0.393,      0.683,    β:       1.000
α:       0.825,     -0.122,      0.929,      0.404,     -0.394,      0.686,    β:       1.000
α:       0.825,     -0.121,      0.929,      0.405,     -0.395,      0.689,    β:       1.000
α:       0.824,     -0.120,      0.929,      0.406,     -0.395,      0.692,    β:       1.000
α:       0.824,     -0.120,      0.929,      0.407,     -0.396,      0.695,    β:       1.000
α:       0.824,     -0.119,      0.929,      0.408,     -0.396,      0.698,    β:       1.000
α:       0.824,     -0.119,      0.929,      0.409,     -0.397,      0.701,    β:       1.000
α:       0.824,     -0.118,      0.929,      0.411,     -0.398,      0.704,    β:       1.000
α:       0.824,     -0.118,      0.929,      0.412,     -0.398,      0.707,    β:       1.000
α:       0.824,     -0.117,      0.929,      0.413,     -0.399,      0.710,    β:       1.000
α:       0.823,     -0.116,      0.929,      0.414,     -0.400,      0.712,    β:       1.000
α:       0.823,     -0.116,      0.929,      0.415,     -0.400,      0.715,    β:       1.000
α:       0.823,     -0.115,      0.929,      0.416,     -0.401,      0.718,    β:       1.000
α:       0.823,     -0.115,      0.929,      0.417,     -0.401,      0.721,    β:       1.000
α:       0.823,     -0.114,      0.929,      0.418,     -0.402,      0.724,    β:       1.000
α:       0.823,     -0.114,      0.929,      0.419,     -0.402,      0.726,    β:       1.000
α:       0.823,     -0.113,      0.929,      0.420,     -0.403,      0.729,    β:       1.000
α:       0.822,     -0.113,      0.929,      0.421,     -0.404,      0.732,    β:       1.000
α:       0.822,     -0.112,      0.928,      0.422,     -0.404,      0.735,    β:       1.000
α:       0.822,     -0.112,      0.928,      0.423,     -0.405,      0.737,    β:       1.000
α:       0.822,     -0.111,      0.928,      0.424,     -0.405,      0.740,    β:       1.000
α:       0.822,     -0.111,      0.928,      0.425,     -0.406,      0.743,    β:       1.000
α:       0.822,     -0.110,      0.927,      0.426,     -0.407,      0.745,    β:       1.000
α:       0.822,     -0.110,      0.927,      0.427,     -0.407,      0.748,    β:       1.000
α:       0.821,     -0.110,      0.927,      0.428,     -0.408,      0.751,    β:       1.000
α:       0.821,     -0.109,      0.927,      0.429,     -0.408,      0.753,    β:       1.000
α:       0.821,     -0.109,      0.927,      0.430,     -0.409,      0.756,    β:       1.000
α:       0.821,     -0.109,      0.926,      0.431,     -0.409,      0.759,    β:       1.000
α:       0.821,     -0.108,      0.926,      0.432,     -0.410,      0.761,    β:       1.000
α:       0.820,     -0.108,      0.926,      0.433,     -0.410,      0.764,    β:       1.000
α:       0.820,     -0.107,      0.926,      0.433,     -0.411,      0.766,    β:       1.000
α:       0.820,     -0.107,      0.926,      0.434,     -0.412,      0.769,    β:       1.000
α:       0.820,     -0.106,      0.925,      0.435,     -0.412,      0.771,    β:       1.000
α:       0.820,     -0.106,      0.925,      0.436,     -0.413,      0.774,    β:       1.000
α:       0.819,     -0.106,      0.925,      0.437,     -0.413,      0.776,    β:       1.000
α:       0.819,     -0.105,      0.924,      0.438,     -0.414,      0.779,    β:       1.000
α:       0.819,     -0.105,      0.924,      0.439,     -0.414,      0.781,    β:       1.000
α:       0.819,     -0.105,      0.924,      0.440,     -0.415,      0.783,    β:       1.000
α:       0.819,     -0.104,      0.924,      0.440,     -0.415,      0.786,    β:       1.000
α:       0.819,     -0.104,      0.924,      0.441,     -0.416,      0.788,    β:       1.000
α:       0.818,     -0.104,      0.923,      0.442,     -0.416,      0.791,    β:       1.000
α:       0.818,     -0.104,      0.923,      0.443,     -0.417,      0.793,    β:       1.000
α:       0.818,     -0.103,      0.923,      0.444,     -0.418,      0.795,    β:       1.000
α:       0.818,     -0.102,      0.923,      0.444,     -0.418,      0.798,    β:       1.000
α:       0.818,     -0.102,      0.923,      0.445,     -0.419,      0.800,    β:       1.000
α:       0.818,     -0.101,      0.922,      0.446,     -0.419,      0.802,    β:       1.000
α:       0.817,     -0.101,      0.922,      0.447,     -0.420,      0.804,    β:       1.000
α:       0.817,     -0.101,      0.922,      0.448,     -0.420,      0.807,    β:       1.000
α:       0.817,     -0.100,      0.922,      0.448,     -0.421,      0.809,    β:       1.000
α:       0.817,     -0.100,      0.921,      0.449,     -0.421,      0.811,    β:       1.000
α:       0.817,     -0.100,      0.921,      0.450,     -0.422,      0.813,    β:       1.000
α:       0.816,     -0.099,      0.921,      0.451,     -0.422,      0.816,    β:       1.000
α:       0.816,     -0.099,      0.921,      0.451,     -0.423,      0.818,    β:       1.000
α:       0.816,     -0.098,      0.920,      0.452,     -0.423,      0.820,    β:       1.000
α:       0.816,     -0.098,      0.920,      0.453,     -0.424,      0.822,    β:       1.000
α:       0.816,     -0.098,      0.920,      0.454,     -0.424,      0.824,    β:       1.000
α:       0.815,     -0.097,      0.920,      0.454,     -0.425,      0.826,    β:       1.000
α:       0.815,     -0.097,      0.919,      0.455,     -0.425,      0.829,    β:       1.000
α:       0.815,     -0.096,      0.919,      0.456,     -0.426,      0.831,    β:       1.000
α:       0.815,     -0.096,      0.919,      0.456,     -0.426,      0.833,    β:       1.000
α:       0.815,     -0.096,      0.918,      0.457,     -0.427,      0.835,    β:       1.000
α:       0.814,     -0.096,      0.918,      0.458,     -0.427,      0.837,    β:       1.000
α:       0.814,     -0.095,      0.918,      0.459,     -0.428,      0.839,    β:       1.000
α:       0.814,     -0.095,      0.918,      0.459,     -0.428,      0.841,    β:       1.000
α:       0.814,     -0.095,      0.918,      0.460,     -0.429,      0.843,    β:       1.000
α:       0.814,     -0.094,      0.917,      0.461,     -0.429,      0.845,    β:       1.000
α:       0.813,     -0.094,      0.917,      0.461,     -0.430,      0.847,    β:       1.000
α:       0.813,     -0.093,      0.917,      0.462,     -0.430,      0.849,    β:       1.000
α:       0.813,     -0.093,      0.917,      0.462,     -0.431,      0.851,    β:       1.000
α:       0.813,     -0.093,      0.916,      0.463,     -0.431,      0.853,    β:       1.000
α:       0.812,     -0.093,      0.916,      0.464,     -0.432,      0.855,    β:       1.000
α:       0.812,     -0.093,      0.916,      0.464,     -0.432,      0.857,    β:       1.000
α:       0.812,     -0.092,      0.915,      0.465,     -0.433,      0.859,    β:       1.000
α:       0.812,     -0.092,      0.915,      0.466,     -0.433,      0.861,    β:       1.000
α:       0.812,     -0.091,      0.915,      0.466,     -0.434,      0.863,    β:       1.000
α:       0.812,     -0.091,      0.915,      0.467,     -0.434,      0.865,    β:       1.000
α:       0.811,     -0.091,      0.914,      0.468,     -0.435,      0.866,    β:       1.000
α:       0.811,     -0.091,      0.914,      0.468,     -0.435,      0.868,    β:       1.000
α:       0.811,     -0.090,      0.914,      0.469,     -0.436,      0.870,    β:       1.000
α:       0.811,     -0.090,      0.914,      0.469,     -0.436,      0.872,    β:       1.000
α:       0.810,     -0.089,      0.913,      0.470,     -0.437,      0.874,    β:       1.000
α:       0.810,     -0.089,      0.913,      0.470,     -0.437,      0.876,    β:       1.000
α:       0.810,     -0.089,      0.913,      0.471,     -0.438,      0.878,    β:       1.000
α:       0.810,     -0.089,      0.913,      0.471,     -0.438,      0.880,    β:       1.000
α:       0.810,     -0.088,      0.912,      0.472,     -0.439,      0.881,    β:       1.000
α:       0.810,     -0.088,      0.912,      0.473,     -0.439,      0.883,    β:       1.000
α:       0.810,     -0.088,      0.912,      0.473,     -0.440,      0.885,    β:       1.000
α:       0.809,     -0.088,      0.912,      0.474,     -0.440,      0.887,    β:       1.000
α:       0.809,     -0.088,      0.911,      0.474,     -0.441,      0.889,    β:       1.000
α:       0.809,     -0.088,      0.911,      0.475,     -0.441,      0.890,    β:       1.000
α:       0.809,     -0.087,      0.911,      0.475,     -0.442,      0.892,    β:       1.000
α:       0.809,     -0.087,      0.911,      0.476,     -0.442,      0.894,    β:       1.000
α:       0.808,     -0.086,      0.910,      0.476,     -0.443,      0.895,    β:       1.000
α:       0.808,     -0.086,      0.910,      0.477,     -0.443,      0.897,    β:       1.000
α:       0.808,     -0.086,      0.910,      0.477,     -0.444,      0.899,    β:       1.000
α:       0.808,     -0.086,      0.910,      0.478,     -0.444,      0.901,    β:       1.000
α:       0.808,     -0.086,      0.909,      0.478,     -0.445,      0.902,    β:       1.000
α:       0.807,     -0.085,      0.909,      0.479,     -0.445,      0.904,    β:       1.000
α:       0.807,     -0.085,      0.909,      0.479,     -0.446,      0.905,    β:       1.000
α:       0.807,     -0.085,      0.909,      0.480,     -0.446,      0.907,    β:       1.000
α:       0.807,     -0.085,      0.908,      0.480,     -0.447,      0.909,    β:       1.000
α:       0.807,     -0.084,      0.908,      0.481,     -0.447,      0.910,    β:       1.000
α:       0.806,     -0.084,      0.908,      0.481,     -0.447,      0.912,    β:       1.000
α:       0.806,     -0.084,      0.908,      0.482,     -0.448,      0.914,    β:       1.000
α:       0.806,     -0.083,      0.907,      0.482,     -0.448,      0.915,    β:       1.000
α:       0.806,     -0.083,      0.907,      0.483,     -0.449,      0.917,    β:       1.000
α:       0.806,     -0.083,      0.907,      0.483,     -0.449,      0.918,    β:       1.000
α:       0.806,     -0.083,      0.907,      0.484,     -0.450,      0.920,    β:       1.000
α:       0.805,     -0.082,      0.907,      0.484,     -0.450,      0.921,    β:       1.000
α:       0.805,     -0.082,      0.907,      0.484,     -0.451,      0.923,    β:       1.000
α:       0.805,     -0.082,      0.906,      0.485,     -0.451,      0.924,    β:       1.000
α:       0.805,     -0.081,      0.906,      0.485,     -0.452,      0.926,    β:       1.000
α:       0.805,     -0.081,      0.906,      0.486,     -0.452,      0.927,    β:       1.000
α:       0.805,     -0.081,      0.905,      0.486,     -0.453,      0.929,    β:       1.000
α:       0.804,     -0.081,      0.905,      0.487,     -0.453,      0.931,    β:       1.000
α:       0.804,     -0.081,      0.905,      0.487,     -0.454,      0.932,    β:       1.000
α:       0.804,     -0.081,      0.905,      0.488,     -0.454,      0.934,    β:       1.000
α:       0.804,     -0.081,      0.905,      0.488,     -0.455,      0.935,    β:       1.000
α:       0.804,     -0.081,      0.904,      0.488,     -0.455,      0.936,    β:       1.000
α:       0.804,     -0.080,      0.904,      0.489,     -0.455,      0.938,    β:       1.000
α:       0.804,     -0.080,      0.904,      0.489,     -0.456,      0.939,    β:       1.000
α:       0.804,     -0.080,      0.904,      0.490,     -0.456,      0.941,    β:       1.000
α:       0.803,     -0.080,      0.904,      0.490,     -0.457,      0.942,    β:       1.000
α:       0.803,     -0.080,      0.903,      0.490,     -0.457,      0.944,    β:       1.000
α:       0.803,     -0.079,      0.903,      0.491,     -0.458,      0.945,    β:       1.000
α:       0.803,     -0.080,      0.903,      0.491,     -0.458,      0.947,    β:       1.000
α:       0.803,     -0.079,      0.903,      0.492,     -0.459,      0.948,    β:       1.000
α:       0.802,     -0.079,      0.903,      0.492,     -0.459,      0.949,    β:       1.000
α:       0.802,     -0.079,      0.903,      0.493,     -0.460,      0.951,    β:       1.000
α:       0.802,     -0.079,      0.903,      0.493,     -0.460,      0.952,    β:       1.000
α:       0.802,     -0.078,      0.902,      0.493,     -0.461,      0.953,    β:       1.000
α:       0.802,     -0.078,      0.902,      0.494,     -0.461,      0.955,    β:       1.000
α:       0.802,     -0.077,      0.902,      0.494,     -0.462,      0.956,    β:       1.000
α:       0.802,     -0.077,      0.902,      0.494,     -0.462,      0.957,    β:       1.000
α:       0.802,     -0.077,      0.901,      0.495,     -0.462,      0.959,    β:       1.000
α:       0.802,     -0.077,      0.901,      0.495,     -0.463,      0.960,    β:       1.000
α:       0.801,     -0.077,      0.901,      0.496,     -0.463,      0.961,    β:       1.000
α:       0.801,     -0.076,      0.901,      0.496,     -0.464,      0.963,    β:       1.000
α:       0.801,     -0.076,      0.900,      0.496,     -0.464,      0.964,    β:       1.000
α:       0.801,     -0.076,      0.900,      0.497,     -0.465,      0.965,    β:       1.000
α:       0.801,     -0.076,      0.900,      0.497,     -0.465,      0.967,    β:       1.000
α:       0.801,     -0.076,      0.900,      0.497,     -0.466,      0.968,    β:       1.000
α:       0.801,     -0.075,      0.900,      0.498,     -0.466,      0.969,    β:       1.000
α:       0.801,     -0.075,      0.900,      0.498,     -0.466,      0.970,    β:       1.000
α:       0.800,     -0.075,      0.899,      0.498,     -0.467,      0.972,    β:       1.000
α:       0.800,     -0.074,      0.899,      0.499,     -0.467,      0.973,    β:       1.000
α:       0.800,     -0.074,      0.899,      0.499,     -0.468,      0.974,    β:       1.000
α:       0.800,     -0.074,      0.899,      0.499,     -0.468,      0.975,    β:       1.000
α:       0.800,     -0.074,      0.899,      0.500,     -0.469,      0.977,    β:       1.000
α:       0.800,     -0.074,      0.898,      0.500,     -0.469,      0.978,    β:       1.000
α:       0.800,     -0.074,      0.898,      0.500,     -0.469,      0.979,    β:       1.000
α:       0.800,     -0.074,      0.898,      0.501,     -0.470,      0.980,    β:       1.000
α:       0.799,     -0.074,      0.898,      0.501,     -0.470,      0.982,    β:       1.000
α:       0.799,     -0.074,      0.898,      0.501,     -0.471,      0.983,    β:       1.000
α:       0.799,     -0.074,      0.897,      0.502,     -0.471,      0.984,    β:       1.000
α:       0.799,     -0.074,      0.897,      0.502,     -0.472,      0.985,    β:       1.000
α:       0.799,     -0.074,      0.897,      0.502,     -0.472,      0.986,    β:       1.000
α:       0.799,     -0.074,      0.897,      0.503,     -0.472,      0.988,    β:       1.000
α:       0.799,     -0.074,      0.897,      0.503,     -0.473,      0.989,    β:       1.000
α:       0.798,     -0.073,      0.896,      0.503,     -0.473,      0.990,    β:       1.000
α:       0.798,     -0.073,      0.896,      0.503,     -0.474,      0.991,    β:       1.000
α:       0.798,     -0.073,      0.896,      0.504,     -0.474,      0.992,    β:       1.000
α:       0.798,     -0.072,      0.896,      0.504,     -0.474,      0.993,    β:       1.000
α:       0.798,     -0.072,      0.896,      0.504,     -0.475,      0.995,    β:       1.000
α:       0.798,     -0.072,      0.895,      0.505,     -0.475,      0.996,    β:       1.000
α:       0.798,     -0.072,      0.895,      0.505,     -0.476,      0.997,    β:       1.000
α:       0.798,     -0.072,      0.895,      0.505,     -0.476,      0.998,    β:       1.000
α:       0.798,     -0.072,      0.895,      0.505,     -0.477,      0.999,    β:       1.000
α:       0.797,     -0.071,      0.895,      0.506,     -0.477,      1.000,    β:       1.000
α:       0.797,     -0.071,      0.894,      0.506,     -0.477,      1.001,    β:       1.000
α:       0.797,     -0.071,      0.894,      0.506,     -0.478,      1.002,    β:       1.000
α:       0.797,     -0.071,      0.894,      0.506,     -0.478,      1.003,    β:       1.000
α:       0.797,     -0.071,      0.894,      0.507,     -0.479,      1.004,    β:       1.000
α:       0.797,     -0.071,      0.894,      0.507,     -0.479,      1.005,    β:       1.000
α:       0.797,     -0.071,      0.894,      0.507,     -0.480,      1.006,    β:       1.000
α:       0.796,     -0.070,      0.894,      0.507,     -0.480,      1.007,    β:       1.000
α:       0.796,     -0.070,      0.894,      0.508,     -0.480,      1.008,    β:       1.000
α:       0.796,     -0.070,      0.893,      0.508,     -0.481,      1.009,    β:       1.000
α:       0.796,     -0.070,      0.893,      0.508,     -0.481,      1.011,    β:       1.000
α:       0.796,     -0.070,      0.893,      0.509,     -0.482,      1.012,    β:       1.000
α:       0.796,     -0.070,      0.893,      0.509,     -0.482,      1.013,    β:       1.000
α:       0.796,     -0.070,      0.893,      0.509,     -0.482,      1.014,    β:       1.000
α:       0.796,     -0.070,      0.893,      0.509,     -0.483,      1.015,    β:       1.000
α:       0.795,     -0.070,      0.892,      0.510,     -0.483,      1.016,    β:       1.000
α:       0.795,     -0.069,      0.892,      0.510,     -0.484,      1.017,    β:       1.000
α:       0.795,     -0.069,      0.892,      0.510,     -0.484,      1.018,    β:       1.000
α:       0.795,     -0.069,      0.892,      0.510,     -0.484,      1.019,    β:       1.000
α:       0.795,     -0.069,      0.892,      0.510,     -0.485,      1.020,    β:       1.000
α:       0.795,     -0.069,      0.892,      0.511,     -0.485,      1.021,    β:       1.000
α:       0.795,     -0.069,      0.892,      0.511,     -0.485,      1.022,    β:       1.000
α:       0.794,     -0.069,      0.892,      0.511,     -0.486,      1.023,    β:       1.000
α:       0.794,     -0.068,      0.891,      0.511,     -0.486,      1.024,    β:       1.000
α:       0.794,     -0.068,      0.891,      0.511,     -0.487,      1.025,    β:       1.000
α:       0.794,     -0.068,      0.891,      0.512,     -0.487,      1.025,    β:       1.000
α:       0.794,     -0.068,      0.891,      0.512,     -0.488,      1.026,    β:       1.000
α:       0.794,     -0.068,      0.891,      0.512,     -0.488,      1.027,    β:       1.000
α:       0.794,     -0.068,      0.890,      0.512,     -0.488,      1.028,    β:       1.000
α:       0.794,     -0.068,      0.890,      0.513,     -0.489,      1.029,    β:       1.000
α:       0.794,     -0.067,      0.890,      0.513,     -0.489,      1.030,    β:       1.000
α:       0.794,     -0.067,      0.890,      0.513,     -0.490,      1.031,    β:       1.000
α:       0.794,     -0.067,      0.890,      0.513,     -0.490,      1.032,    β:       1.000
α:       0.794,     -0.067,      0.890,      0.513,     -0.490,      1.033,    β:       1.000
α:       0.794,     -0.067,      0.890,      0.514,     -0.491,      1.034,    β:       1.000
α:       0.794,     -0.067,      0.889,      0.514,     -0.491,      1.035,    β:       1.000
α:       0.793,     -0.067,      0.889,      0.514,     -0.492,      1.035,    β:       1.000
α:       0.793,     -0.067,      0.889,      0.514,     -0.492,      1.036,    β:       1.000
α:       0.793,     -0.066,      0.889,      0.514,     -0.492,      1.037,    β:       1.000
α:       0.793,     -0.066,      0.889,      0.515,     -0.493,      1.038,    β:       1.000
α:       0.793,     -0.066,      0.889,      0.515,     -0.493,      1.039,    β:       1.000
α:       0.793,     -0.066,      0.889,      0.515,     -0.494,      1.040,    β:       1.000
α:       0.793,     -0.066,      0.889,      0.515,     -0.494,      1.041,    β:       1.000
α:       0.793,     -0.066,      0.888,      0.515,     -0.494,      1.042,    β:       1.000
α:       0.793,     -0.066,      0.888,      0.515,     -0.495,      1.042,    β:       1.000
α:       0.793,     -0.065,      0.888,      0.516,     -0.495,      1.043,    β:       1.000
α:       0.792,     -0.065,      0.888,      0.516,     -0.496,      1.044,    β:       1.000
α:       0.792,     -0.065,      0.888,      0.516,     -0.496,      1.045,    β:       1.000
α:       0.792,     -0.065,      0.887,      0.516,     -0.496,      1.046,    β:       1.000
α:       0.792,     -0.065,      0.887,      0.516,     -0.497,      1.047,    β:       1.000
α:       0.792,     -0.065,      0.887,      0.517,     -0.497,      1.047,    β:       1.000
α:       0.792,     -0.065,      0.887,      0.517,     -0.497,      1.048,    β:       1.000
α:       0.792,     -0.064,      0.887,      0.517,     -0.498,      1.049,    β:       1.000
α:       0.792,     -0.064,      0.887,      0.517,     -0.498,      1.050,    β:       1.000
α:       0.792,     -0.064,      0.887,      0.517,     -0.499,      1.051,    β:       1.000
α:       0.791,     -0.064,      0.886,      0.518,     -0.499,      1.052,    β:       1.000
α:       0.791,     -0.064,      0.886,      0.518,     -0.499,      1.052,    β:       1.000
α:       0.791,     -0.064,      0.886,      0.518,     -0.500,      1.053,    β:       1.000
α:       0.791,     -0.064,      0.886,      0.518,     -0.500,      1.054,    β:       1.000
α:       0.791,     -0.064,      0.886,      0.518,     -0.500,      1.055,    β:       1.000
α:       0.791,     -0.064,      0.886,      0.518,     -0.501,      1.056,    β:       1.000
α:       0.791,     -0.064,      0.886,      0.519,     -0.501,      1.056,    β:       1.000
α:       0.791,     -0.064,      0.886,      0.519,     -0.502,      1.057,    β:       1.000
α:       0.791,     -0.064,      0.885,      0.519,     -0.502,      1.058,    β:       1.000
α:       0.791,     -0.064,      0.885,      0.519,     -0.502,      1.059,    β:       1.000
α:       0.791,     -0.063,      0.885,      0.519,     -0.503,      1.059,    β:       1.000
α:       0.791,     -0.063,      0.885,      0.519,     -0.503,      1.060,    β:       1.000
α:       0.791,     -0.063,      0.885,      0.520,     -0.503,      1.061,    β:       1.000
α:       0.791,     -0.063,      0.885,      0.520,     -0.504,      1.062,    β:       1.000
α:       0.790,     -0.063,      0.885,      0.520,     -0.504,      1.063,    β:       1.000
α:       0.790,     -0.063,      0.885,      0.520,     -0.504,      1.063,    β:       1.000
α:       0.790,     -0.063,      0.885,      0.520,     -0.505,      1.064,    β:       1.000
α:       0.790,     -0.063,      0.884,      0.520,     -0.505,      1.065,    β:       1.000
α:       0.790,     -0.062,      0.884,      0.521,     -0.506,      1.065,    β:       1.000
α:       0.790,     -0.062,      0.884,      0.521,     -0.506,      1.066,    β:       1.000
α:       0.790,     -0.063,      0.884,      0.521,     -0.506,      1.067,    β:       1.000
α:       0.790,     -0.063,      0.884,      0.521,     -0.507,      1.068,    β:       1.000
α:       0.790,     -0.063,      0.884,      0.521,     -0.507,      1.068,    β:       1.000
α:       0.789,     -0.062,      0.884,      0.522,     -0.507,      1.069,    β:       1.000
α:       0.789,     -0.063,      0.884,      0.522,     -0.508,      1.070,    β:       1.000
α:       0.789,     -0.062,      0.883,      0.522,     -0.508,      1.070,    β:       1.000
α:       0.789,     -0.062,      0.883,      0.522,     -0.508,      1.071,    β:       1.000
α:       0.789,     -0.062,      0.883,      0.522,     -0.509,      1.072,    β:       1.000
α:       0.789,     -0.062,      0.883,      0.522,     -0.509,      1.072,    β:       1.000
α:       0.789,     -0.062,      0.883,      0.522,     -0.509,      1.073,    β:       1.000
α:       0.789,     -0.062,      0.883,      0.523,     -0.510,      1.074,    β:       1.000
α:       0.789,     -0.062,      0.883,      0.523,     -0.510,      1.075,    β:       1.000
α:       0.789,     -0.061,      0.883,      0.523,     -0.510,      1.075,    β:       1.000
α:       0.789,     -0.061,      0.883,      0.523,     -0.511,      1.076,    β:       1.000
α:       0.788,     -0.061,      0.883,      0.523,     -0.511,      1.076,    β:       1.000
α:       0.788,     -0.061,      0.883,      0.523,     -0.511,      1.077,    β:       1.000
α:       0.788,     -0.060,      0.882,      0.523,     -0.512,      1.078,    β:       1.000
α:       0.788,     -0.061,      0.882,      0.524,     -0.512,      1.079,    β:       1.000
α:       0.788,     -0.061,      0.882,      0.524,     -0.512,      1.079,    β:       1.000
α:       0.788,     -0.060,      0.882,      0.524,     -0.513,      1.080,    β:       1.000
α:       0.788,     -0.060,      0.882,      0.524,     -0.513,      1.080,    β:       1.000
α:       0.788,     -0.061,      0.882,      0.524,     -0.513,      1.081,    β:       1.000
α:       0.788,     -0.061,      0.882,      0.524,     -0.514,      1.082,    β:       1.000
α:       0.788,     -0.061,      0.881,      0.524,     -0.514,      1.082,    β:       1.000
α:       0.788,     -0.061,      0.881,      0.524,     -0.514,      1.083,    β:       1.000
α:       0.788,     -0.060,      0.881,      0.525,     -0.515,      1.084,    β:       1.000
α:       0.788,     -0.060,      0.881,      0.525,     -0.515,      1.084,    β:       1.000
α:       0.788,     -0.060,      0.881,      0.525,     -0.515,      1.085,    β:       1.000
α:       0.787,     -0.060,      0.881,      0.525,     -0.516,      1.085,    β:       1.000
α:       0.787,     -0.060,      0.881,      0.525,     -0.516,      1.086,    β:       1.000
α:       0.787,     -0.060,      0.880,      0.525,     -0.516,      1.087,    β:       1.000
α:       0.787,     -0.060,      0.880,      0.525,     -0.517,      1.087,    β:       1.000
α:       0.787,     -0.060,      0.880,      0.525,     -0.517,      1.088,    β:       1.000
α:       0.787,     -0.060,      0.880,      0.526,     -0.517,      1.089,    β:       1.000
α:       0.787,     -0.060,      0.880,      0.526,     -0.517,      1.089,    β:       1.000
α:       0.787,     -0.059,      0.880,      0.526,     -0.518,      1.090,    β:       1.000
α:       0.787,     -0.059,      0.880,      0.526,     -0.518,      1.090,    β:       1.000
α:       0.786,     -0.060,      0.880,      0.526,     -0.518,      1.091,    β:       1.000
α:       0.787,     -0.059,      0.879,      0.526,     -0.519,      1.092,    β:       1.000
α:       0.786,     -0.059,      0.879,      0.526,     -0.519,      1.092,    β:       1.000
α:       0.786,     -0.059,      0.879,      0.526,     -0.519,      1.093,    β:       1.000
α:       0.786,     -0.059,      0.879,      0.527,     -0.520,      1.093,    β:       1.000
α:       0.786,     -0.059,      0.879,      0.527,     -0.520,      1.094,    β:       1.000
α:       0.786,     -0.058,      0.879,      0.527,     -0.520,      1.094,    β:       1.000
α:       0.786,     -0.059,      0.879,      0.527,     -0.521,      1.095,    β:       1.000
α:       0.786,     -0.059,      0.879,      0.527,     -0.521,      1.096,    β:       1.000
α:       0.786,     -0.058,      0.879,      0.527,     -0.521,      1.096,    β:       1.000
α:       0.786,     -0.059,      0.878,      0.527,     -0.522,      1.097,    β:       1.000
α:       0.786,     -0.058,      0.878,      0.527,     -0.522,      1.097,    β:       1.000
α:       0.786,     -0.059,      0.878,      0.528,     -0.522,      1.098,    β:       1.000
α:       0.786,     -0.058,      0.878,      0.528,     -0.523,      1.098,    β:       1.000
α:       0.786,     -0.058,      0.878,      0.528,     -0.523,      1.099,    β:       1.000
α:       0.785,     -0.058,      0.878,      0.528,     -0.523,      1.099,    β:       1.000
α:       0.785,     -0.058,      0.878,      0.528,     -0.524,      1.100,    β:       1.000
α:       0.785,     -0.058,      0.878,      0.528,     -0.524,      1.101,    β:       1.000
α:       0.785,     -0.058,      0.878,      0.528,     -0.524,      1.101,    β:       1.000
α:       0.785,     -0.058,      0.878,      0.528,     -0.524,      1.102,    β:       1.000
α:       0.785,     -0.058,      0.878,      0.529,     -0.525,      1.102,    β:       1.000
α:       0.785,     -0.058,      0.878,      0.529,     -0.525,      1.103,    β:       1.000
α:       0.785,     -0.058,      0.878,      0.529,     -0.525,      1.103,    β:       1.000
α:       0.785,     -0.058,      0.878,      0.529,     -0.526,      1.104,    β:       1.000
α:       0.785,     -0.058,      0.878,      0.529,     -0.526,      1.104,    β:       1.000
α:       0.785,     -0.058,      0.878,      0.529,     -0.526,      1.105,    β:       1.000
α:       0.785,     -0.058,      0.877,      0.529,     -0.527,      1.105,    β:       1.000
α:       0.785,     -0.057,      0.877,      0.529,     -0.527,      1.106,    β:       1.000
α:       0.785,     -0.057,      0.877,      0.530,     -0.527,      1.106,    β:       1.000
α:       0.785,     -0.057,      0.877,      0.530,     -0.527,      1.107,    β:       1.000
α:       0.785,     -0.057,      0.877,      0.530,     -0.528,      1.107,    β:       1.000
α:       0.785,     -0.057,      0.877,      0.530,     -0.528,      1.108,    β:       1.000
α:       0.785,     -0.057,      0.877,      0.530,     -0.528,      1.108,    β:       1.000
α:       0.785,     -0.058,      0.877,      0.530,     -0.529,      1.109,    β:       1.000
α:       0.785,     -0.057,      0.877,      0.530,     -0.529,      1.109,    β:       1.000
α:       0.784,     -0.057,      0.877,      0.530,     -0.529,      1.109,    β:       1.000
α:       0.784,     -0.056,      0.877,      0.530,     -0.530,      1.110,    β:       1.000
α:       0.784,     -0.057,      0.876,      0.530,     -0.530,      1.111,    β:       1.000
α:       0.784,     -0.057,      0.876,      0.530,     -0.530,      1.111,    β:       1.000
α:       0.784,     -0.057,      0.876,      0.530,     -0.530,      1.112,    β:       1.000
α:       0.784,     -0.057,      0.876,      0.531,     -0.531,      1.112,    β:       1.000
α:       0.784,     -0.057,      0.876,      0.531,     -0.531,      1.112,    β:       1.000
α:       0.784,     -0.057,      0.876,      0.531,     -0.531,      1.113,    β:       1.000
α:       0.784,     -0.056,      0.876,      0.531,     -0.532,      1.113,    β:       1.000
α:       0.784,     -0.056,      0.876,      0.531,     -0.532,      1.114,    β:       1.000
α:       0.784,     -0.056,      0.876,      0.531,     -0.532,      1.114,    β:       1.000
α:       0.784,     -0.056,      0.876,      0.531,     -0.532,      1.115,    β:       1.000
α:       0.784,     -0.056,      0.876,      0.531,     -0.533,      1.115,    β:       1.000
α:       0.783,     -0.056,      0.875,      0.531,     -0.533,      1.116,    β:       1.000
α:       0.783,     -0.056,      0.875,      0.531,     -0.533,      1.116,    β:       1.000
α:       0.783,     -0.056,      0.875,      0.531,     -0.534,      1.117,    β:       1.000
α:       0.783,     -0.056,      0.875,      0.531,     -0.534,      1.117,    β:       1.000
α:       0.783,     -0.056,      0.875,      0.531,     -0.534,      1.118,    β:       1.000
α:       0.783,     -0.056,      0.875,      0.531,     -0.534,      1.118,    β:       1.000
α:       0.783,     -0.056,      0.875,      0.532,     -0.535,      1.118,    β:       1.000
α:       0.783,     -0.056,      0.875,      0.532,     -0.535,      1.119,    β:       1.000
α:       0.783,     -0.056,      0.875,      0.532,     -0.535,      1.119,    β:       1.000
α:       0.783,     -0.056,      0.875,      0.532,     -0.536,      1.120,    β:       1.000
α:       0.783,     -0.055,      0.875,      0.532,     -0.536,      1.120,    β:       1.000
α:       0.783,     -0.055,      0.875,      0.532,     -0.536,      1.121,    β:       1.000
α:       0.782,     -0.055,      0.874,      0.532,     -0.536,      1.121,    β:       1.000
α:       0.782,     -0.055,      0.874,      0.532,     -0.537,      1.121,    β:       1.000
α:       0.782,     -0.055,      0.874,      0.532,     -0.537,      1.122,    β:       1.000
α:       0.782,     -0.055,      0.874,      0.532,     -0.537,      1.122,    β:       1.000
α:       0.782,     -0.055,      0.874,      0.532,     -0.537,      1.123,    β:       1.000
α:       0.782,     -0.055,      0.874,      0.532,     -0.538,      1.123,    β:       1.000
α:       0.782,     -0.055,      0.874,      0.532,     -0.538,      1.123,    β:       1.000
α:       0.782,     -0.055,      0.874,      0.532,     -0.538,      1.124,    β:       1.000
α:       0.782,     -0.055,      0.874,      0.533,     -0.538,      1.124,    β:       1.000
α:       0.782,     -0.055,      0.874,      0.533,     -0.539,      1.125,    β:       1.000
α:       0.782,     -0.055,      0.874,      0.533,     -0.539,      1.125,    β:       1.000
α:       0.782,     -0.055,      0.874,      0.533,     -0.539,      1.125,    β:       1.000
α:       0.781,     -0.054,      0.873,      0.533,     -0.539,      1.126,    β:       1.000
α:       0.781,     -0.055,      0.873,      0.533,     -0.540,      1.126,    β:       1.000
α:       0.781,     -0.054,      0.873,      0.533,     -0.540,      1.127,    β:       1.000
α:       0.781,     -0.054,      0.873,      0.533,     -0.540,      1.127,    β:       1.000
α:       0.781,     -0.054,      0.873,      0.533,     -0.541,      1.127,    β:       1.000
α:       0.781,     -0.054,      0.873,      0.533,     -0.541,      1.128,    β:       1.000
α:       0.781,     -0.054,      0.873,      0.533,     -0.541,      1.128,    β:       1.000
α:       0.781,     -0.054,      0.873,      0.533,     -0.541,      1.129,    β:       1.000
α:       0.781,     -0.054,      0.873,      0.533,     -0.542,      1.129,    β:       1.000
α:       0.781,     -0.054,      0.873,      0.533,     -0.542,      1.129,    β:       1.000
α:       0.781,     -0.054,      0.873,      0.534,     -0.542,      1.130,    β:       1.000
α:       0.781,     -0.054,      0.873,      0.534,     -0.543,      1.130,    β:       1.000
α:       0.781,     -0.054,      0.873,      0.534,     -0.543,      1.130,    β:       1.000
α:       0.781,     -0.054,      0.873,      0.534,     -0.543,      1.131,    β:       1.000
α:       0.781,     -0.054,      0.872,      0.534,     -0.543,      1.131,    β:       1.000
α:       0.781,     -0.054,      0.872,      0.534,     -0.543,      1.131,    β:       1.000
α:       0.781,     -0.054,      0.872,      0.534,     -0.544,      1.132,    β:       1.000
α:       0.781,     -0.054,      0.872,      0.534,     -0.544,      1.132,    β:       1.000
α:       0.781,     -0.054,      0.872,      0.534,     -0.544,      1.132,    β:       1.000
α:       0.781,     -0.054,      0.872,      0.534,     -0.545,      1.133,    β:       1.000
α:       0.781,     -0.054,      0.872,      0.534,     -0.545,      1.133,    β:       1.000
α:       0.781,     -0.054,      0.872,      0.534,     -0.545,      1.134,    β:       1.000
α:       0.781,     -0.054,      0.872,      0.534,     -0.545,      1.134,    β:       1.000
α:       0.781,     -0.054,      0.872,      0.534,     -0.546,      1.134,    β:       1.000
α:       0.780,     -0.054,      0.872,      0.534,     -0.546,      1.135,    β:       1.000
α:       0.780,     -0.054,      0.872,      0.534,     -0.546,      1.135,    β:       1.000
α:       0.780,     -0.054,      0.872,      0.535,     -0.546,      1.135,    β:       1.000
α:       0.780,     -0.054,      0.872,      0.535,     -0.547,      1.136,    β:       1.000
α:       0.780,     -0.054,      0.872,      0.535,     -0.547,      1.136,    β:       1.000
α:       0.780,     -0.054,      0.872,      0.535,     -0.547,      1.136,    β:       1.000
α:       0.780,     -0.054,      0.872,      0.535,     -0.547,      1.137,    β:       1.000
α:       0.780,     -0.054,      0.871,      0.535,     -0.548,      1.137,    β:       1.000
α:       0.780,     -0.054,      0.871,      0.535,     -0.548,      1.137,    β:       1.000
α:       0.780,     -0.054,      0.872,      0.535,     -0.548,      1.138,    β:       1.000
α:       0.780,     -0.054,      0.871,      0.535,     -0.548,      1.138,    β:       1.000
α:       0.780,     -0.053,      0.871,      0.535,     -0.549,      1.138,    β:       1.000
α:       0.780,     -0.053,      0.871,      0.535,     -0.549,      1.139,    β:       1.000
α:       0.780,     -0.053,      0.871,      0.535,     -0.549,      1.139,    β:       1.000
α:       0.780,     -0.053,      0.871,      0.535,     -0.549,      1.139,    β:       1.000
α:       0.780,     -0.053,      0.871,      0.535,     -0.550,      1.140,    β:       1.000
α:       0.780,     -0.053,      0.871,      0.535,     -0.550,      1.140,    β:       1.000
α:       0.780,     -0.053,      0.871,      0.535,     -0.550,      1.140,    β:       1.000
α:       0.780,     -0.053,      0.871,      0.536,     -0.550,      1.141,    β:       1.000
