α0:     -0.944,     -0.607,      0.546,     -0.323,      0.969,      0.111,    β0:      1.000
α:      -0.143,     -0.134,      0.136,     -0.047,      0.050,     -0.045,    β:       1.000
α:      -0.229,     -0.213,      0.215,     -0.075,      0.081,     -0.071,    β:       1.000
α:      -0.292,     -0.268,      0.271,     -0.096,      0.105,     -0.090,    β:       1.000
α:      -0.343,     -0.310,      0.314,     -0.113,      0.124,     -0.104,    β:       1.000
α:      -0.384,     -0.345,      0.350,     -0.126,      0.141,     -0.116,    β:       1.000
α:      -0.420,     -0.374,      0.380,     -0.137,      0.155,     -0.126,    β:       1.000
α:      -0.451,     -0.398,      0.405,     -0.147,      0.168,     -0.134,    β:       1.000
α:      -0.479,     -0.419,      0.428,     -0.156,      0.180,     -0.142,    β:       1.000
α:      -0.504,     -0.438,      0.448,     -0.164,      0.191,     -0.148,    β:       1.000
α:      -0.527,     -0.455,      0.466,     -0.171,      0.201,     -0.153,    β:       1.000
α:      -0.547,     -0.469,      0.481,     -0.177,      0.210,     -0.158,    β:       1.000
α:      -0.566,     -0.483,      0.495,     -0.183,      0.218,     -0.162,    β:       1.000
α:      -0.584,     -0.494,      0.508,     -0.188,      0.226,     -0.166,    β:       1.000
α:      -0.600,     -0.505,      0.519,     -0.193,      0.234,     -0.169,    β:       1.000
α:      -0.615,     -0.515,      0.530,     -0.197,      0.241,     -0.172,    β:       1.000
α:      -0.628,     -0.523,      0.539,     -0.201,      0.248,     -0.175,    β:       1.000
α:      -0.641,     -0.531,      0.548,     -0.205,      0.254,     -0.177,    β:       1.000
α:      -0.653,     -0.539,      0.556,     -0.208,      0.261,     -0.179,    β:       1.000
α:      -0.665,     -0.545,      0.563,     -0.211,      0.267,     -0.181,    β:       1.000
α:      -0.675,     -0.551,      0.570,     -0.214,      0.272,     -0.183,    β:       1.000
α:      -0.685,     -0.557,      0.576,     -0.217,      0.278,     -0.184,    β:       1.000
α:      -0.694,     -0.562,      0.582,     -0.219,      0.283,     -0.186,    β:       1.000
α:      -0.703,     -0.567,      0.587,     -0.222,      0.288,     -0.187,    β:       1.000
α:      -0.711,     -0.571,      0.592,     -0.224,      0.293,     -0.188,    β:       1.000
α:      -0.719,     -0.575,      0.596,     -0.226,      0.298,     -0.189,    β:       1.000
α:      -0.726,     -0.579,      0.600,     -0.228,      0.302,     -0.189,    β:       1.000
α:      -0.733,     -0.582,      0.604,     -0.230,      0.307,     -0.190,    β:       1.000
α:      -0.740,     -0.585,      0.607,     -0.231,      0.311,     -0.191,    β:       1.000
α:      -0.746,     -0.588,      0.610,     -0.233,      0.315,     -0.191,    β:       1.000
α:      -0.752,     -0.591,      0.613,     -0.234,      0.319,     -0.191,    β:       1.000
α:      -0.757,     -0.593,      0.616,     -0.236,      0.323,     -0.192,    β:       1.000
α:      -0.763,     -0.596,      0.618,     -0.237,      0.327,     -0.192,    β:       1.000
α:      -0.768,     -0.598,      0.621,     -0.238,      0.331,     -0.192,    β:       1.000
α:      -0.772,     -0.600,      0.623,     -0.239,      0.335,     -0.192,    β:       1.000
α:      -0.777,     -0.602,      0.625,     -0.240,      0.338,     -0.192,    β:       1.000
α:      -0.781,     -0.604,      0.627,     -0.241,      0.342,     -0.192,    β:       1.000
α:      -0.785,     -0.605,      0.628,     -0.242,      0.345,     -0.192,    β:       1.000
α:      -0.789,     -0.607,      0.630,     -0.243,      0.349,     -0.192,    β:       1.000
α:      -0.793,     -0.608,      0.631,     -0.244,      0.352,     -0.192,    β:       1.000
α:      -0.796,     -0.610,      0.633,     -0.245,      0.355,     -0.192,    β:       1.000
α:      -0.800,     -0.611,      0.634,     -0.245,      0.359,     -0.191,    β:       1.000
α:      -0.803,     -0.612,      0.635,     -0.246,      0.362,     -0.191,    β:       1.000
α:      -0.806,     -0.613,      0.636,     -0.247,      0.365,     -0.191,    β:       1.000
α:      -0.809,     -0.614,      0.637,     -0.247,      0.368,     -0.191,    β:       1.000
α:      -0.811,     -0.615,      0.638,     -0.248,      0.371,     -0.190,    β:       1.000
α:      -0.814,     -0.616,      0.639,     -0.249,      0.374,     -0.190,    β:       1.000
α:      -0.816,     -0.616,      0.639,     -0.249,      0.377,     -0.190,    β:       1.000
α:      -0.819,     -0.617,      0.640,     -0.249,      0.380,     -0.189,    β:       1.000
α:      -0.821,     -0.618,      0.641,     -0.250,      0.383,     -0.189,    β:       1.000
α:      -0.823,     -0.618,      0.642,     -0.250,      0.386,     -0.188,    β:       1.000
α:      -0.825,     -0.619,      0.642,     -0.251,      0.388,     -0.188,    β:       1.000
α:      -0.827,     -0.620,      0.643,     -0.251,      0.391,     -0.188,    β:       1.000
α:      -0.829,     -0.620,      0.643,     -0.251,      0.394,     -0.187,    β:       1.000
α:      -0.831,     -0.621,      0.643,     -0.252,      0.397,     -0.187,    β:       1.000
α:      -0.832,     -0.621,      0.644,     -0.252,      0.399,     -0.186,    β:       1.000
α:      -0.834,     -0.622,      0.644,     -0.252,      0.402,     -0.186,    β:       1.000
α:      -0.835,     -0.622,      0.644,     -0.253,      0.404,     -0.185,    β:       1.000
α:      -0.837,     -0.623,      0.644,     -0.253,      0.407,     -0.185,    β:       1.000
α:      -0.838,     -0.623,      0.645,     -0.253,      0.410,     -0.184,    β:       1.000
α:      -0.839,     -0.623,      0.645,     -0.253,      0.412,     -0.184,    β:       1.000
α:      -0.840,     -0.624,      0.645,     -0.254,      0.415,     -0.183,    β:       1.000
α:      -0.842,     -0.624,      0.645,     -0.254,      0.417,     -0.183,    β:       1.000
α:      -0.843,     -0.624,      0.645,     -0.254,      0.419,     -0.182,    β:       1.000
α:      -0.844,     -0.625,      0.645,     -0.254,      0.422,     -0.182,    β:       1.000
α:      -0.845,     -0.625,      0.645,     -0.254,      0.424,     -0.181,    β:       1.000
α:      -0.845,     -0.625,      0.645,     -0.254,      0.427,     -0.180,    β:       1.000
α:      -0.846,     -0.625,      0.645,     -0.254,      0.429,     -0.180,    β:       1.000
α:      -0.847,     -0.626,      0.645,     -0.255,      0.431,     -0.179,    β:       1.000
α:      -0.848,     -0.626,      0.645,     -0.255,      0.434,     -0.179,    β:       1.000
α:      -0.849,     -0.626,      0.645,     -0.255,      0.436,     -0.178,    β:       1.000
α:      -0.850,     -0.627,      0.645,     -0.255,      0.438,     -0.178,    β:       1.000
α:      -0.850,     -0.627,      0.645,     -0.255,      0.441,     -0.177,    β:       1.000
α:      -0.851,     -0.627,      0.645,     -0.255,      0.443,     -0.176,    β:       1.000
α:      -0.852,     -0.627,      0.645,     -0.255,      0.445,     -0.176,    β:       1.000
α:      -0.852,     -0.628,      0.645,     -0.255,      0.447,     -0.175,    β:       1.000
α:      -0.853,     -0.628,      0.645,     -0.255,      0.450,     -0.175,    β:       1.000
α:      -0.853,     -0.628,      0.645,     -0.255,      0.452,     -0.174,    β:       1.000
α:      -0.853,     -0.628,      0.644,     -0.255,      0.454,     -0.173,    β:       1.000
α:      -0.854,     -0.628,      0.644,     -0.255,      0.456,     -0.173,    β:       1.000
α:      -0.854,     -0.628,      0.644,     -0.255,      0.458,     -0.172,    β:       1.000
α:      -0.855,     -0.629,      0.644,     -0.255,      0.460,     -0.172,    β:       1.000
α:      -0.855,     -0.629,      0.644,     -0.255,      0.463,     -0.171,    β:       1.000
α:      -0.855,     -0.629,      0.644,     -0.255,      0.465,     -0.171,    β:       1.000
α:      -0.856,     -0.629,      0.644,     -0.255,      0.467,     -0.170,    β:       1.000
α:      -0.856,     -0.629,      0.644,     -0.255,      0.469,     -0.169,    β:       1.000
α:      -0.856,     -0.629,      0.644,     -0.255,      0.471,     -0.169,    β:       1.000
α:      -0.857,     -0.629,      0.643,     -0.255,      0.473,     -0.168,    β:       1.000
α:      -0.857,     -0.629,      0.643,     -0.255,      0.475,     -0.168,    β:       1.000
α:      -0.857,     -0.630,      0.643,     -0.255,      0.477,     -0.167,    β:       1.000
α:      -0.857,     -0.630,      0.643,     -0.255,      0.479,     -0.166,    β:       1.000
α:      -0.858,     -0.630,      0.643,     -0.255,      0.481,     -0.166,    β:       1.000
α:      -0.858,     -0.630,      0.643,     -0.255,      0.483,     -0.165,    β:       1.000
α:      -0.858,     -0.630,      0.642,     -0.255,      0.485,     -0.165,    β:       1.000
α:      -0.858,     -0.630,      0.642,     -0.255,      0.487,     -0.164,    β:       1.000
α:      -0.858,     -0.630,      0.642,     -0.255,      0.489,     -0.164,    β:       1.000
α:      -0.858,     -0.630,      0.642,     -0.255,      0.491,     -0.163,    β:       1.000
α:      -0.859,     -0.630,      0.641,     -0.255,      0.493,     -0.162,    β:       1.000
α:      -0.859,     -0.630,      0.641,     -0.255,      0.495,     -0.162,    β:       1.000
α:      -0.859,     -0.631,      0.641,     -0.255,      0.497,     -0.161,    β:       1.000
α:      -0.859,     -0.631,      0.641,     -0.255,      0.499,     -0.161,    β:       1.000
α:      -0.859,     -0.631,      0.641,     -0.255,      0.501,     -0.160,    β:       1.000
α:      -0.859,     -0.631,      0.641,     -0.255,      0.503,     -0.159,    β:       1.000
α:      -0.859,     -0.631,      0.641,     -0.255,      0.505,     -0.159,    β:       1.000
α:      -0.859,     -0.631,      0.640,     -0.255,      0.507,     -0.158,    β:       1.000
α:      -0.859,     -0.631,      0.640,     -0.255,      0.509,     -0.158,    β:       1.000
α:      -0.859,     -0.631,      0.640,     -0.255,      0.510,     -0.157,    β:       1.000
α:      -0.859,     -0.631,      0.640,     -0.255,      0.512,     -0.157,    β:       1.000
α:      -0.859,     -0.632,      0.640,     -0.254,      0.514,     -0.156,    β:       1.000
α:      -0.859,     -0.632,      0.640,     -0.254,      0.516,     -0.155,    β:       1.000
α:      -0.859,     -0.632,      0.640,     -0.254,      0.518,     -0.155,    β:       1.000
α:      -0.859,     -0.632,      0.639,     -0.254,      0.520,     -0.154,    β:       1.000
α:      -0.858,     -0.632,      0.639,     -0.254,      0.521,     -0.154,    β:       1.000
α:      -0.858,     -0.632,      0.639,     -0.254,      0.523,     -0.153,    β:       1.000
α:      -0.858,     -0.632,      0.639,     -0.254,      0.525,     -0.153,    β:       1.000
α:      -0.858,     -0.632,      0.638,     -0.254,      0.527,     -0.152,    β:       1.000
α:      -0.858,     -0.632,      0.638,     -0.254,      0.529,     -0.151,    β:       1.000
α:      -0.858,     -0.632,      0.638,     -0.254,      0.530,     -0.151,    β:       1.000
α:      -0.858,     -0.632,      0.638,     -0.254,      0.532,     -0.150,    β:       1.000
α:      -0.858,     -0.632,      0.637,     -0.254,      0.534,     -0.150,    β:       1.000
α:      -0.858,     -0.632,      0.637,     -0.253,      0.536,     -0.149,    β:       1.000
α:      -0.857,     -0.632,      0.637,     -0.253,      0.538,     -0.149,    β:       1.000
α:      -0.857,     -0.633,      0.637,     -0.253,      0.539,     -0.148,    β:       1.000
α:      -0.857,     -0.633,      0.637,     -0.253,      0.541,     -0.148,    β:       1.000
α:      -0.857,     -0.633,      0.636,     -0.253,      0.543,     -0.147,    β:       1.000
α:      -0.857,     -0.633,      0.636,     -0.253,      0.545,     -0.147,    β:       1.000
α:      -0.857,     -0.633,      0.636,     -0.253,      0.546,     -0.146,    β:       1.000
α:      -0.857,     -0.633,      0.636,     -0.253,      0.548,     -0.146,    β:       1.000
α:      -0.856,     -0.633,      0.636,     -0.253,      0.550,     -0.145,    β:       1.000
α:      -0.856,     -0.633,      0.636,     -0.253,      0.551,     -0.145,    β:       1.000
α:      -0.856,     -0.634,      0.636,     -0.253,      0.553,     -0.144,    β:       1.000
α:      -0.856,     -0.634,      0.635,     -0.253,      0.555,     -0.144,    β:       1.000
α:      -0.856,     -0.634,      0.635,     -0.253,      0.557,     -0.143,    β:       1.000
α:      -0.856,     -0.634,      0.635,     -0.253,      0.558,     -0.142,    β:       1.000
α:      -0.856,     -0.634,      0.635,     -0.252,      0.560,     -0.142,    β:       1.000
α:      -0.856,     -0.634,      0.635,     -0.252,      0.562,     -0.141,    β:       1.000
α:      -0.855,     -0.634,      0.635,     -0.252,      0.563,     -0.141,    β:       1.000
α:      -0.855,     -0.634,      0.634,     -0.252,      0.565,     -0.140,    β:       1.000
α:      -0.855,     -0.635,      0.634,     -0.252,      0.566,     -0.140,    β:       1.000
α:      -0.855,     -0.635,      0.634,     -0.252,      0.568,     -0.139,    β:       1.000
α:      -0.855,     -0.635,      0.634,     -0.252,      0.570,     -0.139,    β:       1.000
α:      -0.855,     -0.635,      0.634,     -0.252,      0.571,     -0.138,    β:       1.000
α:      -0.854,     -0.635,      0.634,     -0.252,      0.573,     -0.138,    β:       1.000
α:      -0.854,     -0.635,      0.634,     -0.252,      0.575,     -0.137,    β:       1.000
α:      -0.854,     -0.635,      0.634,     -0.252,      0.576,     -0.137,    β:       1.000
α:      -0.854,     -0.635,      0.633,     -0.252,      0.578,     -0.136,    β:       1.000
α:      -0.854,     -0.635,      0.633,     -0.251,      0.579,     -0.136,    β:       1.000
α:      -0.854,     -0.635,      0.633,     -0.251,      0.581,     -0.135,    β:       1.000
α:      -0.853,     -0.635,      0.633,     -0.251,      0.583,     -0.135,    β:       1.000
α:      -0.853,     -0.635,      0.633,     -0.251,      0.584,     -0.134,    β:       1.000
α:      -0.853,     -0.635,      0.632,     -0.251,      0.586,     -0.134,    β:       1.000
α:      -0.853,     -0.636,      0.632,     -0.251,      0.587,     -0.133,    β:       1.000
α:      -0.853,     -0.636,      0.632,     -0.251,      0.589,     -0.133,    β:       1.000
α:      -0.852,     -0.636,      0.632,     -0.251,      0.590,     -0.132,    β:       1.000
α:      -0.852,     -0.636,      0.632,     -0.251,      0.592,     -0.132,    β:       1.000
α:      -0.852,     -0.636,      0.631,     -0.251,      0.593,     -0.131,    β:       1.000
α:      -0.851,     -0.636,      0.631,     -0.251,      0.595,     -0.131,    β:       1.000
α:      -0.851,     -0.636,      0.631,     -0.251,      0.596,     -0.130,    β:       1.000
α:      -0.851,     -0.636,      0.631,     -0.250,      0.598,     -0.130,    β:       1.000
α:      -0.851,     -0.636,      0.631,     -0.250,      0.599,     -0.129,    β:       1.000
α:      -0.851,     -0.636,      0.631,     -0.250,      0.601,     -0.129,    β:       1.000
α:      -0.851,     -0.637,      0.631,     -0.250,      0.602,     -0.128,    β:       1.000
α:      -0.851,     -0.637,      0.631,     -0.250,      0.604,     -0.128,    β:       1.000
α:      -0.851,     -0.637,      0.631,     -0.250,      0.606,     -0.128,    β:       1.000
α:      -0.850,     -0.637,      0.631,     -0.250,      0.607,     -0.127,    β:       1.000
α:      -0.850,     -0.637,      0.631,     -0.250,      0.609,     -0.127,    β:       1.000
α:      -0.850,     -0.638,      0.630,     -0.250,      0.610,     -0.126,    β:       1.000
α:      -0.850,     -0.638,      0.630,     -0.250,      0.611,     -0.126,    β:       1.000
α:      -0.850,     -0.638,      0.630,     -0.250,      0.613,     -0.125,    β:       1.000
α:      -0.849,     -0.638,      0.630,     -0.250,      0.614,     -0.125,    β:       1.000
α:      -0.849,     -0.638,      0.629,     -0.250,      0.616,     -0.124,    β:       1.000
α:      -0.849,     -0.638,      0.629,     -0.250,      0.617,     -0.124,    β:       1.000
α:      -0.849,     -0.638,      0.629,     -0.249,      0.619,     -0.123,    β:       1.000
α:      -0.848,     -0.638,      0.629,     -0.249,      0.620,     -0.123,    β:       1.000
α:      -0.848,     -0.638,      0.629,     -0.249,      0.622,     -0.122,    β:       1.000
α:      -0.848,     -0.638,      0.629,     -0.249,      0.623,     -0.122,    β:       1.000
α:      -0.848,     -0.639,      0.629,     -0.249,      0.624,     -0.121,    β:       1.000
α:      -0.848,     -0.639,      0.628,     -0.249,      0.626,     -0.121,    β:       1.000
α:      -0.848,     -0.639,      0.628,     -0.249,      0.627,     -0.120,    β:       1.000
α:      -0.847,     -0.639,      0.628,     -0.249,      0.629,     -0.120,    β:       1.000
α:      -0.847,     -0.639,      0.628,     -0.249,      0.630,     -0.120,    β:       1.000
α:      -0.847,     -0.639,      0.628,     -0.249,      0.632,     -0.119,    β:       1.000
α:      -0.847,     -0.639,      0.628,     -0.249,      0.633,     -0.119,    β:       1.000
α:      -0.846,     -0.639,      0.628,     -0.249,      0.634,     -0.118,    β:       1.000
α:      -0.846,     -0.639,      0.628,     -0.249,      0.636,     -0.118,    β:       1.000
α:      -0.846,     -0.639,      0.627,     -0.249,      0.637,     -0.117,    β:       1.000
α:      -0.846,     -0.639,      0.627,     -0.249,      0.638,     -0.117,    β:       1.000
α:      -0.846,     -0.639,      0.627,     -0.249,      0.640,     -0.116,    β:       1.000
α:      -0.846,     -0.640,      0.627,     -0.248,      0.641,     -0.116,    β:       1.000
α:      -0.845,     -0.640,      0.627,     -0.248,      0.643,     -0.116,    β:       1.000
α:      -0.845,     -0.640,      0.627,     -0.248,      0.644,     -0.115,    β:       1.000
α:      -0.845,     -0.640,      0.627,     -0.248,      0.645,     -0.115,    β:       1.000
α:      -0.845,     -0.640,      0.626,     -0.248,      0.647,     -0.114,    β:       1.000
α:      -0.845,     -0.640,      0.626,     -0.248,      0.648,     -0.114,    β:       1.000
α:      -0.844,     -0.640,      0.626,     -0.248,      0.649,     -0.113,    β:       1.000
α:      -0.844,     -0.640,      0.626,     -0.248,      0.651,     -0.113,    β:       1.000
α:      -0.844,     -0.640,      0.626,     -0.248,      0.652,     -0.112,    β:       1.000
α:      -0.844,     -0.640,      0.626,     -0.248,      0.653,     -0.112,    β:       1.000
α:      -0.844,     -0.640,      0.626,     -0.248,      0.655,     -0.111,    β:       1.000
α:      -0.844,     -0.641,      0.626,     -0.248,      0.656,     -0.111,    β:       1.000
α:      -0.843,     -0.641,      0.625,     -0.248,      0.657,     -0.111,    β:       1.000
α:      -0.843,     -0.641,      0.625,     -0.248,      0.659,     -0.110,    β:       1.000
α:      -0.843,     -0.641,      0.625,     -0.248,      0.660,     -0.110,    β:       1.000
α:      -0.843,     -0.641,      0.625,     -0.248,      0.661,     -0.109,    β:       1.000
α:      -0.843,     -0.641,      0.625,     -0.247,      0.662,     -0.109,    β:       1.000
α:      -0.843,     -0.641,      0.625,     -0.247,      0.664,     -0.108,    β:       1.000
α:      -0.842,     -0.641,      0.624,     -0.247,      0.665,     -0.108,    β:       1.000
α:      -0.842,     -0.641,      0.624,     -0.247,      0.666,     -0.108,    β:       1.000
α:      -0.842,     -0.641,      0.624,     -0.247,      0.668,     -0.107,    β:       1.000
α:      -0.842,     -0.641,      0.624,     -0.247,      0.669,     -0.107,    β:       1.000
α:      -0.842,     -0.641,      0.624,     -0.247,      0.670,     -0.106,    β:       1.000
α:      -0.841,     -0.641,      0.624,     -0.247,      0.671,     -0.106,    β:       1.000
α:      -0.841,     -0.641,      0.624,     -0.247,      0.673,     -0.105,    β:       1.000
α:      -0.841,     -0.641,      0.624,     -0.247,      0.674,     -0.105,    β:       1.000
α:      -0.841,     -0.641,      0.624,     -0.247,      0.675,     -0.105,    β:       1.000
α:      -0.841,     -0.642,      0.624,     -0.247,      0.676,     -0.104,    β:       1.000
α:      -0.841,     -0.642,      0.624,     -0.247,      0.678,     -0.104,    β:       1.000
α:      -0.840,     -0.642,      0.624,     -0.247,      0.679,     -0.103,    β:       1.000
α:      -0.840,     -0.642,      0.623,     -0.247,      0.680,     -0.103,    β:       1.000
α:      -0.840,     -0.642,      0.623,     -0.247,      0.681,     -0.103,    β:       1.000
α:      -0.840,     -0.642,      0.623,     -0.247,      0.683,     -0.102,    β:       1.000
α:      -0.839,     -0.642,      0.623,     -0.247,      0.684,     -0.102,    β:       1.000
α:      -0.839,     -0.643,      0.623,     -0.247,      0.685,     -0.101,    β:       1.000
α:      -0.839,     -0.643,      0.623,     -0.247,      0.686,     -0.101,    β:       1.000
α:      -0.839,     -0.643,      0.623,     -0.246,      0.688,     -0.101,    β:       1.000
α:      -0.839,     -0.643,      0.623,     -0.246,      0.689,     -0.100,    β:       1.000
α:      -0.838,     -0.643,      0.623,     -0.246,      0.690,     -0.100,    β:       1.000
α:      -0.838,     -0.643,      0.623,     -0.246,      0.691,     -0.100,    β:       1.000
α:      -0.838,     -0.643,      0.622,     -0.246,      0.692,     -0.099,    β:       1.000
α:      -0.838,     -0.643,      0.622,     -0.246,      0.694,     -0.099,    β:       1.000
α:      -0.838,     -0.643,      0.622,     -0.246,      0.695,     -0.098,    β:       1.000
α:      -0.838,     -0.643,      0.622,     -0.246,      0.696,     -0.098,    β:       1.000
α:      -0.837,     -0.643,      0.622,     -0.246,      0.697,     -0.097,    β:       1.000
α:      -0.837,     -0.643,      0.622,     -0.246,      0.698,     -0.097,    β:       1.000
α:      -0.837,     -0.643,      0.621,     -0.246,      0.699,     -0.097,    β:       1.000
α:      -0.837,     -0.643,      0.621,     -0.246,      0.700,     -0.096,    β:       1.000
α:      -0.837,     -0.644,      0.621,     -0.246,      0.702,     -0.096,    β:       1.000
α:      -0.837,     -0.644,      0.621,     -0.246,      0.703,     -0.096,    β:       1.000
α:      -0.837,     -0.644,      0.621,     -0.246,      0.704,     -0.095,    β:       1.000
α:      -0.836,     -0.644,      0.621,     -0.246,      0.705,     -0.095,    β:       1.000
α:      -0.836,     -0.644,      0.621,     -0.246,      0.706,     -0.094,    β:       1.000
α:      -0.836,     -0.644,      0.621,     -0.245,      0.707,     -0.094,    β:       1.000
α:      -0.836,     -0.644,      0.621,     -0.245,      0.709,     -0.094,    β:       1.000
α:      -0.836,     -0.644,      0.621,     -0.245,      0.710,     -0.093,    β:       1.000
α:      -0.836,     -0.644,      0.621,     -0.245,      0.711,     -0.093,    β:       1.000
α:      -0.836,     -0.644,      0.621,     -0.245,      0.712,     -0.093,    β:       1.000
α:      -0.836,     -0.644,      0.620,     -0.245,      0.713,     -0.092,    β:       1.000
α:      -0.835,     -0.644,      0.620,     -0.245,      0.714,     -0.092,    β:       1.000
α:      -0.835,     -0.644,      0.620,     -0.245,      0.715,     -0.092,    β:       1.000
α:      -0.835,     -0.644,      0.620,     -0.245,      0.716,     -0.091,    β:       1.000
α:      -0.835,     -0.645,      0.620,     -0.245,      0.717,     -0.091,    β:       1.000
α:      -0.835,     -0.645,      0.620,     -0.245,      0.719,     -0.090,    β:       1.000
α:      -0.835,     -0.645,      0.620,     -0.245,      0.720,     -0.090,    β:       1.000
α:      -0.834,     -0.645,      0.619,     -0.245,      0.721,     -0.090,    β:       1.000
α:      -0.834,     -0.645,      0.619,     -0.245,      0.722,     -0.089,    β:       1.000
α:      -0.834,     -0.645,      0.619,     -0.245,      0.723,     -0.089,    β:       1.000
α:      -0.834,     -0.645,      0.619,     -0.245,      0.724,     -0.089,    β:       1.000
α:      -0.834,     -0.645,      0.619,     -0.245,      0.725,     -0.088,    β:       1.000
α:      -0.834,     -0.645,      0.619,     -0.245,      0.726,     -0.088,    β:       1.000
α:      -0.833,     -0.645,      0.619,     -0.245,      0.727,     -0.088,    β:       1.000
α:      -0.833,     -0.645,      0.619,     -0.245,      0.728,     -0.087,    β:       1.000
α:      -0.833,     -0.645,      0.619,     -0.245,      0.729,     -0.087,    β:       1.000
α:      -0.833,     -0.645,      0.619,     -0.245,      0.730,     -0.086,    β:       1.000
α:      -0.832,     -0.646,      0.619,     -0.244,      0.731,     -0.086,    β:       1.000
α:      -0.832,     -0.646,      0.618,     -0.244,      0.732,     -0.086,    β:       1.000
α:      -0.832,     -0.646,      0.618,     -0.244,      0.734,     -0.086,    β:       1.000
α:      -0.832,     -0.646,      0.618,     -0.244,      0.735,     -0.085,    β:       1.000
α:      -0.832,     -0.646,      0.618,     -0.244,      0.736,     -0.085,    β:       1.000
α:      -0.832,     -0.646,      0.618,     -0.244,      0.737,     -0.084,    β:       1.000
α:      -0.832,     -0.646,      0.618,     -0.244,      0.738,     -0.084,    β:       1.000
α:      -0.832,     -0.646,      0.618,     -0.244,      0.739,     -0.084,    β:       1.000
α:      -0.832,     -0.646,      0.618,     -0.244,      0.740,     -0.083,    β:       1.000
α:      -0.831,     -0.646,      0.618,     -0.244,      0.741,     -0.083,    β:       1.000
α:      -0.831,     -0.647,      0.618,     -0.244,      0.742,     -0.083,    β:       1.000
α:      -0.831,     -0.647,      0.618,     -0.244,      0.743,     -0.083,    β:       1.000
α:      -0.831,     -0.647,      0.618,     -0.244,      0.744,     -0.082,    β:       1.000
α:      -0.831,     -0.647,      0.618,     -0.244,      0.745,     -0.082,    β:       1.000
α:      -0.831,     -0.647,      0.618,     -0.244,      0.746,     -0.082,    β:       1.000
α:      -0.830,     -0.647,      0.617,     -0.244,      0.747,     -0.081,    β:       1.000
α:      -0.830,     -0.647,      0.617,     -0.244,      0.748,     -0.081,    β:       1.000
α:      -0.830,     -0.647,      0.617,     -0.244,      0.749,     -0.080,    β:       1.000
α:      -0.830,     -0.647,      0.617,     -0.244,      0.750,     -0.080,    β:       1.000
α:      -0.830,     -0.647,      0.617,     -0.244,      0.751,     -0.080,    β:       1.000
α:      -0.830,     -0.647,      0.617,     -0.244,      0.752,     -0.079,    β:       1.000
α:      -0.830,     -0.647,      0.617,     -0.244,      0.753,     -0.079,    β:       1.000
α:      -0.829,     -0.647,      0.617,     -0.243,      0.754,     -0.079,    β:       1.000
α:      -0.829,     -0.647,      0.617,     -0.243,      0.755,     -0.078,    β:       1.000
α:      -0.829,     -0.647,      0.617,     -0.243,      0.756,     -0.078,    β:       1.000
α:      -0.829,     -0.647,      0.616,     -0.243,      0.757,     -0.078,    β:       1.000
α:      -0.829,     -0.647,      0.616,     -0.243,      0.758,     -0.077,    β:       1.000
α:      -0.829,     -0.648,      0.616,     -0.243,      0.759,     -0.077,    β:       1.000
α:      -0.829,     -0.647,      0.616,     -0.243,      0.760,     -0.077,    β:       1.000
α:      -0.828,     -0.647,      0.616,     -0.243,      0.761,     -0.076,    β:       1.000
α:      -0.828,     -0.648,      0.616,     -0.243,      0.761,     -0.076,    β:       1.000
α:      -0.828,     -0.648,      0.616,     -0.243,      0.762,     -0.076,    β:       1.000
α:      -0.828,     -0.648,      0.616,     -0.243,      0.763,     -0.075,    β:       1.000
α:      -0.828,     -0.648,      0.616,     -0.243,      0.764,     -0.075,    β:       1.000
α:      -0.828,     -0.648,      0.616,     -0.243,      0.765,     -0.075,    β:       1.000
α:      -0.828,     -0.648,      0.615,     -0.243,      0.766,     -0.075,    β:       1.000
α:      -0.828,     -0.648,      0.615,     -0.243,      0.767,     -0.074,    β:       1.000
α:      -0.828,     -0.648,      0.615,     -0.243,      0.768,     -0.074,    β:       1.000
α:      -0.827,     -0.648,      0.615,     -0.243,      0.769,     -0.074,    β:       1.000
α:      -0.827,     -0.648,      0.615,     -0.243,      0.770,     -0.073,    β:       1.000
α:      -0.827,     -0.648,      0.615,     -0.243,      0.771,     -0.073,    β:       1.000
α:      -0.827,     -0.648,      0.615,     -0.243,      0.772,     -0.073,    β:       1.000
α:      -0.827,     -0.648,      0.615,     -0.243,      0.773,     -0.072,    β:       1.000
α:      -0.827,     -0.648,      0.615,     -0.243,      0.774,     -0.072,    β:       1.000
α:      -0.827,     -0.648,      0.615,     -0.243,      0.775,     -0.072,    β:       1.000
α:      -0.827,     -0.648,      0.615,     -0.243,      0.776,     -0.071,    β:       1.000
α:      -0.827,     -0.649,      0.615,     -0.243,      0.776,     -0.071,    β:       1.000
α:      -0.827,     -0.649,      0.615,     -0.243,      0.777,     -0.071,    β:       1.000
α:      -0.826,     -0.649,      0.615,     -0.243,      0.778,     -0.071,    β:       1.000
α:      -0.826,     -0.649,      0.615,     -0.243,      0.779,     -0.070,    β:       1.000
α:      -0.826,     -0.649,      0.614,     -0.243,      0.780,     -0.070,    β:       1.000
α:      -0.826,     -0.649,      0.614,     -0.243,      0.781,     -0.070,    β:       1.000
α:      -0.826,     -0.649,      0.614,     -0.243,      0.782,     -0.069,    β:       1.000
α:      -0.826,     -0.649,      0.614,     -0.243,      0.783,     -0.069,    β:       1.000
α:      -0.826,     -0.649,      0.614,     -0.243,      0.783,     -0.069,    β:       1.000
α:      -0.826,     -0.649,      0.614,     -0.243,      0.784,     -0.069,    β:       1.000
α:      -0.826,     -0.649,      0.614,     -0.243,      0.785,     -0.068,    β:       1.000
α:      -0.825,     -0.649,      0.614,     -0.243,      0.786,     -0.068,    β:       1.000
α:      -0.825,     -0.649,      0.614,     -0.243,      0.787,     -0.068,    β:       1.000
α:      -0.825,     -0.650,      0.614,     -0.243,      0.788,     -0.067,    β:       1.000
α:      -0.825,     -0.650,      0.614,     -0.243,      0.789,     -0.067,    β:       1.000
α:      -0.825,     -0.650,      0.614,     -0.242,      0.789,     -0.067,    β:       1.000
α:      -0.825,     -0.650,      0.614,     -0.242,      0.790,     -0.067,    β:       1.000
α:      -0.825,     -0.650,      0.614,     -0.242,      0.791,     -0.066,    β:       1.000
α:      -0.825,     -0.650,      0.613,     -0.242,      0.792,     -0.066,    β:       1.000
α:      -0.825,     -0.650,      0.613,     -0.242,      0.793,     -0.066,    β:       1.000
α:      -0.825,     -0.650,      0.613,     -0.242,      0.794,     -0.065,    β:       1.000
α:      -0.825,     -0.650,      0.613,     -0.242,      0.795,     -0.065,    β:       1.000
α:      -0.825,     -0.650,      0.613,     -0.242,      0.795,     -0.065,    β:       1.000
α:      -0.825,     -0.650,      0.613,     -0.242,      0.796,     -0.065,    β:       1.000
α:      -0.825,     -0.650,      0.613,     -0.242,      0.797,     -0.064,    β:       1.000
α:      -0.825,     -0.650,      0.613,     -0.242,      0.798,     -0.064,    β:       1.000
α:      -0.824,     -0.650,      0.613,     -0.242,      0.799,     -0.064,    β:       1.000
α:      -0.824,     -0.651,      0.613,     -0.242,      0.799,     -0.063,    β:       1.000
α:      -0.824,     -0.651,      0.613,     -0.242,      0.800,     -0.063,    β:       1.000
α:      -0.824,     -0.651,      0.613,     -0.242,      0.801,     -0.063,    β:       1.000
α:      -0.824,     -0.651,      0.613,     -0.242,      0.802,     -0.063,    β:       1.000
α:      -0.824,     -0.651,      0.613,     -0.242,      0.803,     -0.062,    β:       1.000
α:      -0.824,     -0.651,      0.612,     -0.242,      0.804,     -0.062,    β:       1.000
α:      -0.824,     -0.651,      0.612,     -0.242,      0.804,     -0.062,    β:       1.000
α:      -0.824,     -0.651,      0.612,     -0.242,      0.805,     -0.062,    β:       1.000
α:      -0.823,     -0.651,      0.612,     -0.242,      0.806,     -0.061,    β:       1.000
α:      -0.823,     -0.651,      0.612,     -0.242,      0.807,     -0.061,    β:       1.000
α:      -0.823,     -0.651,      0.612,     -0.242,      0.808,     -0.061,    β:       1.000
α:      -0.823,     -0.651,      0.612,     -0.242,      0.808,     -0.061,    β:       1.000
α:      -0.823,     -0.651,      0.612,     -0.242,      0.809,     -0.060,    β:       1.000
α:      -0.823,     -0.651,      0.612,     -0.242,      0.810,     -0.060,    β:       1.000
α:      -0.823,     -0.651,      0.612,     -0.242,      0.811,     -0.060,    β:       1.000
α:      -0.822,     -0.651,      0.612,     -0.242,      0.812,     -0.060,    β:       1.000
α:      -0.822,     -0.651,      0.612,     -0.242,      0.812,     -0.059,    β:       1.000
α:      -0.822,     -0.651,      0.612,     -0.242,      0.813,     -0.059,    β:       1.000
α:      -0.822,     -0.652,      0.612,     -0.242,      0.814,     -0.059,    β:       1.000
α:      -0.822,     -0.652,      0.612,     -0.242,      0.815,     -0.059,    β:       1.000
α:      -0.822,     -0.652,      0.612,     -0.242,      0.815,     -0.058,    β:       1.000
α:      -0.822,     -0.652,      0.611,     -0.242,      0.816,     -0.058,    β:       1.000
α:      -0.822,     -0.652,      0.611,     -0.242,      0.817,     -0.058,    β:       1.000
α:      -0.822,     -0.652,      0.611,     -0.242,      0.818,     -0.057,    β:       1.000
α:      -0.821,     -0.652,      0.611,     -0.242,      0.818,     -0.057,    β:       1.000
α:      -0.821,     -0.652,      0.611,     -0.242,      0.819,     -0.057,    β:       1.000
α:      -0.821,     -0.652,      0.612,     -0.242,      0.820,     -0.057,    β:       1.000
α:      -0.821,     -0.652,      0.611,     -0.242,      0.821,     -0.057,    β:       1.000
α:      -0.821,     -0.652,      0.611,     -0.242,      0.821,     -0.056,    β:       1.000
α:      -0.821,     -0.652,      0.611,     -0.242,      0.822,     -0.056,    β:       1.000
α:      -0.821,     -0.653,      0.611,     -0.242,      0.823,     -0.056,    β:       1.000
α:      -0.821,     -0.653,      0.611,     -0.242,      0.824,     -0.056,    β:       1.000
α:      -0.820,     -0.653,      0.611,     -0.242,      0.824,     -0.055,    β:       1.000
α:      -0.820,     -0.652,      0.611,     -0.242,      0.825,     -0.055,    β:       1.000
α:      -0.820,     -0.652,      0.611,     -0.242,      0.826,     -0.055,    β:       1.000
α:      -0.820,     -0.652,      0.611,     -0.242,      0.827,     -0.055,    β:       1.000
α:      -0.820,     -0.652,      0.611,     -0.241,      0.827,     -0.054,    β:       1.000
α:      -0.820,     -0.653,      0.611,     -0.241,      0.828,     -0.054,    β:       1.000
α:      -0.820,     -0.653,      0.611,     -0.241,      0.829,     -0.054,    β:       1.000
α:      -0.820,     -0.653,      0.611,     -0.241,      0.830,     -0.054,    β:       1.000
α:      -0.819,     -0.653,      0.611,     -0.241,      0.830,     -0.053,    β:       1.000
α:      -0.819,     -0.653,      0.611,     -0.241,      0.831,     -0.053,    β:       1.000
α:      -0.819,     -0.653,      0.611,     -0.241,      0.832,     -0.053,    β:       1.000
α:      -0.819,     -0.653,      0.611,     -0.241,      0.832,     -0.053,    β:       1.000
α:      -0.819,     -0.653,      0.611,     -0.241,      0.833,     -0.052,    β:       1.000
α:      -0.819,     -0.653,      0.611,     -0.241,      0.834,     -0.052,    β:       1.000
α:      -0.819,     -0.653,      0.611,     -0.241,      0.835,     -0.052,    β:       1.000
α:      -0.819,     -0.653,      0.611,     -0.241,      0.835,     -0.052,    β:       1.000
α:      -0.819,     -0.653,      0.611,     -0.241,      0.836,     -0.051,    β:       1.000
α:      -0.819,     -0.653,      0.611,     -0.241,      0.837,     -0.051,    β:       1.000
α:      -0.819,     -0.653,      0.610,     -0.241,      0.837,     -0.051,    β:       1.000
α:      -0.819,     -0.653,      0.610,     -0.241,      0.838,     -0.051,    β:       1.000
α:      -0.819,     -0.653,      0.610,     -0.241,      0.839,     -0.050,    β:       1.000
α:      -0.819,     -0.653,      0.610,     -0.241,      0.839,     -0.050,    β:       1.000
α:      -0.818,     -0.653,      0.610,     -0.241,      0.840,     -0.050,    β:       1.000
α:      -0.818,     -0.653,      0.610,     -0.241,      0.841,     -0.050,    β:       1.000
α:      -0.818,     -0.654,      0.610,     -0.241,      0.841,     -0.050,    β:       1.000
α:      -0.818,     -0.653,      0.609,     -0.241,      0.842,     -0.049,    β:       1.000
α:      -0.818,     -0.653,      0.609,     -0.241,      0.843,     -0.049,    β:       1.000
α:      -0.818,     -0.654,      0.609,     -0.241,      0.843,     -0.049,    β:       1.000
α:      -0.818,     -0.654,      0.609,     -0.241,      0.844,     -0.049,    β:       1.000
α:      -0.818,     -0.653,      0.609,     -0.241,      0.845,     -0.048,    β:       1.000
α:      -0.818,     -0.653,      0.609,     -0.241,      0.845,     -0.048,    β:       1.000
α:      -0.818,     -0.654,      0.609,     -0.241,      0.846,     -0.048,    β:       1.000
α:      -0.817,     -0.654,      0.609,     -0.241,      0.847,     -0.048,    β:       1.000
α:      -0.817,     -0.654,      0.609,     -0.241,      0.847,     -0.047,    β:       1.000
α:      -0.817,     -0.654,      0.609,     -0.241,      0.848,     -0.047,    β:       1.000
α:      -0.817,     -0.653,      0.609,     -0.241,      0.849,     -0.047,    β:       1.000
α:      -0.817,     -0.653,      0.609,     -0.241,      0.849,     -0.047,    β:       1.000
α:      -0.817,     -0.653,      0.609,     -0.241,      0.850,     -0.047,    β:       1.000
α:      -0.817,     -0.653,      0.609,     -0.241,      0.851,     -0.046,    β:       1.000
α:      -0.817,     -0.653,      0.609,     -0.241,      0.851,     -0.046,    β:       1.000
α:      -0.816,     -0.653,      0.609,     -0.241,      0.852,     -0.046,    β:       1.000
α:      -0.816,     -0.653,      0.609,     -0.241,      0.853,     -0.046,    β:       1.000
α:      -0.816,     -0.654,      0.609,     -0.241,      0.853,     -0.046,    β:       1.000
α:      -0.817,     -0.654,      0.609,     -0.241,      0.854,     -0.045,    β:       1.000
α:      -0.816,     -0.654,      0.609,     -0.241,      0.855,     -0.045,    β:       1.000
α:      -0.816,     -0.653,      0.609,     -0.241,      0.855,     -0.045,    β:       1.000
α:      -0.816,     -0.654,      0.609,     -0.241,      0.856,     -0.045,    β:       1.000
α:      -0.816,     -0.654,      0.609,     -0.241,      0.856,     -0.045,    β:       1.000
α:      -0.816,     -0.654,      0.609,     -0.241,      0.857,     -0.044,    β:       1.000
α:      -0.816,     -0.654,      0.609,     -0.241,      0.858,     -0.044,    β:       1.000
α:      -0.816,     -0.654,      0.609,     -0.241,      0.858,     -0.044,    β:       1.000
α:      -0.816,     -0.654,      0.609,     -0.241,      0.859,     -0.044,    β:       1.000
α:      -0.816,     -0.654,      0.608,     -0.241,      0.859,     -0.043,    β:       1.000
α:      -0.816,     -0.654,      0.608,     -0.241,      0.860,     -0.043,    β:       1.000
α:      -0.816,     -0.654,      0.608,     -0.241,      0.861,     -0.043,    β:       1.000
α:      -0.816,     -0.654,      0.608,     -0.241,      0.861,     -0.043,    β:       1.000
α:      -0.815,     -0.654,      0.608,     -0.241,      0.862,     -0.042,    β:       1.000
α:      -0.815,     -0.654,      0.608,     -0.241,      0.862,     -0.042,    β:       1.000
α:      -0.815,     -0.654,      0.608,     -0.241,      0.863,     -0.042,    β:       1.000
α:      -0.815,     -0.654,      0.608,     -0.241,      0.864,     -0.042,    β:       1.000
α:      -0.815,     -0.654,      0.608,     -0.241,      0.864,     -0.042,    β:       1.000
α:      -0.815,     -0.654,      0.608,     -0.241,      0.865,     -0.042,    β:       1.000
α:      -0.815,     -0.654,      0.608,     -0.240,      0.865,     -0.041,    β:       1.000
α:      -0.815,     -0.654,      0.608,     -0.240,      0.866,     -0.041,    β:       1.000
α:      -0.815,     -0.655,      0.608,     -0.240,      0.866,     -0.041,    β:       1.000
α:      -0.815,     -0.655,      0.608,     -0.240,      0.867,     -0.041,    β:       1.000
α:      -0.815,     -0.655,      0.608,     -0.240,      0.868,     -0.041,    β:       1.000
α:      -0.815,     -0.655,      0.608,     -0.240,      0.868,     -0.040,    β:       1.000
α:      -0.814,     -0.655,      0.608,     -0.240,      0.869,     -0.040,    β:       1.000
α:      -0.814,     -0.655,      0.608,     -0.240,      0.869,     -0.040,    β:       1.000
α:      -0.814,     -0.655,      0.608,     -0.240,      0.870,     -0.040,    β:       1.000
α:      -0.814,     -0.655,      0.608,     -0.240,      0.871,     -0.040,    β:       1.000
α:      -0.814,     -0.655,      0.608,     -0.240,      0.871,     -0.039,    β:       1.000
α:      -0.814,     -0.655,      0.608,     -0.241,      0.872,     -0.039,    β:       1.000
α:      -0.814,     -0.655,      0.607,     -0.240,      0.872,     -0.039,    β:       1.000
α:      -0.814,     -0.655,      0.607,     -0.240,      0.873,     -0.039,    β:       1.000
α:      -0.814,     -0.655,      0.608,     -0.241,      0.874,     -0.039,    β:       1.000
α:      -0.814,     -0.656,      0.607,     -0.241,      0.874,     -0.039,    β:       1.000
α:      -0.814,     -0.655,      0.607,     -0.240,      0.875,     -0.038,    β:       1.000
α:      -0.814,     -0.655,      0.607,     -0.240,      0.875,     -0.038,    β:       1.000
α:      -0.814,     -0.656,      0.607,     -0.240,      0.876,     -0.038,    β:       1.000
α:      -0.814,     -0.656,      0.607,     -0.240,      0.876,     -0.038,    β:       1.000
α:      -0.814,     -0.656,      0.607,     -0.240,      0.877,     -0.038,    β:       1.000
α:      -0.813,     -0.656,      0.607,     -0.240,      0.878,     -0.037,    β:       1.000
α:      -0.813,     -0.656,      0.607,     -0.241,      0.878,     -0.037,    β:       1.000
α:      -0.813,     -0.656,      0.607,     -0.240,      0.878,     -0.037,    β:       1.000
α:      -0.813,     -0.656,      0.607,     -0.240,      0.879,     -0.037,    β:       1.000
α:      -0.813,     -0.656,      0.607,     -0.240,      0.880,     -0.036,    β:       1.000
α:      -0.813,     -0.656,      0.607,     -0.240,      0.880,     -0.036,    β:       1.000
α:      -0.813,     -0.656,      0.607,     -0.240,      0.881,     -0.036,    β:       1.000
α:      -0.813,     -0.656,      0.607,     -0.240,      0.881,     -0.036,    β:       1.000
α:      -0.813,     -0.656,      0.607,     -0.240,      0.882,     -0.036,    β:       1.000
α:      -0.813,     -0.656,      0.607,     -0.240,      0.882,     -0.036,    β:       1.000
α:      -0.813,     -0.655,      0.607,     -0.240,      0.883,     -0.035,    β:       1.000
α:      -0.812,     -0.656,      0.606,     -0.240,      0.883,     -0.035,    β:       1.000
α:      -0.812,     -0.656,      0.606,     -0.240,      0.884,     -0.035,    β:       1.000
α:      -0.812,     -0.656,      0.606,     -0.240,      0.884,     -0.035,    β:       1.000
α:      -0.812,     -0.656,      0.606,     -0.240,      0.885,     -0.035,    β:       1.000
α:      -0.812,     -0.656,      0.606,     -0.240,      0.885,     -0.035,    β:       1.000
α:      -0.812,     -0.656,      0.606,     -0.240,      0.886,     -0.034,    β:       1.000
α:      -0.812,     -0.656,      0.606,     -0.240,      0.887,     -0.034,    β:       1.000
α:      -0.812,     -0.656,      0.606,     -0.240,      0.887,     -0.034,    β:       1.000
α:      -0.812,     -0.656,      0.606,     -0.240,      0.888,     -0.034,    β:       1.000
α:      -0.812,     -0.657,      0.606,     -0.240,      0.888,     -0.034,    β:       1.000
α:      -0.812,     -0.657,      0.606,     -0.240,      0.889,     -0.034,    β:       1.000
α:      -0.812,     -0.657,      0.606,     -0.240,      0.889,     -0.033,    β:       1.000
α:      -0.812,     -0.657,      0.606,     -0.240,      0.890,     -0.033,    β:       1.000
α:      -0.812,     -0.657,      0.606,     -0.240,      0.890,     -0.033,    β:       1.000
α:      -0.811,     -0.657,      0.606,     -0.240,      0.891,     -0.033,    β:       1.000
α:      -0.811,     -0.657,      0.606,     -0.240,      0.891,     -0.033,    β:       1.000
α:      -0.811,     -0.657,      0.606,     -0.240,      0.892,     -0.032,    β:       1.000
α:      -0.811,     -0.657,      0.606,     -0.240,      0.892,     -0.032,    β:       1.000
α:      -0.811,     -0.657,      0.606,     -0.240,      0.893,     -0.032,    β:       1.000
α:      -0.811,     -0.657,      0.606,     -0.240,      0.893,     -0.032,    β:       1.000
α:      -0.811,     -0.657,      0.606,     -0.240,      0.894,     -0.032,    β:       1.000
α:      -0.811,     -0.657,      0.606,     -0.240,      0.894,     -0.032,    β:       1.000
α:      -0.811,     -0.657,      0.606,     -0.240,      0.895,     -0.032,    β:       1.000
α:      -0.811,     -0.657,      0.606,     -0.240,      0.895,     -0.031,    β:       1.000
α:      -0.811,     -0.657,      0.606,     -0.240,      0.896,     -0.031,    β:       1.000
α:      -0.811,     -0.657,      0.606,     -0.240,      0.896,     -0.031,    β:       1.000
α:      -0.811,     -0.657,      0.606,     -0.240,      0.897,     -0.031,    β:       1.000
α:      -0.811,     -0.657,      0.606,     -0.240,      0.897,     -0.031,    β:       1.000
α:      -0.811,     -0.657,      0.606,     -0.240,      0.898,     -0.031,    β:       1.000
α:      -0.810,     -0.657,      0.606,     -0.240,      0.898,     -0.030,    β:       1.000
α:      -0.810,     -0.657,      0.606,     -0.240,      0.899,     -0.030,    β:       1.000
α:      -0.810,     -0.657,      0.606,     -0.240,      0.899,     -0.030,    β:       1.000
α:      -0.810,     -0.657,      0.606,     -0.240,      0.900,     -0.030,    β:       1.000
α:      -0.810,     -0.657,      0.605,     -0.241,      0.900,     -0.030,    β:       1.000
α:      -0.810,     -0.657,      0.606,     -0.240,      0.901,     -0.030,    β:       1.000
α:      -0.810,     -0.657,      0.606,     -0.240,      0.901,     -0.030,    β:       1.000
α:      -0.810,     -0.657,      0.606,     -0.240,      0.902,     -0.029,    β:       1.000
α:      -0.810,     -0.657,      0.606,     -0.240,      0.902,     -0.029,    β:       1.000
α:      -0.810,     -0.657,      0.606,     -0.240,      0.903,     -0.029,    β:       1.000
