α0:      0.048,      0.176,      0.750,     -0.663,     -0.222,     -1.187,    β0:      1.000
α:       0.069,      0.123,      0.143,     -0.039,     -0.038,     -0.049,    β:       1.000
α:       0.094,      0.190,      0.228,     -0.062,     -0.061,     -0.079,    β:       1.000
α:       0.104,      0.234,      0.290,     -0.078,     -0.077,     -0.103,    β:       1.000
α:       0.107,      0.267,      0.339,     -0.092,     -0.089,     -0.121,    β:       1.000
α:       0.107,      0.292,      0.380,     -0.103,     -0.100,     -0.138,    β:       1.000
α:       0.106,      0.312,      0.416,     -0.113,     -0.109,     -0.152,    β:       1.000
α:       0.104,      0.328,      0.447,     -0.122,     -0.117,     -0.165,    β:       1.000
α:       0.102,      0.342,      0.474,     -0.131,     -0.124,     -0.176,    β:       1.000
α:       0.101,      0.353,      0.498,     -0.139,     -0.131,     -0.187,    β:       1.000
α:       0.099,      0.363,      0.520,     -0.146,     -0.138,     -0.197,    β:       1.000
α:       0.096,      0.370,      0.541,     -0.153,     -0.143,     -0.206,    β:       1.000
α:       0.094,      0.376,      0.559,     -0.160,     -0.149,     -0.215,    β:       1.000
α:       0.092,      0.382,      0.575,     -0.167,     -0.154,     -0.223,    β:       1.000
α:       0.091,      0.386,      0.591,     -0.173,     -0.159,     -0.231,    β:       1.000
α:       0.089,      0.390,      0.605,     -0.179,     -0.164,     -0.238,    β:       1.000
α:       0.088,      0.393,      0.619,     -0.185,     -0.168,     -0.245,    β:       1.000
α:       0.086,      0.395,      0.631,     -0.190,     -0.173,     -0.252,    β:       1.000
α:       0.085,      0.397,      0.642,     -0.196,     -0.177,     -0.259,    β:       1.000
α:       0.083,      0.399,      0.653,     -0.201,     -0.180,     -0.265,    β:       1.000
α:       0.082,      0.400,      0.663,     -0.206,     -0.184,     -0.271,    β:       1.000
α:       0.081,      0.401,      0.673,     -0.211,     -0.188,     -0.277,    β:       1.000
α:       0.080,      0.401,      0.682,     -0.216,     -0.191,     -0.283,    β:       1.000
α:       0.078,      0.402,      0.690,     -0.221,     -0.194,     -0.288,    β:       1.000
α:       0.077,      0.402,      0.698,     -0.225,     -0.197,     -0.294,    β:       1.000
α:       0.076,      0.402,      0.705,     -0.230,     -0.200,     -0.299,    β:       1.000
α:       0.075,      0.402,      0.712,     -0.234,     -0.203,     -0.304,    β:       1.000
α:       0.074,      0.402,      0.718,     -0.239,     -0.206,     -0.309,    β:       1.000
α:       0.073,      0.402,      0.724,     -0.243,     -0.209,     -0.314,    β:       1.000
α:       0.072,      0.401,      0.730,     -0.247,     -0.212,     -0.319,    β:       1.000
α:       0.071,      0.400,      0.735,     -0.251,     -0.214,     -0.323,    β:       1.000
α:       0.070,      0.400,      0.741,     -0.255,     -0.217,     -0.328,    β:       1.000
α:       0.069,      0.399,      0.745,     -0.259,     -0.219,     -0.332,    β:       1.000
α:       0.068,      0.398,      0.750,     -0.263,     -0.221,     -0.337,    β:       1.000
α:       0.067,      0.397,      0.754,     -0.266,     -0.224,     -0.341,    β:       1.000
α:       0.067,      0.397,      0.758,     -0.270,     -0.226,     -0.345,    β:       1.000
α:       0.066,      0.396,      0.762,     -0.274,     -0.228,     -0.350,    β:       1.000
α:       0.065,      0.395,      0.766,     -0.277,     -0.230,     -0.354,    β:       1.000
α:       0.065,      0.394,      0.769,     -0.281,     -0.232,     -0.358,    β:       1.000
α:       0.064,      0.393,      0.772,     -0.284,     -0.234,     -0.362,    β:       1.000
α:       0.063,      0.392,      0.775,     -0.287,     -0.236,     -0.366,    β:       1.000
α:       0.062,      0.392,      0.778,     -0.291,     -0.238,     -0.370,    β:       1.000
α:       0.062,      0.391,      0.781,     -0.294,     -0.240,     -0.374,    β:       1.000
α:       0.061,      0.390,      0.784,     -0.297,     -0.242,     -0.377,    β:       1.000
α:       0.060,      0.389,      0.786,     -0.300,     -0.244,     -0.381,    β:       1.000
α:       0.059,      0.388,      0.788,     -0.303,     -0.245,     -0.385,    β:       1.000
α:       0.059,      0.387,      0.790,     -0.306,     -0.247,     -0.389,    β:       1.000
α:       0.058,      0.386,      0.792,     -0.309,     -0.249,     -0.392,    β:       1.000
α:       0.057,      0.385,      0.794,     -0.312,     -0.250,     -0.396,    β:       1.000
α:       0.057,      0.384,      0.796,     -0.315,     -0.252,     -0.399,    β:       1.000
α:       0.056,      0.383,      0.797,     -0.318,     -0.254,     -0.403,    β:       1.000
α:       0.055,      0.382,      0.799,     -0.321,     -0.255,     -0.407,    β:       1.000
α:       0.055,      0.382,      0.801,     -0.323,     -0.257,     -0.410,    β:       1.000
α:       0.055,      0.381,      0.802,     -0.326,     -0.258,     -0.413,    β:       1.000
α:       0.054,      0.380,      0.803,     -0.329,     -0.259,     -0.417,    β:       1.000
α:       0.054,      0.379,      0.805,     -0.331,     -0.261,     -0.420,    β:       1.000
α:       0.053,      0.378,      0.806,     -0.334,     -0.262,     -0.424,    β:       1.000
α:       0.052,      0.377,      0.807,     -0.336,     -0.264,     -0.427,    β:       1.000
α:       0.052,      0.376,      0.808,     -0.339,     -0.265,     -0.430,    β:       1.000
α:       0.051,      0.375,      0.809,     -0.341,     -0.266,     -0.434,    β:       1.000
α:       0.051,      0.375,      0.810,     -0.343,     -0.268,     -0.437,    β:       1.000
α:       0.051,      0.374,      0.811,     -0.346,     -0.269,     -0.440,    β:       1.000
α:       0.050,      0.373,      0.812,     -0.348,     -0.270,     -0.443,    β:       1.000
α:       0.049,      0.372,      0.813,     -0.350,     -0.271,     -0.446,    β:       1.000
α:       0.049,      0.371,      0.813,     -0.353,     -0.272,     -0.450,    β:       1.000
α:       0.049,      0.371,      0.814,     -0.355,     -0.274,     -0.453,    β:       1.000
α:       0.048,      0.370,      0.815,     -0.357,     -0.275,     -0.456,    β:       1.000
α:       0.048,      0.369,      0.815,     -0.359,     -0.276,     -0.459,    β:       1.000
α:       0.047,      0.368,      0.815,     -0.361,     -0.277,     -0.462,    β:       1.000
α:       0.047,      0.367,      0.816,     -0.364,     -0.278,     -0.465,    β:       1.000
α:       0.047,      0.367,      0.817,     -0.366,     -0.279,     -0.468,    β:       1.000
α:       0.047,      0.366,      0.817,     -0.368,     -0.280,     -0.471,    β:       1.000
α:       0.046,      0.365,      0.817,     -0.370,     -0.281,     -0.474,    β:       1.000
α:       0.045,      0.365,      0.818,     -0.372,     -0.282,     -0.476,    β:       1.000
α:       0.045,      0.364,      0.818,     -0.373,     -0.283,     -0.479,    β:       1.000
α:       0.045,      0.363,      0.818,     -0.375,     -0.284,     -0.482,    β:       1.000
α:       0.044,      0.362,      0.818,     -0.377,     -0.285,     -0.485,    β:       1.000
α:       0.044,      0.361,      0.818,     -0.379,     -0.286,     -0.488,    β:       1.000
α:       0.043,      0.361,      0.819,     -0.381,     -0.287,     -0.491,    β:       1.000
α:       0.043,      0.360,      0.819,     -0.383,     -0.288,     -0.494,    β:       1.000
α:       0.042,      0.360,      0.819,     -0.384,     -0.289,     -0.496,    β:       1.000
α:       0.042,      0.359,      0.819,     -0.386,     -0.290,     -0.499,    β:       1.000
α:       0.042,      0.358,      0.819,     -0.388,     -0.291,     -0.502,    β:       1.000
α:       0.042,      0.358,      0.819,     -0.390,     -0.292,     -0.505,    β:       1.000
α:       0.041,      0.358,      0.819,     -0.391,     -0.293,     -0.507,    β:       1.000
α:       0.041,      0.357,      0.819,     -0.393,     -0.294,     -0.510,    β:       1.000
α:       0.041,      0.356,      0.819,     -0.394,     -0.295,     -0.513,    β:       1.000
α:       0.040,      0.355,      0.819,     -0.396,     -0.296,     -0.515,    β:       1.000
α:       0.040,      0.355,      0.819,     -0.398,     -0.296,     -0.518,    β:       1.000
α:       0.040,      0.354,      0.819,     -0.399,     -0.297,     -0.521,    β:       1.000
α:       0.040,      0.353,      0.819,     -0.401,     -0.298,     -0.523,    β:       1.000
α:       0.040,      0.353,      0.819,     -0.402,     -0.299,     -0.526,    β:       1.000
α:       0.040,      0.352,      0.819,     -0.404,     -0.300,     -0.528,    β:       1.000
α:       0.039,      0.352,      0.819,     -0.405,     -0.300,     -0.531,    β:       1.000
α:       0.038,      0.351,      0.818,     -0.406,     -0.301,     -0.533,    β:       1.000
α:       0.038,      0.351,      0.818,     -0.408,     -0.302,     -0.536,    β:       1.000
α:       0.038,      0.350,      0.818,     -0.409,     -0.303,     -0.539,    β:       1.000
α:       0.038,      0.350,      0.818,     -0.410,     -0.303,     -0.541,    β:       1.000
α:       0.038,      0.349,      0.818,     -0.412,     -0.304,     -0.544,    β:       1.000
α:       0.038,      0.349,      0.817,     -0.413,     -0.305,     -0.546,    β:       1.000
α:       0.037,      0.348,      0.817,     -0.414,     -0.306,     -0.549,    β:       1.000
α:       0.037,      0.348,      0.817,     -0.416,     -0.306,     -0.551,    β:       1.000
α:       0.037,      0.347,      0.817,     -0.417,     -0.307,     -0.554,    β:       1.000
α:       0.036,      0.347,      0.817,     -0.418,     -0.308,     -0.556,    β:       1.000
α:       0.036,      0.347,      0.816,     -0.419,     -0.308,     -0.558,    β:       1.000
α:       0.036,      0.346,      0.816,     -0.421,     -0.309,     -0.561,    β:       1.000
α:       0.036,      0.346,      0.816,     -0.422,     -0.310,     -0.563,    β:       1.000
α:       0.035,      0.345,      0.816,     -0.423,     -0.310,     -0.565,    β:       1.000
α:       0.035,      0.344,      0.815,     -0.424,     -0.311,     -0.568,    β:       1.000
α:       0.035,      0.344,      0.815,     -0.425,     -0.312,     -0.570,    β:       1.000
α:       0.035,      0.344,      0.815,     -0.426,     -0.312,     -0.573,    β:       1.000
α:       0.035,      0.343,      0.814,     -0.427,     -0.313,     -0.575,    β:       1.000
α:       0.035,      0.342,      0.814,     -0.428,     -0.314,     -0.577,    β:       1.000
α:       0.034,      0.342,      0.814,     -0.430,     -0.314,     -0.579,    β:       1.000
α:       0.034,      0.341,      0.813,     -0.430,     -0.315,     -0.582,    β:       1.000
α:       0.034,      0.341,      0.813,     -0.432,     -0.316,     -0.584,    β:       1.000
α:       0.033,      0.340,      0.813,     -0.433,     -0.316,     -0.586,    β:       1.000
α:       0.033,      0.340,      0.813,     -0.434,     -0.317,     -0.588,    β:       1.000
α:       0.033,      0.340,      0.812,     -0.434,     -0.317,     -0.591,    β:       1.000
α:       0.033,      0.339,      0.812,     -0.436,     -0.318,     -0.593,    β:       1.000
α:       0.033,      0.339,      0.812,     -0.437,     -0.319,     -0.595,    β:       1.000
α:       0.033,      0.339,      0.811,     -0.438,     -0.319,     -0.597,    β:       1.000
α:       0.032,      0.338,      0.811,     -0.438,     -0.320,     -0.599,    β:       1.000
α:       0.032,      0.338,      0.811,     -0.439,     -0.320,     -0.602,    β:       1.000
α:       0.032,      0.337,      0.810,     -0.440,     -0.321,     -0.604,    β:       1.000
α:       0.032,      0.337,      0.810,     -0.441,     -0.321,     -0.606,    β:       1.000
α:       0.032,      0.336,      0.810,     -0.442,     -0.322,     -0.608,    β:       1.000
α:       0.031,      0.336,      0.809,     -0.443,     -0.322,     -0.610,    β:       1.000
α:       0.031,      0.336,      0.809,     -0.444,     -0.323,     -0.612,    β:       1.000
α:       0.031,      0.335,      0.809,     -0.445,     -0.324,     -0.615,    β:       1.000
α:       0.031,      0.335,      0.809,     -0.446,     -0.324,     -0.617,    β:       1.000
α:       0.031,      0.334,      0.808,     -0.446,     -0.325,     -0.619,    β:       1.000
α:       0.030,      0.333,      0.808,     -0.447,     -0.325,     -0.621,    β:       1.000
α:       0.030,      0.333,      0.808,     -0.448,     -0.326,     -0.623,    β:       1.000
α:       0.030,      0.333,      0.807,     -0.449,     -0.326,     -0.625,    β:       1.000
α:       0.030,      0.332,      0.807,     -0.450,     -0.327,     -0.627,    β:       1.000
α:       0.030,      0.332,      0.807,     -0.450,     -0.327,     -0.629,    β:       1.000
α:       0.030,      0.332,      0.806,     -0.451,     -0.328,     -0.631,    β:       1.000
α:       0.029,      0.331,      0.806,     -0.452,     -0.328,     -0.633,    β:       1.000
α:       0.029,      0.331,      0.806,     -0.453,     -0.329,     -0.635,    β:       1.000
α:       0.029,      0.331,      0.805,     -0.453,     -0.329,     -0.637,    β:       1.000
α:       0.029,      0.330,      0.805,     -0.454,     -0.330,     -0.639,    β:       1.000
α:       0.029,      0.330,      0.805,     -0.455,     -0.330,     -0.641,    β:       1.000
α:       0.029,      0.330,      0.804,     -0.456,     -0.331,     -0.643,    β:       1.000
α:       0.029,      0.329,      0.804,     -0.456,     -0.331,     -0.645,    β:       1.000
α:       0.029,      0.329,      0.804,     -0.457,     -0.332,     -0.647,    β:       1.000
α:       0.029,      0.329,      0.803,     -0.458,     -0.332,     -0.649,    β:       1.000
α:       0.028,      0.329,      0.803,     -0.458,     -0.333,     -0.651,    β:       1.000
α:       0.028,      0.328,      0.803,     -0.459,     -0.333,     -0.653,    β:       1.000
α:       0.028,      0.328,      0.802,     -0.460,     -0.334,     -0.655,    β:       1.000
α:       0.028,      0.328,      0.802,     -0.460,     -0.334,     -0.656,    β:       1.000
α:       0.028,      0.327,      0.802,     -0.461,     -0.335,     -0.658,    β:       1.000
α:       0.028,      0.327,      0.801,     -0.461,     -0.335,     -0.660,    β:       1.000
α:       0.028,      0.326,      0.801,     -0.462,     -0.335,     -0.662,    β:       1.000
α:       0.028,      0.326,      0.801,     -0.463,     -0.336,     -0.664,    β:       1.000
α:       0.027,      0.326,      0.800,     -0.463,     -0.336,     -0.666,    β:       1.000
α:       0.027,      0.325,      0.800,     -0.464,     -0.337,     -0.667,    β:       1.000
α:       0.027,      0.325,      0.800,     -0.464,     -0.337,     -0.669,    β:       1.000
α:       0.027,      0.325,      0.799,     -0.465,     -0.337,     -0.671,    β:       1.000
α:       0.027,      0.324,      0.799,     -0.466,     -0.338,     -0.673,    β:       1.000
α:       0.027,      0.324,      0.799,     -0.466,     -0.338,     -0.675,    β:       1.000
α:       0.026,      0.324,      0.798,     -0.467,     -0.339,     -0.677,    β:       1.000
α:       0.026,      0.324,      0.798,     -0.467,     -0.339,     -0.678,    β:       1.000
α:       0.026,      0.323,      0.798,     -0.468,     -0.340,     -0.680,    β:       1.000
α:       0.026,      0.323,      0.798,     -0.468,     -0.340,     -0.682,    β:       1.000
α:       0.026,      0.323,      0.798,     -0.469,     -0.340,     -0.684,    β:       1.000
α:       0.025,      0.322,      0.797,     -0.469,     -0.341,     -0.685,    β:       1.000
α:       0.025,      0.322,      0.797,     -0.470,     -0.341,     -0.687,    β:       1.000
α:       0.025,      0.322,      0.797,     -0.470,     -0.341,     -0.689,    β:       1.000
α:       0.025,      0.322,      0.796,     -0.471,     -0.342,     -0.691,    β:       1.000
α:       0.025,      0.321,      0.796,     -0.471,     -0.342,     -0.692,    β:       1.000
α:       0.025,      0.321,      0.796,     -0.472,     -0.343,     -0.694,    β:       1.000
α:       0.025,      0.321,      0.795,     -0.472,     -0.343,     -0.696,    β:       1.000
α:       0.025,      0.320,      0.795,     -0.473,     -0.343,     -0.698,    β:       1.000
α:       0.025,      0.320,      0.794,     -0.473,     -0.344,     -0.699,    β:       1.000
α:       0.025,      0.320,      0.794,     -0.474,     -0.344,     -0.701,    β:       1.000
α:       0.024,      0.319,      0.794,     -0.474,     -0.344,     -0.702,    β:       1.000
α:       0.024,      0.319,      0.794,     -0.475,     -0.345,     -0.704,    β:       1.000
α:       0.024,      0.319,      0.793,     -0.475,     -0.345,     -0.706,    β:       1.000
α:       0.024,      0.319,      0.793,     -0.476,     -0.345,     -0.707,    β:       1.000
α:       0.025,      0.318,      0.793,     -0.476,     -0.346,     -0.709,    β:       1.000
α:       0.024,      0.318,      0.792,     -0.476,     -0.346,     -0.711,    β:       1.000
α:       0.024,      0.318,      0.792,     -0.477,     -0.347,     -0.712,    β:       1.000
α:       0.024,      0.318,      0.792,     -0.477,     -0.347,     -0.714,    β:       1.000
α:       0.024,      0.318,      0.792,     -0.478,     -0.347,     -0.716,    β:       1.000
α:       0.024,      0.317,      0.791,     -0.478,     -0.348,     -0.717,    β:       1.000
α:       0.024,      0.317,      0.791,     -0.478,     -0.348,     -0.719,    β:       1.000
α:       0.023,      0.317,      0.791,     -0.479,     -0.348,     -0.720,    β:       1.000
α:       0.023,      0.317,      0.791,     -0.479,     -0.349,     -0.722,    β:       1.000
α:       0.023,      0.317,      0.791,     -0.479,     -0.349,     -0.723,    β:       1.000
α:       0.023,      0.316,      0.790,     -0.480,     -0.349,     -0.725,    β:       1.000
α:       0.023,      0.316,      0.790,     -0.480,     -0.350,     -0.727,    β:       1.000
α:       0.023,      0.316,      0.790,     -0.481,     -0.350,     -0.728,    β:       1.000
α:       0.023,      0.315,      0.790,     -0.481,     -0.350,     -0.730,    β:       1.000
α:       0.023,      0.315,      0.789,     -0.481,     -0.351,     -0.731,    β:       1.000
α:       0.023,      0.315,      0.789,     -0.482,     -0.351,     -0.733,    β:       1.000
α:       0.023,      0.315,      0.789,     -0.482,     -0.351,     -0.734,    β:       1.000
α:       0.023,      0.314,      0.788,     -0.482,     -0.352,     -0.736,    β:       1.000
α:       0.023,      0.314,      0.788,     -0.483,     -0.352,     -0.737,    β:       1.000
α:       0.023,      0.314,      0.788,     -0.483,     -0.352,     -0.739,    β:       1.000
α:       0.023,      0.313,      0.788,     -0.483,     -0.353,     -0.740,    β:       1.000
α:       0.022,      0.313,      0.787,     -0.484,     -0.353,     -0.741,    β:       1.000
α:       0.022,      0.313,      0.787,     -0.484,     -0.353,     -0.743,    β:       1.000
α:       0.023,      0.313,      0.787,     -0.484,     -0.354,     -0.744,    β:       1.000
α:       0.022,      0.312,      0.787,     -0.485,     -0.354,     -0.746,    β:       1.000
α:       0.022,      0.312,      0.786,     -0.485,     -0.354,     -0.747,    β:       1.000
α:       0.022,      0.312,      0.786,     -0.485,     -0.355,     -0.749,    β:       1.000
α:       0.022,      0.312,      0.786,     -0.485,     -0.355,     -0.750,    β:       1.000
α:       0.022,      0.312,      0.786,     -0.486,     -0.355,     -0.752,    β:       1.000
α:       0.022,      0.311,      0.786,     -0.486,     -0.356,     -0.753,    β:       1.000
α:       0.022,      0.311,      0.785,     -0.486,     -0.356,     -0.754,    β:       1.000
α:       0.021,      0.311,      0.785,     -0.487,     -0.356,     -0.756,    β:       1.000
α:       0.021,      0.311,      0.785,     -0.487,     -0.356,     -0.757,    β:       1.000
α:       0.021,      0.310,      0.785,     -0.487,     -0.357,     -0.759,    β:       1.000
α:       0.021,      0.310,      0.785,     -0.487,     -0.357,     -0.760,    β:       1.000
α:       0.021,      0.310,      0.784,     -0.488,     -0.357,     -0.761,    β:       1.000
α:       0.021,      0.310,      0.784,     -0.488,     -0.358,     -0.763,    β:       1.000
α:       0.021,      0.310,      0.784,     -0.488,     -0.358,     -0.764,    β:       1.000
α:       0.021,      0.310,      0.784,     -0.489,     -0.358,     -0.765,    β:       1.000
α:       0.020,      0.309,      0.783,     -0.489,     -0.358,     -0.767,    β:       1.000
α:       0.020,      0.309,      0.783,     -0.489,     -0.359,     -0.768,    β:       1.000
α:       0.021,      0.309,      0.783,     -0.489,     -0.359,     -0.769,    β:       1.000
α:       0.021,      0.309,      0.783,     -0.490,     -0.359,     -0.771,    β:       1.000
α:       0.021,      0.308,      0.782,     -0.490,     -0.360,     -0.772,    β:       1.000
α:       0.020,      0.308,      0.782,     -0.490,     -0.360,     -0.773,    β:       1.000
α:       0.021,      0.308,      0.782,     -0.490,     -0.360,     -0.775,    β:       1.000
α:       0.021,      0.307,      0.782,     -0.491,     -0.361,     -0.776,    β:       1.000
α:       0.020,      0.307,      0.781,     -0.491,     -0.361,     -0.777,    β:       1.000
α:       0.020,      0.307,      0.781,     -0.491,     -0.361,     -0.779,    β:       1.000
α:       0.021,      0.307,      0.781,     -0.491,     -0.361,     -0.780,    β:       1.000
α:       0.020,      0.307,      0.781,     -0.492,     -0.362,     -0.781,    β:       1.000
α:       0.020,      0.306,      0.781,     -0.492,     -0.362,     -0.782,    β:       1.000
α:       0.020,      0.306,      0.780,     -0.492,     -0.362,     -0.784,    β:       1.000
α:       0.020,      0.306,      0.780,     -0.492,     -0.362,     -0.785,    β:       1.000
α:       0.019,      0.306,      0.780,     -0.493,     -0.362,     -0.786,    β:       1.000
α:       0.019,      0.306,      0.780,     -0.493,     -0.363,     -0.787,    β:       1.000
α:       0.019,      0.305,      0.780,     -0.493,     -0.363,     -0.789,    β:       1.000
α:       0.020,      0.305,      0.779,     -0.493,     -0.363,     -0.790,    β:       1.000
α:       0.020,      0.305,      0.779,     -0.493,     -0.364,     -0.791,    β:       1.000
α:       0.019,      0.305,      0.779,     -0.494,     -0.364,     -0.792,    β:       1.000
α:       0.019,      0.305,      0.779,     -0.494,     -0.364,     -0.794,    β:       1.000
α:       0.020,      0.305,      0.778,     -0.494,     -0.364,     -0.795,    β:       1.000
α:       0.020,      0.305,      0.778,     -0.494,     -0.365,     -0.796,    β:       1.000
α:       0.020,      0.304,      0.778,     -0.494,     -0.365,     -0.797,    β:       1.000
α:       0.020,      0.304,      0.778,     -0.494,     -0.365,     -0.798,    β:       1.000
α:       0.020,      0.304,      0.778,     -0.495,     -0.365,     -0.800,    β:       1.000
α:       0.020,      0.304,      0.778,     -0.495,     -0.366,     -0.801,    β:       1.000
α:       0.020,      0.303,      0.777,     -0.495,     -0.366,     -0.802,    β:       1.000
α:       0.020,      0.303,      0.777,     -0.495,     -0.366,     -0.803,    β:       1.000
α:       0.019,      0.303,      0.777,     -0.495,     -0.366,     -0.804,    β:       1.000
α:       0.019,      0.303,      0.777,     -0.496,     -0.366,     -0.805,    β:       1.000
α:       0.019,      0.302,      0.777,     -0.496,     -0.367,     -0.807,    β:       1.000
α:       0.019,      0.302,      0.777,     -0.496,     -0.367,     -0.808,    β:       1.000
α:       0.019,      0.302,      0.776,     -0.496,     -0.367,     -0.809,    β:       1.000
α:       0.019,      0.302,      0.776,     -0.496,     -0.367,     -0.810,    β:       1.000
α:       0.019,      0.302,      0.776,     -0.497,     -0.368,     -0.811,    β:       1.000
α:       0.018,      0.302,      0.776,     -0.497,     -0.368,     -0.812,    β:       1.000
α:       0.018,      0.302,      0.775,     -0.497,     -0.368,     -0.814,    β:       1.000
α:       0.018,      0.302,      0.775,     -0.497,     -0.368,     -0.815,    β:       1.000
α:       0.018,      0.302,      0.775,     -0.497,     -0.368,     -0.816,    β:       1.000
α:       0.019,      0.302,      0.775,     -0.497,     -0.369,     -0.817,    β:       1.000
α:       0.019,      0.302,      0.775,     -0.497,     -0.369,     -0.818,    β:       1.000
α:       0.019,      0.301,      0.775,     -0.498,     -0.369,     -0.819,    β:       1.000
α:       0.019,      0.301,      0.774,     -0.498,     -0.369,     -0.820,    β:       1.000
α:       0.018,      0.301,      0.774,     -0.498,     -0.369,     -0.821,    β:       1.000
α:       0.019,      0.301,      0.774,     -0.498,     -0.370,     -0.822,    β:       1.000
α:       0.018,      0.301,      0.774,     -0.498,     -0.370,     -0.823,    β:       1.000
α:       0.018,      0.301,      0.774,     -0.498,     -0.370,     -0.825,    β:       1.000
α:       0.018,      0.301,      0.774,     -0.498,     -0.370,     -0.826,    β:       1.000
α:       0.018,      0.300,      0.773,     -0.498,     -0.370,     -0.827,    β:       1.000
α:       0.018,      0.300,      0.773,     -0.499,     -0.371,     -0.828,    β:       1.000
α:       0.018,      0.300,      0.773,     -0.499,     -0.371,     -0.829,    β:       1.000
α:       0.018,      0.300,      0.773,     -0.499,     -0.371,     -0.830,    β:       1.000
α:       0.018,      0.300,      0.773,     -0.499,     -0.371,     -0.831,    β:       1.000
α:       0.018,      0.299,      0.772,     -0.499,     -0.371,     -0.832,    β:       1.000
α:       0.018,      0.299,      0.772,     -0.499,     -0.372,     -0.833,    β:       1.000
α:       0.018,      0.299,      0.772,     -0.500,     -0.372,     -0.834,    β:       1.000
α:       0.018,      0.299,      0.772,     -0.500,     -0.372,     -0.835,    β:       1.000
α:       0.018,      0.299,      0.772,     -0.500,     -0.372,     -0.836,    β:       1.000
α:       0.017,      0.299,      0.771,     -0.500,     -0.372,     -0.837,    β:       1.000
α:       0.018,      0.299,      0.771,     -0.500,     -0.373,     -0.838,    β:       1.000
α:       0.018,      0.298,      0.771,     -0.500,     -0.373,     -0.839,    β:       1.000
α:       0.018,      0.298,      0.771,     -0.500,     -0.373,     -0.840,    β:       1.000
α:       0.017,      0.298,      0.771,     -0.500,     -0.373,     -0.841,    β:       1.000
α:       0.018,      0.298,      0.771,     -0.501,     -0.373,     -0.842,    β:       1.000
α:       0.018,      0.298,      0.771,     -0.501,     -0.374,     -0.843,    β:       1.000
α:       0.018,      0.298,      0.770,     -0.501,     -0.374,     -0.844,    β:       1.000
α:       0.017,      0.297,      0.770,     -0.501,     -0.374,     -0.845,    β:       1.000
α:       0.017,      0.297,      0.770,     -0.501,     -0.374,     -0.846,    β:       1.000
α:       0.017,      0.297,      0.770,     -0.501,     -0.374,     -0.847,    β:       1.000
α:       0.017,      0.297,      0.770,     -0.501,     -0.374,     -0.848,    β:       1.000
α:       0.017,      0.297,      0.769,     -0.502,     -0.375,     -0.849,    β:       1.000
α:       0.017,      0.297,      0.769,     -0.502,     -0.375,     -0.850,    β:       1.000
α:       0.017,      0.297,      0.769,     -0.502,     -0.375,     -0.851,    β:       1.000
α:       0.018,      0.296,      0.769,     -0.502,     -0.375,     -0.852,    β:       1.000
α:       0.018,      0.296,      0.769,     -0.502,     -0.375,     -0.853,    β:       1.000
α:       0.018,      0.296,      0.769,     -0.502,     -0.375,     -0.854,    β:       1.000
α:       0.017,      0.296,      0.769,     -0.502,     -0.376,     -0.855,    β:       1.000
α:       0.017,      0.296,      0.769,     -0.502,     -0.376,     -0.856,    β:       1.000
α:       0.017,      0.296,      0.768,     -0.502,     -0.376,     -0.856,    β:       1.000
α:       0.017,      0.295,      0.768,     -0.503,     -0.376,     -0.857,    β:       1.000
α:       0.017,      0.295,      0.768,     -0.503,     -0.376,     -0.858,    β:       1.000
α:       0.017,      0.295,      0.768,     -0.503,     -0.376,     -0.859,    β:       1.000
α:       0.017,      0.295,      0.768,     -0.503,     -0.377,     -0.860,    β:       1.000
α:       0.016,      0.295,      0.767,     -0.503,     -0.377,     -0.861,    β:       1.000
α:       0.016,      0.295,      0.767,     -0.503,     -0.377,     -0.862,    β:       1.000
α:       0.017,      0.295,      0.767,     -0.503,     -0.377,     -0.863,    β:       1.000
α:       0.017,      0.295,      0.767,     -0.503,     -0.377,     -0.864,    β:       1.000
α:       0.017,      0.295,      0.767,     -0.503,     -0.377,     -0.865,    β:       1.000
α:       0.017,      0.295,      0.767,     -0.503,     -0.377,     -0.865,    β:       1.000
α:       0.017,      0.295,      0.767,     -0.503,     -0.378,     -0.866,    β:       1.000
α:       0.017,      0.294,      0.766,     -0.503,     -0.378,     -0.867,    β:       1.000
α:       0.017,      0.294,      0.766,     -0.503,     -0.378,     -0.868,    β:       1.000
α:       0.017,      0.294,      0.766,     -0.504,     -0.378,     -0.869,    β:       1.000
α:       0.016,      0.294,      0.766,     -0.504,     -0.378,     -0.870,    β:       1.000
α:       0.016,      0.294,      0.766,     -0.504,     -0.378,     -0.871,    β:       1.000
α:       0.016,      0.294,      0.766,     -0.504,     -0.378,     -0.871,    β:       1.000
α:       0.016,      0.294,      0.766,     -0.504,     -0.378,     -0.872,    β:       1.000
α:       0.017,      0.294,      0.766,     -0.504,     -0.379,     -0.873,    β:       1.000
α:       0.017,      0.294,      0.765,     -0.504,     -0.379,     -0.874,    β:       1.000
α:       0.017,      0.294,      0.765,     -0.504,     -0.379,     -0.875,    β:       1.000
α:       0.017,      0.294,      0.765,     -0.504,     -0.379,     -0.876,    β:       1.000
α:       0.016,      0.294,      0.765,     -0.504,     -0.380,     -0.877,    β:       1.000
α:       0.016,      0.293,      0.765,     -0.504,     -0.380,     -0.877,    β:       1.000
α:       0.016,      0.293,      0.765,     -0.505,     -0.380,     -0.878,    β:       1.000
α:       0.016,      0.293,      0.765,     -0.505,     -0.380,     -0.879,    β:       1.000
α:       0.016,      0.293,      0.765,     -0.505,     -0.380,     -0.880,    β:       1.000
α:       0.016,      0.293,      0.765,     -0.505,     -0.380,     -0.881,    β:       1.000
α:       0.016,      0.292,      0.765,     -0.505,     -0.380,     -0.882,    β:       1.000
α:       0.016,      0.292,      0.764,     -0.505,     -0.381,     -0.882,    β:       1.000
α:       0.016,      0.292,      0.764,     -0.505,     -0.381,     -0.883,    β:       1.000
α:       0.016,      0.292,      0.764,     -0.505,     -0.381,     -0.884,    β:       1.000
α:       0.016,      0.292,      0.764,     -0.505,     -0.381,     -0.885,    β:       1.000
α:       0.016,      0.292,      0.764,     -0.505,     -0.381,     -0.886,    β:       1.000
α:       0.016,      0.291,      0.764,     -0.506,     -0.381,     -0.886,    β:       1.000
α:       0.016,      0.292,      0.764,     -0.506,     -0.382,     -0.887,    β:       1.000
α:       0.016,      0.291,      0.764,     -0.506,     -0.382,     -0.888,    β:       1.000
α:       0.016,      0.291,      0.764,     -0.506,     -0.382,     -0.889,    β:       1.000
α:       0.016,      0.291,      0.764,     -0.506,     -0.382,     -0.889,    β:       1.000
α:       0.015,      0.291,      0.763,     -0.506,     -0.382,     -0.890,    β:       1.000
α:       0.016,      0.291,      0.763,     -0.506,     -0.382,     -0.891,    β:       1.000
α:       0.016,      0.291,      0.763,     -0.506,     -0.383,     -0.892,    β:       1.000
α:       0.016,      0.291,      0.763,     -0.506,     -0.383,     -0.893,    β:       1.000
α:       0.015,      0.291,      0.763,     -0.506,     -0.383,     -0.893,    β:       1.000
α:       0.016,      0.291,      0.763,     -0.506,     -0.383,     -0.894,    β:       1.000
α:       0.015,      0.290,      0.763,     -0.506,     -0.383,     -0.895,    β:       1.000
α:       0.016,      0.290,      0.763,     -0.506,     -0.383,     -0.895,    β:       1.000
α:       0.016,      0.291,      0.762,     -0.506,     -0.383,     -0.896,    β:       1.000
α:       0.016,      0.291,      0.762,     -0.506,     -0.383,     -0.897,    β:       1.000
α:       0.016,      0.291,      0.762,     -0.506,     -0.383,     -0.898,    β:       1.000
α:       0.015,      0.291,      0.762,     -0.506,     -0.383,     -0.898,    β:       1.000
α:       0.015,      0.290,      0.762,     -0.506,     -0.384,     -0.899,    β:       1.000
α:       0.015,      0.290,      0.762,     -0.506,     -0.384,     -0.900,    β:       1.000
α:       0.016,      0.290,      0.762,     -0.507,     -0.384,     -0.900,    β:       1.000
α:       0.016,      0.290,      0.762,     -0.507,     -0.384,     -0.901,    β:       1.000
α:       0.016,      0.290,      0.762,     -0.507,     -0.384,     -0.902,    β:       1.000
α:       0.015,      0.290,      0.762,     -0.507,     -0.384,     -0.903,    β:       1.000
α:       0.015,      0.290,      0.761,     -0.507,     -0.384,     -0.903,    β:       1.000
α:       0.016,      0.290,      0.761,     -0.507,     -0.385,     -0.904,    β:       1.000
α:       0.015,      0.290,      0.761,     -0.507,     -0.384,     -0.905,    β:       1.000
α:       0.015,      0.290,      0.761,     -0.507,     -0.385,     -0.905,    β:       1.000
α:       0.015,      0.290,      0.761,     -0.507,     -0.385,     -0.906,    β:       1.000
α:       0.015,      0.289,      0.761,     -0.507,     -0.385,     -0.907,    β:       1.000
α:       0.015,      0.289,      0.761,     -0.508,     -0.385,     -0.908,    β:       1.000
α:       0.015,      0.289,      0.761,     -0.508,     -0.385,     -0.908,    β:       1.000
α:       0.015,      0.289,      0.761,     -0.508,     -0.385,     -0.909,    β:       1.000
α:       0.015,      0.289,      0.761,     -0.508,     -0.385,     -0.910,    β:       1.000
α:       0.015,      0.289,      0.761,     -0.508,     -0.385,     -0.910,    β:       1.000
α:       0.015,      0.289,      0.761,     -0.508,     -0.385,     -0.911,    β:       1.000
α:       0.015,      0.289,      0.760,     -0.508,     -0.386,     -0.912,    β:       1.000
α:       0.015,      0.289,      0.760,     -0.508,     -0.386,     -0.912,    β:       1.000
α:       0.015,      0.289,      0.760,     -0.508,     -0.386,     -0.913,    β:       1.000
α:       0.015,      0.289,      0.760,     -0.508,     -0.386,     -0.914,    β:       1.000
α:       0.015,      0.289,      0.760,     -0.508,     -0.386,     -0.914,    β:       1.000
α:       0.015,      0.289,      0.760,     -0.508,     -0.386,     -0.915,    β:       1.000
α:       0.014,      0.289,      0.760,     -0.508,     -0.386,     -0.916,    β:       1.000
α:       0.015,      0.288,      0.760,     -0.508,     -0.386,     -0.916,    β:       1.000
α:       0.015,      0.288,      0.759,     -0.508,     -0.386,     -0.917,    β:       1.000
α:       0.015,      0.288,      0.759,     -0.508,     -0.387,     -0.917,    β:       1.000
α:       0.015,      0.288,      0.759,     -0.508,     -0.387,     -0.918,    β:       1.000
α:       0.015,      0.288,      0.759,     -0.508,     -0.387,     -0.919,    β:       1.000
α:       0.015,      0.288,      0.759,     -0.509,     -0.387,     -0.919,    β:       1.000
α:       0.014,      0.287,      0.759,     -0.508,     -0.387,     -0.920,    β:       1.000
α:       0.014,      0.287,      0.759,     -0.509,     -0.387,     -0.920,    β:       1.000
α:       0.014,      0.287,      0.759,     -0.509,     -0.387,     -0.921,    β:       1.000
α:       0.015,      0.287,      0.759,     -0.509,     -0.387,     -0.922,    β:       1.000
α:       0.015,      0.287,      0.759,     -0.509,     -0.388,     -0.922,    β:       1.000
α:       0.015,      0.287,      0.759,     -0.509,     -0.388,     -0.923,    β:       1.000
α:       0.015,      0.286,      0.759,     -0.509,     -0.388,     -0.923,    β:       1.000
α:       0.015,      0.286,      0.758,     -0.509,     -0.388,     -0.924,    β:       1.000
α:       0.015,      0.286,      0.758,     -0.509,     -0.388,     -0.925,    β:       1.000
α:       0.014,      0.286,      0.758,     -0.509,     -0.388,     -0.925,    β:       1.000
α:       0.014,      0.286,      0.758,     -0.509,     -0.388,     -0.926,    β:       1.000
α:       0.014,      0.286,      0.758,     -0.509,     -0.388,     -0.927,    β:       1.000
α:       0.014,      0.286,      0.758,     -0.509,     -0.388,     -0.927,    β:       1.000
α:       0.015,      0.286,      0.758,     -0.509,     -0.388,     -0.928,    β:       1.000
α:       0.015,      0.286,      0.758,     -0.509,     -0.388,     -0.928,    β:       1.000
α:       0.015,      0.286,      0.758,     -0.509,     -0.389,     -0.929,    β:       1.000
α:       0.015,      0.285,      0.758,     -0.509,     -0.389,     -0.929,    β:       1.000
α:       0.015,      0.285,      0.758,     -0.509,     -0.389,     -0.930,    β:       1.000
α:       0.014,      0.285,      0.758,     -0.509,     -0.389,     -0.931,    β:       1.000
α:       0.014,      0.285,      0.758,     -0.509,     -0.389,     -0.931,    β:       1.000
α:       0.014,      0.285,      0.758,     -0.510,     -0.389,     -0.932,    β:       1.000
α:       0.014,      0.285,      0.758,     -0.510,     -0.389,     -0.932,    β:       1.000
α:       0.014,      0.285,      0.757,     -0.510,     -0.389,     -0.933,    β:       1.000
α:       0.014,      0.285,      0.757,     -0.510,     -0.389,     -0.934,    β:       1.000
α:       0.014,      0.285,      0.757,     -0.510,     -0.389,     -0.934,    β:       1.000
α:       0.014,      0.285,      0.757,     -0.510,     -0.389,     -0.935,    β:       1.000
α:       0.014,      0.285,      0.757,     -0.510,     -0.389,     -0.935,    β:       1.000
α:       0.014,      0.285,      0.757,     -0.510,     -0.390,     -0.936,    β:       1.000
α:       0.014,      0.285,      0.757,     -0.510,     -0.390,     -0.936,    β:       1.000
α:       0.014,      0.285,      0.757,     -0.510,     -0.390,     -0.937,    β:       1.000
α:       0.014,      0.285,      0.757,     -0.510,     -0.390,     -0.938,    β:       1.000
α:       0.014,      0.285,      0.757,     -0.510,     -0.390,     -0.938,    β:       1.000
α:       0.014,      0.285,      0.757,     -0.510,     -0.390,     -0.939,    β:       1.000
α:       0.015,      0.284,      0.757,     -0.510,     -0.390,     -0.939,    β:       1.000
α:       0.014,      0.284,      0.757,     -0.510,     -0.390,     -0.940,    β:       1.000
α:       0.014,      0.284,      0.757,     -0.510,     -0.390,     -0.940,    β:       1.000
α:       0.014,      0.284,      0.757,     -0.510,     -0.390,     -0.941,    β:       1.000
α:       0.014,      0.284,      0.756,     -0.510,     -0.391,     -0.941,    β:       1.000
α:       0.014,      0.284,      0.756,     -0.510,     -0.391,     -0.942,    β:       1.000
α:       0.014,      0.284,      0.756,     -0.510,     -0.391,     -0.942,    β:       1.000
α:       0.014,      0.284,      0.756,     -0.510,     -0.391,     -0.943,    β:       1.000
α:       0.014,      0.284,      0.756,     -0.510,     -0.391,     -0.943,    β:       1.000
α:       0.014,      0.284,      0.756,     -0.511,     -0.391,     -0.944,    β:       1.000
α:       0.014,      0.284,      0.756,     -0.511,     -0.391,     -0.944,    β:       1.000
α:       0.014,      0.284,      0.756,     -0.511,     -0.391,     -0.945,    β:       1.000
α:       0.014,      0.284,      0.756,     -0.511,     -0.391,     -0.945,    β:       1.000
α:       0.014,      0.284,      0.756,     -0.511,     -0.391,     -0.946,    β:       1.000
α:       0.014,      0.284,      0.756,     -0.511,     -0.391,     -0.946,    β:       1.000
α:       0.014,      0.284,      0.756,     -0.511,     -0.392,     -0.947,    β:       1.000
α:       0.014,      0.284,      0.756,     -0.511,     -0.392,     -0.947,    β:       1.000
α:       0.014,      0.284,      0.755,     -0.511,     -0.392,     -0.948,    β:       1.000
α:       0.014,      0.284,      0.755,     -0.511,     -0.392,     -0.948,    β:       1.000
α:       0.014,      0.283,      0.755,     -0.511,     -0.392,     -0.949,    β:       1.000
α:       0.014,      0.283,      0.755,     -0.511,     -0.392,     -0.949,    β:       1.000
α:       0.014,      0.283,      0.755,     -0.511,     -0.392,     -0.950,    β:       1.000
α:       0.014,      0.283,      0.755,     -0.511,     -0.392,     -0.950,    β:       1.000
α:       0.014,      0.283,      0.755,     -0.511,     -0.392,     -0.951,    β:       1.000
α:       0.014,      0.283,      0.755,     -0.511,     -0.392,     -0.951,    β:       1.000
α:       0.014,      0.283,      0.755,     -0.511,     -0.393,     -0.952,    β:       1.000
α:       0.014,      0.282,      0.755,     -0.511,     -0.393,     -0.952,    β:       1.000
α:       0.014,      0.283,      0.754,     -0.511,     -0.393,     -0.953,    β:       1.000
α:       0.014,      0.283,      0.754,     -0.511,     -0.393,     -0.953,    β:       1.000
α:       0.014,      0.283,      0.754,     -0.511,     -0.393,     -0.954,    β:       1.000
α:       0.014,      0.282,      0.754,     -0.511,     -0.393,     -0.954,    β:       1.000
α:       0.013,      0.282,      0.754,     -0.511,     -0.393,     -0.955,    β:       1.000
α:       0.013,      0.282,      0.754,     -0.511,     -0.393,     -0.955,    β:       1.000
α:       0.013,      0.282,      0.754,     -0.511,     -0.393,     -0.956,    β:       1.000
α:       0.013,      0.282,      0.754,     -0.511,     -0.393,     -0.956,    β:       1.000
α:       0.013,      0.282,      0.754,     -0.511,     -0.393,     -0.956,    β:       1.000
α:       0.014,      0.281,      0.754,     -0.511,     -0.393,     -0.957,    β:       1.000
α:       0.013,      0.281,      0.754,     -0.512,     -0.393,     -0.957,    β:       1.000
α:       0.013,      0.281,      0.754,     -0.512,     -0.394,     -0.958,    β:       1.000
α:       0.014,      0.282,      0.754,     -0.512,     -0.394,     -0.958,    β:       1.000
α:       0.013,      0.282,      0.754,     -0.512,     -0.394,     -0.959,    β:       1.000
α:       0.013,      0.281,      0.754,     -0.512,     -0.394,     -0.959,    β:       1.000
α:       0.014,      0.281,      0.754,     -0.512,     -0.394,     -0.959,    β:       1.000
α:       0.014,      0.282,      0.754,     -0.512,     -0.394,     -0.960,    β:       1.000
α:       0.014,      0.282,      0.754,     -0.512,     -0.394,     -0.960,    β:       1.000
α:       0.014,      0.282,      0.753,     -0.512,     -0.394,     -0.961,    β:       1.000
α:       0.014,      0.282,      0.753,     -0.512,     -0.394,     -0.961,    β:       1.000
α:       0.014,      0.282,      0.753,     -0.512,     -0.394,     -0.962,    β:       1.000
α:       0.014,      0.282,      0.753,     -0.512,     -0.394,     -0.962,    β:       1.000
α:       0.014,      0.281,      0.753,     -0.512,     -0.394,     -0.963,    β:       1.000
α:       0.014,      0.281,      0.753,     -0.512,     -0.394,     -0.963,    β:       1.000
α:       0.014,      0.281,      0.753,     -0.512,     -0.394,     -0.963,    β:       1.000
α:       0.013,      0.281,      0.753,     -0.512,     -0.394,     -0.964,    β:       1.000
α:       0.013,      0.281,      0.753,     -0.512,     -0.394,     -0.964,    β:       1.000
α:       0.013,      0.281,      0.753,     -0.512,     -0.395,     -0.965,    β:       1.000
α:       0.013,      0.282,      0.753,     -0.512,     -0.395,     -0.965,    β:       1.000
α:       0.012,      0.281,      0.752,     -0.512,     -0.395,     -0.965,    β:       1.000
α:       0.013,      0.281,      0.752,     -0.512,     -0.395,     -0.966,    β:       1.000
α:       0.013,      0.281,      0.752,     -0.512,     -0.395,     -0.966,    β:       1.000
α:       0.014,      0.281,      0.752,     -0.512,     -0.395,     -0.967,    β:       1.000
α:       0.013,      0.281,      0.752,     -0.512,     -0.395,     -0.967,    β:       1.000
α:       0.013,      0.281,      0.752,     -0.512,     -0.395,     -0.968,    β:       1.000
α:       0.013,      0.281,      0.752,     -0.513,     -0.395,     -0.968,    β:       1.000
α:       0.013,      0.281,      0.752,     -0.513,     -0.395,     -0.968,    β:       1.000
α:       0.013,      0.281,      0.752,     -0.513,     -0.395,     -0.969,    β:       1.000
α:       0.013,      0.281,      0.752,     -0.513,     -0.395,     -0.969,    β:       1.000
α:       0.014,      0.281,      0.752,     -0.513,     -0.395,     -0.970,    β:       1.000
α:       0.013,      0.281,      0.752,     -0.513,     -0.395,     -0.970,    β:       1.000
α:       0.013,      0.281,      0.752,     -0.513,     -0.395,     -0.970,    β:       1.000
α:       0.013,      0.281,      0.752,     -0.513,     -0.395,     -0.971,    β:       1.000
α:       0.013,      0.280,      0.751,     -0.513,     -0.396,     -0.971,    β:       1.000
α:       0.013,      0.280,      0.751,     -0.513,     -0.396,     -0.972,    β:       1.000
α:       0.013,      0.280,      0.751,     -0.513,     -0.396,     -0.972,    β:       1.000
α:       0.013,      0.280,      0.751,     -0.513,     -0.396,     -0.972,    β:       1.000
α:       0.013,      0.280,      0.751,     -0.513,     -0.396,     -0.973,    β:       1.000
α:       0.014,      0.280,      0.751,     -0.513,     -0.396,     -0.973,    β:       1.000
α:       0.014,      0.280,      0.751,     -0.513,     -0.396,     -0.973,    β:       1.000
α:       0.013,      0.280,      0.751,     -0.513,     -0.396,     -0.974,    β:       1.000
α:       0.013,      0.280,      0.751,     -0.513,     -0.396,     -0.974,    β:       1.000
α:       0.013,      0.280,      0.751,     -0.513,     -0.396,     -0.975,    β:       1.000
α:       0.013,      0.280,      0.751,     -0.513,     -0.396,     -0.975,    β:       1.000
α:       0.012,      0.280,      0.751,     -0.513,     -0.396,     -0.975,    β:       1.000
α:       0.013,      0.280,      0.751,     -0.513,     -0.396,     -0.976,    β:       1.000
α:       0.013,      0.280,      0.751,     -0.513,     -0.396,     -0.976,    β:       1.000
α:       0.013,      0.280,      0.751,     -0.513,     -0.396,     -0.977,    β:       1.000
α:       0.013,      0.280,      0.751,     -0.513,     -0.396,     -0.977,    β:       1.000
