α0:      0.585,     -0.631,      0.724,     -0.368,     -1.083,      0.158,    β0:      1.000
α:       0.138,     -0.139,      0.143,     -0.049,     -0.050,      0.047,    β:       1.000
α:       0.219,     -0.221,      0.228,     -0.080,     -0.083,      0.076,    β:       1.000
α:       0.277,     -0.279,      0.289,     -0.103,     -0.108,      0.097,    β:       1.000
α:       0.323,     -0.325,      0.338,     -0.121,     -0.128,      0.114,    β:       1.000
α:       0.360,     -0.363,      0.379,     -0.137,     -0.145,      0.128,    β:       1.000
α:       0.391,     -0.395,      0.414,     -0.151,     -0.161,      0.140,    β:       1.000
α:       0.418,     -0.422,      0.445,     -0.163,     -0.174,      0.150,    β:       1.000
α:       0.442,     -0.447,      0.471,     -0.174,     -0.187,      0.159,    β:       1.000
α:       0.463,     -0.468,      0.496,     -0.184,     -0.198,      0.167,    β:       1.000
α:       0.482,     -0.487,      0.518,     -0.193,     -0.209,      0.174,    β:       1.000
α:       0.499,     -0.505,      0.537,     -0.202,     -0.219,      0.181,    β:       1.000
α:       0.514,     -0.520,      0.556,     -0.209,     -0.228,      0.187,    β:       1.000
α:       0.528,     -0.534,      0.572,     -0.217,     -0.237,      0.192,    β:       1.000
α:       0.540,     -0.547,      0.588,     -0.224,     -0.245,      0.197,    β:       1.000
α:       0.552,     -0.559,      0.602,     -0.230,     -0.253,      0.201,    β:       1.000
α:       0.562,     -0.570,      0.615,     -0.236,     -0.261,      0.206,    β:       1.000
α:       0.572,     -0.580,      0.628,     -0.242,     -0.268,      0.209,    β:       1.000
α:       0.581,     -0.589,      0.639,     -0.248,     -0.274,      0.213,    β:       1.000
α:       0.589,     -0.597,      0.650,     -0.253,     -0.281,      0.216,    β:       1.000
α:       0.596,     -0.605,      0.660,     -0.258,     -0.287,      0.219,    β:       1.000
α:       0.603,     -0.612,      0.669,     -0.263,     -0.293,      0.222,    β:       1.000
α:       0.610,     -0.619,      0.678,     -0.267,     -0.299,      0.224,    β:       1.000
α:       0.616,     -0.626,      0.686,     -0.272,     -0.305,      0.227,    β:       1.000
α:       0.621,     -0.631,      0.694,     -0.276,     -0.310,      0.229,    β:       1.000
α:       0.626,     -0.637,      0.701,     -0.280,     -0.315,      0.231,    β:       1.000
α:       0.631,     -0.642,      0.708,     -0.284,     -0.321,      0.233,    β:       1.000
α:       0.635,     -0.646,      0.715,     -0.288,     -0.326,      0.235,    β:       1.000
α:       0.639,     -0.651,      0.721,     -0.291,     -0.330,      0.237,    β:       1.000
α:       0.643,     -0.655,      0.727,     -0.295,     -0.335,      0.238,    β:       1.000
α:       0.646,     -0.659,      0.732,     -0.298,     -0.340,      0.240,    β:       1.000
α:       0.649,     -0.662,      0.737,     -0.302,     -0.344,      0.241,    β:       1.000
α:       0.652,     -0.666,      0.742,     -0.305,     -0.349,      0.242,    β:       1.000
α:       0.655,     -0.669,      0.747,     -0.308,     -0.353,      0.243,    β:       1.000
α:       0.658,     -0.672,      0.751,     -0.311,     -0.357,      0.245,    β:       1.000
α:       0.660,     -0.674,      0.755,     -0.314,     -0.361,      0.246,    β:       1.000
α:       0.662,     -0.677,      0.759,     -0.317,     -0.365,      0.246,    β:       1.000
α:       0.664,     -0.679,      0.763,     -0.320,     -0.369,      0.247,    β:       1.000
α:       0.666,     -0.681,      0.766,     -0.323,     -0.373,      0.248,    β:       1.000
α:       0.668,     -0.683,      0.770,     -0.326,     -0.377,      0.249,    β:       1.000
α:       0.670,     -0.685,      0.773,     -0.328,     -0.380,      0.250,    β:       1.000
α:       0.671,     -0.687,      0.776,     -0.331,     -0.384,      0.250,    β:       1.000
α:       0.672,     -0.689,      0.779,     -0.334,     -0.388,      0.251,    β:       1.000
α:       0.673,     -0.690,      0.782,     -0.336,     -0.391,      0.251,    β:       1.000
α:       0.674,     -0.692,      0.785,     -0.339,     -0.395,      0.252,    β:       1.000
α:       0.675,     -0.693,      0.787,     -0.341,     -0.398,      0.252,    β:       1.000
α:       0.676,     -0.695,      0.789,     -0.343,     -0.401,      0.253,    β:       1.000
α:       0.677,     -0.696,      0.792,     -0.346,     -0.405,      0.253,    β:       1.000
α:       0.677,     -0.697,      0.794,     -0.348,     -0.408,      0.253,    β:       1.000
α:       0.678,     -0.698,      0.796,     -0.350,     -0.411,      0.254,    β:       1.000
α:       0.679,     -0.699,      0.798,     -0.353,     -0.414,      0.254,    β:       1.000
α:       0.679,     -0.700,      0.799,     -0.355,     -0.417,      0.254,    β:       1.000
α:       0.680,     -0.700,      0.801,     -0.357,     -0.421,      0.254,    β:       1.000
α:       0.680,     -0.701,      0.803,     -0.359,     -0.424,      0.254,    β:       1.000
α:       0.680,     -0.702,      0.804,     -0.361,     -0.427,      0.254,    β:       1.000
α:       0.680,     -0.703,      0.806,     -0.363,     -0.430,      0.255,    β:       1.000
α:       0.681,     -0.703,      0.807,     -0.365,     -0.433,      0.255,    β:       1.000
α:       0.681,     -0.704,      0.808,     -0.368,     -0.435,      0.255,    β:       1.000
α:       0.681,     -0.704,      0.810,     -0.370,     -0.438,      0.255,    β:       1.000
α:       0.681,     -0.705,      0.811,     -0.372,     -0.441,      0.255,    β:       1.000
α:       0.681,     -0.705,      0.812,     -0.373,     -0.444,      0.255,    β:       1.000
α:       0.681,     -0.706,      0.813,     -0.375,     -0.447,      0.255,    β:       1.000
α:       0.681,     -0.706,      0.814,     -0.377,     -0.450,      0.255,    β:       1.000
α:       0.681,     -0.706,      0.815,     -0.379,     -0.452,      0.254,    β:       1.000
α:       0.681,     -0.707,      0.816,     -0.381,     -0.455,      0.254,    β:       1.000
α:       0.681,     -0.707,      0.817,     -0.383,     -0.458,      0.254,    β:       1.000
α:       0.681,     -0.707,      0.818,     -0.385,     -0.461,      0.254,    β:       1.000
α:       0.681,     -0.708,      0.818,     -0.387,     -0.463,      0.254,    β:       1.000
α:       0.680,     -0.707,      0.819,     -0.389,     -0.466,      0.254,    β:       1.000
α:       0.680,     -0.708,      0.819,     -0.390,     -0.468,      0.254,    β:       1.000
α:       0.680,     -0.708,      0.820,     -0.392,     -0.471,      0.254,    β:       1.000
α:       0.680,     -0.708,      0.821,     -0.394,     -0.474,      0.253,    β:       1.000
α:       0.679,     -0.708,      0.821,     -0.396,     -0.476,      0.253,    β:       1.000
α:       0.679,     -0.708,      0.822,     -0.397,     -0.479,      0.253,    β:       1.000
α:       0.679,     -0.708,      0.822,     -0.399,     -0.481,      0.253,    β:       1.000
α:       0.679,     -0.708,      0.823,     -0.401,     -0.484,      0.253,    β:       1.000
α:       0.678,     -0.708,      0.823,     -0.403,     -0.486,      0.252,    β:       1.000
α:       0.678,     -0.708,      0.824,     -0.404,     -0.489,      0.252,    β:       1.000
α:       0.678,     -0.708,      0.824,     -0.406,     -0.491,      0.252,    β:       1.000
α:       0.677,     -0.708,      0.824,     -0.408,     -0.493,      0.252,    β:       1.000
α:       0.677,     -0.708,      0.825,     -0.409,     -0.496,      0.252,    β:       1.000
α:       0.677,     -0.708,      0.825,     -0.411,     -0.498,      0.251,    β:       1.000
α:       0.676,     -0.708,      0.825,     -0.413,     -0.501,      0.251,    β:       1.000
α:       0.676,     -0.708,      0.826,     -0.414,     -0.503,      0.251,    β:       1.000
α:       0.675,     -0.708,      0.826,     -0.416,     -0.505,      0.251,    β:       1.000
α:       0.675,     -0.708,      0.826,     -0.417,     -0.507,      0.250,    β:       1.000
α:       0.674,     -0.708,      0.826,     -0.419,     -0.510,      0.250,    β:       1.000
α:       0.674,     -0.708,      0.827,     -0.421,     -0.512,      0.250,    β:       1.000
α:       0.673,     -0.708,      0.827,     -0.422,     -0.514,      0.249,    β:       1.000
α:       0.673,     -0.708,      0.827,     -0.424,     -0.517,      0.249,    β:       1.000
α:       0.673,     -0.708,      0.827,     -0.425,     -0.519,      0.249,    β:       1.000
α:       0.672,     -0.707,      0.827,     -0.427,     -0.521,      0.248,    β:       1.000
α:       0.672,     -0.707,      0.827,     -0.428,     -0.523,      0.248,    β:       1.000
α:       0.671,     -0.707,      0.827,     -0.430,     -0.526,      0.248,    β:       1.000
α:       0.671,     -0.707,      0.827,     -0.431,     -0.528,      0.247,    β:       1.000
α:       0.670,     -0.707,      0.827,     -0.433,     -0.530,      0.247,    β:       1.000
α:       0.670,     -0.707,      0.827,     -0.434,     -0.532,      0.247,    β:       1.000
α:       0.669,     -0.707,      0.827,     -0.436,     -0.534,      0.246,    β:       1.000
α:       0.669,     -0.707,      0.827,     -0.438,     -0.537,      0.246,    β:       1.000
α:       0.668,     -0.707,      0.828,     -0.439,     -0.539,      0.246,    β:       1.000
α:       0.668,     -0.707,      0.828,     -0.440,     -0.541,      0.245,    β:       1.000
α:       0.667,     -0.707,      0.828,     -0.442,     -0.543,      0.245,    β:       1.000
α:       0.667,     -0.706,      0.827,     -0.443,     -0.545,      0.245,    β:       1.000
α:       0.666,     -0.706,      0.827,     -0.445,     -0.547,      0.244,    β:       1.000
α:       0.665,     -0.706,      0.827,     -0.446,     -0.549,      0.244,    β:       1.000
α:       0.665,     -0.706,      0.827,     -0.448,     -0.551,      0.244,    β:       1.000
α:       0.664,     -0.706,      0.827,     -0.449,     -0.553,      0.243,    β:       1.000
α:       0.664,     -0.706,      0.827,     -0.451,     -0.555,      0.243,    β:       1.000
α:       0.663,     -0.706,      0.827,     -0.452,     -0.557,      0.242,    β:       1.000
α:       0.662,     -0.705,      0.827,     -0.453,     -0.559,      0.242,    β:       1.000
α:       0.662,     -0.705,      0.827,     -0.455,     -0.562,      0.242,    β:       1.000
α:       0.662,     -0.705,      0.827,     -0.456,     -0.564,      0.241,    β:       1.000
α:       0.661,     -0.705,      0.827,     -0.458,     -0.566,      0.241,    β:       1.000
α:       0.661,     -0.705,      0.827,     -0.459,     -0.568,      0.241,    β:       1.000
α:       0.660,     -0.705,      0.827,     -0.460,     -0.570,      0.240,    β:       1.000
α:       0.660,     -0.705,      0.827,     -0.462,     -0.572,      0.240,    β:       1.000
α:       0.659,     -0.704,      0.827,     -0.463,     -0.574,      0.239,    β:       1.000
α:       0.659,     -0.704,      0.827,     -0.464,     -0.576,      0.239,    β:       1.000
α:       0.658,     -0.704,      0.827,     -0.466,     -0.578,      0.239,    β:       1.000
α:       0.658,     -0.704,      0.826,     -0.467,     -0.579,      0.238,    β:       1.000
α:       0.658,     -0.704,      0.826,     -0.469,     -0.581,      0.238,    β:       1.000
α:       0.657,     -0.704,      0.826,     -0.470,     -0.583,      0.238,    β:       1.000
α:       0.657,     -0.704,      0.826,     -0.471,     -0.585,      0.237,    β:       1.000
α:       0.656,     -0.704,      0.826,     -0.473,     -0.587,      0.237,    β:       1.000
α:       0.656,     -0.704,      0.826,     -0.474,     -0.589,      0.236,    β:       1.000
α:       0.655,     -0.703,      0.825,     -0.475,     -0.591,      0.236,    β:       1.000
α:       0.654,     -0.703,      0.825,     -0.476,     -0.593,      0.236,    β:       1.000
α:       0.654,     -0.703,      0.825,     -0.478,     -0.595,      0.235,    β:       1.000
α:       0.654,     -0.703,      0.825,     -0.479,     -0.596,      0.235,    β:       1.000
α:       0.653,     -0.703,      0.825,     -0.480,     -0.598,      0.234,    β:       1.000
α:       0.653,     -0.703,      0.825,     -0.482,     -0.600,      0.234,    β:       1.000
α:       0.652,     -0.703,      0.825,     -0.483,     -0.602,      0.234,    β:       1.000
α:       0.652,     -0.702,      0.825,     -0.484,     -0.604,      0.233,    β:       1.000
α:       0.651,     -0.702,      0.825,     -0.485,     -0.606,      0.233,    β:       1.000
α:       0.651,     -0.702,      0.824,     -0.487,     -0.607,      0.233,    β:       1.000
α:       0.650,     -0.702,      0.824,     -0.488,     -0.609,      0.232,    β:       1.000
α:       0.650,     -0.702,      0.824,     -0.489,     -0.611,      0.232,    β:       1.000
α:       0.649,     -0.702,      0.824,     -0.490,     -0.613,      0.231,    β:       1.000
α:       0.649,     -0.702,      0.824,     -0.492,     -0.615,      0.231,    β:       1.000
α:       0.648,     -0.702,      0.824,     -0.493,     -0.616,      0.230,    β:       1.000
α:       0.648,     -0.701,      0.824,     -0.494,     -0.618,      0.230,    β:       1.000
α:       0.647,     -0.701,      0.823,     -0.495,     -0.620,      0.230,    β:       1.000
α:       0.647,     -0.701,      0.823,     -0.497,     -0.622,      0.229,    β:       1.000
α:       0.647,     -0.701,      0.823,     -0.498,     -0.623,      0.229,    β:       1.000
α:       0.646,     -0.701,      0.823,     -0.499,     -0.625,      0.228,    β:       1.000
α:       0.646,     -0.701,      0.823,     -0.500,     -0.627,      0.228,    β:       1.000
α:       0.646,     -0.701,      0.822,     -0.501,     -0.629,      0.228,    β:       1.000
α:       0.645,     -0.701,      0.822,     -0.503,     -0.630,      0.227,    β:       1.000
α:       0.645,     -0.700,      0.822,     -0.504,     -0.632,      0.227,    β:       1.000
α:       0.644,     -0.700,      0.822,     -0.505,     -0.634,      0.226,    β:       1.000
α:       0.644,     -0.700,      0.822,     -0.506,     -0.635,      0.226,    β:       1.000
α:       0.643,     -0.700,      0.821,     -0.507,     -0.637,      0.226,    β:       1.000
α:       0.643,     -0.700,      0.821,     -0.508,     -0.639,      0.225,    β:       1.000
α:       0.643,     -0.700,      0.821,     -0.510,     -0.640,      0.225,    β:       1.000
α:       0.642,     -0.700,      0.821,     -0.511,     -0.642,      0.224,    β:       1.000
α:       0.642,     -0.700,      0.821,     -0.512,     -0.644,      0.224,    β:       1.000
α:       0.641,     -0.699,      0.821,     -0.513,     -0.645,      0.224,    β:       1.000
α:       0.641,     -0.699,      0.820,     -0.514,     -0.647,      0.223,    β:       1.000
α:       0.640,     -0.699,      0.820,     -0.515,     -0.649,      0.223,    β:       1.000
α:       0.640,     -0.699,      0.820,     -0.516,     -0.650,      0.222,    β:       1.000
α:       0.639,     -0.699,      0.820,     -0.518,     -0.652,      0.222,    β:       1.000
α:       0.639,     -0.699,      0.820,     -0.519,     -0.654,      0.222,    β:       1.000
α:       0.639,     -0.699,      0.820,     -0.520,     -0.655,      0.221,    β:       1.000
α:       0.638,     -0.699,      0.820,     -0.521,     -0.657,      0.221,    β:       1.000
α:       0.638,     -0.699,      0.819,     -0.522,     -0.659,      0.221,    β:       1.000
α:       0.638,     -0.699,      0.819,     -0.523,     -0.660,      0.220,    β:       1.000
α:       0.637,     -0.699,      0.819,     -0.524,     -0.662,      0.220,    β:       1.000
α:       0.637,     -0.699,      0.819,     -0.525,     -0.663,      0.219,    β:       1.000
α:       0.636,     -0.698,      0.819,     -0.526,     -0.665,      0.219,    β:       1.000
α:       0.636,     -0.698,      0.819,     -0.528,     -0.666,      0.219,    β:       1.000
α:       0.635,     -0.698,      0.819,     -0.529,     -0.668,      0.218,    β:       1.000
α:       0.635,     -0.698,      0.819,     -0.530,     -0.670,      0.218,    β:       1.000
α:       0.635,     -0.698,      0.818,     -0.531,     -0.671,      0.217,    β:       1.000
α:       0.634,     -0.698,      0.818,     -0.532,     -0.673,      0.217,    β:       1.000
α:       0.634,     -0.698,      0.818,     -0.533,     -0.674,      0.217,    β:       1.000
α:       0.634,     -0.698,      0.818,     -0.534,     -0.676,      0.216,    β:       1.000
α:       0.633,     -0.698,      0.818,     -0.535,     -0.677,      0.216,    β:       1.000
α:       0.633,     -0.698,      0.818,     -0.536,     -0.679,      0.215,    β:       1.000
α:       0.633,     -0.698,      0.817,     -0.537,     -0.680,      0.215,    β:       1.000
α:       0.632,     -0.697,      0.817,     -0.538,     -0.682,      0.214,    β:       1.000
α:       0.632,     -0.697,      0.817,     -0.539,     -0.684,      0.214,    β:       1.000
α:       0.631,     -0.697,      0.817,     -0.540,     -0.685,      0.214,    β:       1.000
α:       0.631,     -0.697,      0.817,     -0.541,     -0.686,      0.213,    β:       1.000
α:       0.631,     -0.697,      0.817,     -0.542,     -0.688,      0.213,    β:       1.000
α:       0.630,     -0.697,      0.816,     -0.543,     -0.690,      0.213,    β:       1.000
α:       0.630,     -0.697,      0.816,     -0.544,     -0.691,      0.212,    β:       1.000
α:       0.629,     -0.697,      0.816,     -0.545,     -0.692,      0.212,    β:       1.000
α:       0.629,     -0.697,      0.816,     -0.546,     -0.694,      0.211,    β:       1.000
α:       0.629,     -0.697,      0.816,     -0.547,     -0.695,      0.211,    β:       1.000
α:       0.628,     -0.697,      0.816,     -0.548,     -0.697,      0.211,    β:       1.000
α:       0.628,     -0.696,      0.816,     -0.549,     -0.698,      0.210,    β:       1.000
α:       0.628,     -0.696,      0.816,     -0.550,     -0.700,      0.210,    β:       1.000
α:       0.627,     -0.696,      0.816,     -0.551,     -0.701,      0.209,    β:       1.000
α:       0.627,     -0.696,      0.816,     -0.552,     -0.703,      0.209,    β:       1.000
α:       0.627,     -0.696,      0.816,     -0.553,     -0.704,      0.209,    β:       1.000
α:       0.626,     -0.696,      0.815,     -0.554,     -0.706,      0.208,    β:       1.000
α:       0.626,     -0.696,      0.815,     -0.555,     -0.707,      0.208,    β:       1.000
α:       0.625,     -0.696,      0.815,     -0.556,     -0.708,      0.207,    β:       1.000
α:       0.625,     -0.696,      0.815,     -0.557,     -0.710,      0.207,    β:       1.000
α:       0.625,     -0.696,      0.815,     -0.558,     -0.711,      0.207,    β:       1.000
α:       0.625,     -0.696,      0.814,     -0.559,     -0.713,      0.206,    β:       1.000
α:       0.624,     -0.696,      0.814,     -0.560,     -0.714,      0.206,    β:       1.000
α:       0.624,     -0.696,      0.814,     -0.561,     -0.715,      0.205,    β:       1.000
α:       0.623,     -0.696,      0.814,     -0.562,     -0.717,      0.205,    β:       1.000
α:       0.623,     -0.695,      0.814,     -0.563,     -0.718,      0.205,    β:       1.000
α:       0.623,     -0.695,      0.814,     -0.564,     -0.719,      0.204,    β:       1.000
α:       0.622,     -0.695,      0.814,     -0.565,     -0.721,      0.204,    β:       1.000
α:       0.622,     -0.695,      0.814,     -0.566,     -0.722,      0.203,    β:       1.000
α:       0.622,     -0.695,      0.813,     -0.566,     -0.723,      0.203,    β:       1.000
α:       0.621,     -0.695,      0.813,     -0.567,     -0.725,      0.203,    β:       1.000
α:       0.621,     -0.695,      0.813,     -0.568,     -0.726,      0.202,    β:       1.000
α:       0.621,     -0.695,      0.813,     -0.569,     -0.727,      0.202,    β:       1.000
α:       0.620,     -0.694,      0.813,     -0.570,     -0.729,      0.202,    β:       1.000
α:       0.620,     -0.694,      0.813,     -0.571,     -0.730,      0.201,    β:       1.000
α:       0.620,     -0.694,      0.813,     -0.572,     -0.731,      0.201,    β:       1.000
α:       0.620,     -0.694,      0.813,     -0.573,     -0.733,      0.200,    β:       1.000
α:       0.619,     -0.694,      0.812,     -0.574,     -0.734,      0.200,    β:       1.000
α:       0.619,     -0.694,      0.812,     -0.575,     -0.735,      0.200,    β:       1.000
α:       0.618,     -0.694,      0.812,     -0.576,     -0.737,      0.199,    β:       1.000
α:       0.618,     -0.694,      0.812,     -0.576,     -0.738,      0.199,    β:       1.000
α:       0.618,     -0.694,      0.812,     -0.577,     -0.739,      0.198,    β:       1.000
α:       0.618,     -0.694,      0.812,     -0.578,     -0.741,      0.198,    β:       1.000
α:       0.617,     -0.694,      0.812,     -0.579,     -0.742,      0.198,    β:       1.000
α:       0.617,     -0.694,      0.811,     -0.580,     -0.743,      0.197,    β:       1.000
α:       0.617,     -0.694,      0.811,     -0.581,     -0.744,      0.197,    β:       1.000
α:       0.616,     -0.694,      0.811,     -0.582,     -0.746,      0.196,    β:       1.000
α:       0.616,     -0.694,      0.811,     -0.583,     -0.747,      0.196,    β:       1.000
α:       0.616,     -0.694,      0.811,     -0.583,     -0.748,      0.196,    β:       1.000
α:       0.615,     -0.694,      0.811,     -0.584,     -0.749,      0.195,    β:       1.000
α:       0.615,     -0.693,      0.811,     -0.585,     -0.751,      0.195,    β:       1.000
α:       0.615,     -0.693,      0.811,     -0.586,     -0.752,      0.195,    β:       1.000
α:       0.614,     -0.693,      0.811,     -0.587,     -0.753,      0.194,    β:       1.000
α:       0.614,     -0.693,      0.810,     -0.588,     -0.754,      0.194,    β:       1.000
α:       0.613,     -0.693,      0.810,     -0.588,     -0.756,      0.193,    β:       1.000
α:       0.613,     -0.693,      0.810,     -0.589,     -0.757,      0.193,    β:       1.000
α:       0.613,     -0.693,      0.810,     -0.590,     -0.758,      0.193,    β:       1.000
α:       0.612,     -0.693,      0.810,     -0.591,     -0.759,      0.192,    β:       1.000
α:       0.612,     -0.693,      0.810,     -0.592,     -0.761,      0.192,    β:       1.000
α:       0.612,     -0.693,      0.810,     -0.592,     -0.762,      0.191,    β:       1.000
α:       0.612,     -0.693,      0.810,     -0.593,     -0.763,      0.191,    β:       1.000
α:       0.611,     -0.693,      0.810,     -0.594,     -0.764,      0.191,    β:       1.000
α:       0.611,     -0.693,      0.810,     -0.595,     -0.765,      0.190,    β:       1.000
α:       0.611,     -0.693,      0.809,     -0.596,     -0.767,      0.190,    β:       1.000
α:       0.610,     -0.692,      0.809,     -0.597,     -0.768,      0.190,    β:       1.000
α:       0.610,     -0.692,      0.809,     -0.597,     -0.769,      0.189,    β:       1.000
α:       0.610,     -0.693,      0.809,     -0.598,     -0.770,      0.189,    β:       1.000
α:       0.610,     -0.692,      0.809,     -0.599,     -0.772,      0.189,    β:       1.000
α:       0.609,     -0.692,      0.809,     -0.600,     -0.773,      0.188,    β:       1.000
α:       0.609,     -0.692,      0.809,     -0.601,     -0.774,      0.188,    β:       1.000
α:       0.609,     -0.693,      0.809,     -0.601,     -0.775,      0.188,    β:       1.000
α:       0.609,     -0.692,      0.809,     -0.602,     -0.776,      0.187,    β:       1.000
α:       0.608,     -0.692,      0.809,     -0.603,     -0.777,      0.187,    β:       1.000
α:       0.608,     -0.692,      0.808,     -0.604,     -0.778,      0.186,    β:       1.000
α:       0.608,     -0.692,      0.808,     -0.605,     -0.780,      0.186,    β:       1.000
α:       0.608,     -0.692,      0.808,     -0.605,     -0.781,      0.186,    β:       1.000
α:       0.607,     -0.692,      0.808,     -0.606,     -0.782,      0.185,    β:       1.000
α:       0.607,     -0.692,      0.808,     -0.607,     -0.783,      0.185,    β:       1.000
α:       0.607,     -0.692,      0.808,     -0.608,     -0.784,      0.185,    β:       1.000
α:       0.606,     -0.692,      0.808,     -0.608,     -0.785,      0.184,    β:       1.000
α:       0.606,     -0.692,      0.808,     -0.609,     -0.786,      0.184,    β:       1.000
α:       0.606,     -0.692,      0.808,     -0.610,     -0.787,      0.184,    β:       1.000
α:       0.606,     -0.692,      0.807,     -0.611,     -0.789,      0.183,    β:       1.000
α:       0.605,     -0.692,      0.807,     -0.611,     -0.790,      0.183,    β:       1.000
α:       0.605,     -0.692,      0.807,     -0.612,     -0.791,      0.182,    β:       1.000
α:       0.605,     -0.692,      0.807,     -0.613,     -0.792,      0.182,    β:       1.000
α:       0.605,     -0.692,      0.807,     -0.613,     -0.793,      0.182,    β:       1.000
α:       0.604,     -0.692,      0.807,     -0.614,     -0.794,      0.181,    β:       1.000
α:       0.604,     -0.692,      0.806,     -0.615,     -0.795,      0.181,    β:       1.000
α:       0.604,     -0.692,      0.806,     -0.616,     -0.796,      0.180,    β:       1.000
α:       0.604,     -0.692,      0.806,     -0.617,     -0.797,      0.180,    β:       1.000
α:       0.603,     -0.692,      0.806,     -0.617,     -0.798,      0.180,    β:       1.000
α:       0.603,     -0.691,      0.806,     -0.618,     -0.799,      0.179,    β:       1.000
α:       0.603,     -0.691,      0.806,     -0.619,     -0.801,      0.179,    β:       1.000
α:       0.603,     -0.691,      0.806,     -0.619,     -0.802,      0.179,    β:       1.000
α:       0.603,     -0.691,      0.806,     -0.620,     -0.803,      0.178,    β:       1.000
α:       0.603,     -0.691,      0.806,     -0.621,     -0.804,      0.178,    β:       1.000
α:       0.602,     -0.691,      0.806,     -0.622,     -0.805,      0.178,    β:       1.000
α:       0.602,     -0.691,      0.806,     -0.622,     -0.806,      0.177,    β:       1.000
α:       0.602,     -0.691,      0.806,     -0.623,     -0.807,      0.177,    β:       1.000
α:       0.602,     -0.691,      0.806,     -0.624,     -0.808,      0.177,    β:       1.000
α:       0.601,     -0.691,      0.806,     -0.624,     -0.809,      0.176,    β:       1.000
α:       0.601,     -0.691,      0.806,     -0.625,     -0.810,      0.176,    β:       1.000
α:       0.601,     -0.691,      0.806,     -0.626,     -0.811,      0.175,    β:       1.000
α:       0.601,     -0.691,      0.805,     -0.626,     -0.812,      0.175,    β:       1.000
α:       0.601,     -0.691,      0.805,     -0.627,     -0.813,      0.175,    β:       1.000
α:       0.600,     -0.691,      0.805,     -0.628,     -0.814,      0.174,    β:       1.000
α:       0.600,     -0.691,      0.805,     -0.628,     -0.815,      0.174,    β:       1.000
α:       0.600,     -0.690,      0.805,     -0.629,     -0.816,      0.173,    β:       1.000
α:       0.600,     -0.690,      0.805,     -0.630,     -0.817,      0.173,    β:       1.000
α:       0.599,     -0.690,      0.805,     -0.630,     -0.818,      0.173,    β:       1.000
α:       0.599,     -0.690,      0.805,     -0.631,     -0.819,      0.172,    β:       1.000
α:       0.599,     -0.690,      0.805,     -0.632,     -0.820,      0.172,    β:       1.000
α:       0.599,     -0.690,      0.805,     -0.632,     -0.821,      0.172,    β:       1.000
α:       0.598,     -0.690,      0.805,     -0.633,     -0.822,      0.171,    β:       1.000
α:       0.598,     -0.690,      0.805,     -0.634,     -0.823,      0.171,    β:       1.000
α:       0.598,     -0.690,      0.805,     -0.634,     -0.824,      0.170,    β:       1.000
α:       0.598,     -0.690,      0.805,     -0.635,     -0.825,      0.170,    β:       1.000
α:       0.597,     -0.690,      0.805,     -0.636,     -0.826,      0.170,    β:       1.000
α:       0.597,     -0.690,      0.804,     -0.636,     -0.827,      0.169,    β:       1.000
α:       0.597,     -0.690,      0.804,     -0.637,     -0.828,      0.169,    β:       1.000
α:       0.597,     -0.690,      0.804,     -0.638,     -0.829,      0.169,    β:       1.000
α:       0.597,     -0.690,      0.804,     -0.638,     -0.830,      0.168,    β:       1.000
α:       0.596,     -0.690,      0.804,     -0.639,     -0.831,      0.168,    β:       1.000
α:       0.596,     -0.690,      0.804,     -0.640,     -0.832,      0.168,    β:       1.000
α:       0.596,     -0.690,      0.804,     -0.640,     -0.833,      0.167,    β:       1.000
α:       0.596,     -0.690,      0.804,     -0.641,     -0.834,      0.167,    β:       1.000
α:       0.596,     -0.690,      0.803,     -0.641,     -0.835,      0.166,    β:       1.000
α:       0.595,     -0.690,      0.803,     -0.642,     -0.836,      0.166,    β:       1.000
α:       0.595,     -0.690,      0.803,     -0.643,     -0.837,      0.166,    β:       1.000
α:       0.595,     -0.690,      0.803,     -0.643,     -0.838,      0.165,    β:       1.000
α:       0.595,     -0.690,      0.803,     -0.644,     -0.839,      0.165,    β:       1.000
α:       0.595,     -0.690,      0.803,     -0.644,     -0.839,      0.165,    β:       1.000
α:       0.595,     -0.690,      0.803,     -0.645,     -0.840,      0.164,    β:       1.000
α:       0.594,     -0.690,      0.803,     -0.646,     -0.841,      0.164,    β:       1.000
α:       0.594,     -0.690,      0.803,     -0.646,     -0.842,      0.164,    β:       1.000
α:       0.594,     -0.690,      0.803,     -0.647,     -0.843,      0.163,    β:       1.000
α:       0.594,     -0.690,      0.803,     -0.647,     -0.844,      0.163,    β:       1.000
α:       0.593,     -0.690,      0.803,     -0.648,     -0.845,      0.163,    β:       1.000
α:       0.593,     -0.690,      0.803,     -0.649,     -0.846,      0.162,    β:       1.000
α:       0.593,     -0.690,      0.803,     -0.649,     -0.847,      0.162,    β:       1.000
α:       0.593,     -0.690,      0.803,     -0.650,     -0.848,      0.162,    β:       1.000
α:       0.593,     -0.689,      0.803,     -0.650,     -0.849,      0.161,    β:       1.000
α:       0.592,     -0.689,      0.802,     -0.651,     -0.849,      0.161,    β:       1.000
α:       0.592,     -0.690,      0.802,     -0.652,     -0.850,      0.161,    β:       1.000
α:       0.592,     -0.689,      0.802,     -0.652,     -0.851,      0.160,    β:       1.000
α:       0.592,     -0.690,      0.802,     -0.653,     -0.852,      0.160,    β:       1.000
α:       0.592,     -0.690,      0.802,     -0.653,     -0.853,      0.160,    β:       1.000
α:       0.592,     -0.690,      0.802,     -0.654,     -0.854,      0.159,    β:       1.000
α:       0.591,     -0.690,      0.802,     -0.655,     -0.855,      0.159,    β:       1.000
α:       0.591,     -0.690,      0.802,     -0.655,     -0.856,      0.159,    β:       1.000
α:       0.591,     -0.690,      0.802,     -0.656,     -0.857,      0.158,    β:       1.000
α:       0.591,     -0.690,      0.802,     -0.656,     -0.857,      0.158,    β:       1.000
α:       0.591,     -0.690,      0.802,     -0.657,     -0.858,      0.157,    β:       1.000
α:       0.590,     -0.689,      0.802,     -0.657,     -0.859,      0.157,    β:       1.000
α:       0.590,     -0.689,      0.802,     -0.658,     -0.860,      0.157,    β:       1.000
α:       0.590,     -0.689,      0.802,     -0.659,     -0.861,      0.156,    β:       1.000
α:       0.589,     -0.689,      0.802,     -0.659,     -0.862,      0.156,    β:       1.000
α:       0.589,     -0.689,      0.802,     -0.660,     -0.862,      0.156,    β:       1.000
α:       0.589,     -0.689,      0.802,     -0.660,     -0.863,      0.155,    β:       1.000
α:       0.589,     -0.689,      0.801,     -0.661,     -0.864,      0.155,    β:       1.000
α:       0.589,     -0.689,      0.801,     -0.661,     -0.865,      0.155,    β:       1.000
α:       0.588,     -0.689,      0.801,     -0.662,     -0.866,      0.154,    β:       1.000
α:       0.588,     -0.689,      0.801,     -0.662,     -0.867,      0.154,    β:       1.000
α:       0.588,     -0.689,      0.801,     -0.663,     -0.867,      0.154,    β:       1.000
α:       0.588,     -0.689,      0.801,     -0.663,     -0.868,      0.153,    β:       1.000
α:       0.588,     -0.689,      0.801,     -0.664,     -0.869,      0.153,    β:       1.000
α:       0.587,     -0.689,      0.801,     -0.664,     -0.870,      0.152,    β:       1.000
α:       0.587,     -0.689,      0.801,     -0.665,     -0.871,      0.152,    β:       1.000
α:       0.587,     -0.689,      0.801,     -0.665,     -0.872,      0.152,    β:       1.000
α:       0.587,     -0.689,      0.801,     -0.666,     -0.872,      0.151,    β:       1.000
α:       0.587,     -0.689,      0.801,     -0.667,     -0.873,      0.151,    β:       1.000
α:       0.586,     -0.689,      0.800,     -0.667,     -0.874,      0.151,    β:       1.000
α:       0.586,     -0.689,      0.800,     -0.668,     -0.875,      0.150,    β:       1.000
α:       0.586,     -0.689,      0.801,     -0.668,     -0.876,      0.150,    β:       1.000
α:       0.586,     -0.689,      0.800,     -0.669,     -0.877,      0.150,    β:       1.000
α:       0.586,     -0.688,      0.800,     -0.669,     -0.877,      0.149,    β:       1.000
α:       0.586,     -0.688,      0.800,     -0.670,     -0.878,      0.149,    β:       1.000
α:       0.586,     -0.688,      0.800,     -0.670,     -0.879,      0.149,    β:       1.000
α:       0.586,     -0.688,      0.800,     -0.671,     -0.880,      0.148,    β:       1.000
α:       0.586,     -0.688,      0.800,     -0.671,     -0.881,      0.148,    β:       1.000
α:       0.585,     -0.688,      0.800,     -0.672,     -0.881,      0.148,    β:       1.000
α:       0.585,     -0.688,      0.800,     -0.672,     -0.882,      0.147,    β:       1.000
α:       0.585,     -0.688,      0.800,     -0.673,     -0.883,      0.147,    β:       1.000
α:       0.585,     -0.689,      0.800,     -0.673,     -0.884,      0.147,    β:       1.000
α:       0.585,     -0.689,      0.800,     -0.674,     -0.884,      0.146,    β:       1.000
α:       0.584,     -0.689,      0.800,     -0.674,     -0.885,      0.146,    β:       1.000
α:       0.584,     -0.689,      0.800,     -0.675,     -0.886,      0.146,    β:       1.000
α:       0.584,     -0.689,      0.800,     -0.675,     -0.887,      0.146,    β:       1.000
α:       0.584,     -0.689,      0.800,     -0.676,     -0.888,      0.145,    β:       1.000
α:       0.584,     -0.689,      0.800,     -0.676,     -0.888,      0.145,    β:       1.000
α:       0.584,     -0.689,      0.800,     -0.677,     -0.889,      0.145,    β:       1.000
α:       0.583,     -0.689,      0.800,     -0.677,     -0.890,      0.144,    β:       1.000
α:       0.583,     -0.689,      0.800,     -0.678,     -0.891,      0.144,    β:       1.000
α:       0.583,     -0.689,      0.800,     -0.678,     -0.891,      0.144,    β:       1.000
α:       0.583,     -0.689,      0.800,     -0.679,     -0.892,      0.143,    β:       1.000
α:       0.582,     -0.689,      0.800,     -0.679,     -0.893,      0.143,    β:       1.000
α:       0.582,     -0.689,      0.800,     -0.680,     -0.894,      0.143,    β:       1.000
α:       0.582,     -0.689,      0.800,     -0.680,     -0.894,      0.142,    β:       1.000
α:       0.582,     -0.689,      0.800,     -0.681,     -0.895,      0.142,    β:       1.000
α:       0.582,     -0.689,      0.800,     -0.681,     -0.896,      0.142,    β:       1.000
α:       0.582,     -0.688,      0.800,     -0.682,     -0.897,      0.141,    β:       1.000
α:       0.581,     -0.688,      0.800,     -0.682,     -0.897,      0.141,    β:       1.000
α:       0.581,     -0.688,      0.799,     -0.683,     -0.898,      0.141,    β:       1.000
α:       0.581,     -0.688,      0.799,     -0.683,     -0.899,      0.140,    β:       1.000
α:       0.581,     -0.688,      0.799,     -0.684,     -0.900,      0.140,    β:       1.000
α:       0.581,     -0.688,      0.799,     -0.684,     -0.900,      0.140,    β:       1.000
α:       0.581,     -0.688,      0.799,     -0.685,     -0.901,      0.140,    β:       1.000
α:       0.581,     -0.688,      0.799,     -0.685,     -0.902,      0.139,    β:       1.000
α:       0.581,     -0.688,      0.799,     -0.686,     -0.903,      0.139,    β:       1.000
α:       0.580,     -0.688,      0.799,     -0.686,     -0.903,      0.139,    β:       1.000
α:       0.580,     -0.688,      0.799,     -0.687,     -0.904,      0.138,    β:       1.000
α:       0.580,     -0.688,      0.799,     -0.687,     -0.905,      0.138,    β:       1.000
α:       0.580,     -0.688,      0.799,     -0.687,     -0.906,      0.138,    β:       1.000
α:       0.580,     -0.688,      0.799,     -0.688,     -0.906,      0.137,    β:       1.000
α:       0.580,     -0.688,      0.799,     -0.688,     -0.907,      0.137,    β:       1.000
α:       0.580,     -0.688,      0.799,     -0.689,     -0.908,      0.137,    β:       1.000
α:       0.579,     -0.688,      0.799,     -0.689,     -0.908,      0.136,    β:       1.000
α:       0.579,     -0.688,      0.799,     -0.690,     -0.909,      0.136,    β:       1.000
α:       0.579,     -0.688,      0.799,     -0.690,     -0.910,      0.136,    β:       1.000
α:       0.579,     -0.688,      0.799,     -0.691,     -0.910,      0.135,    β:       1.000
α:       0.579,     -0.688,      0.799,     -0.691,     -0.911,      0.135,    β:       1.000
α:       0.578,     -0.688,      0.799,     -0.691,     -0.912,      0.135,    β:       1.000
α:       0.578,     -0.688,      0.799,     -0.692,     -0.912,      0.134,    β:       1.000
α:       0.578,     -0.688,      0.799,     -0.692,     -0.913,      0.134,    β:       1.000
α:       0.578,     -0.688,      0.799,     -0.693,     -0.914,      0.134,    β:       1.000
α:       0.578,     -0.688,      0.799,     -0.693,     -0.914,      0.133,    β:       1.000
α:       0.577,     -0.688,      0.799,     -0.694,     -0.915,      0.133,    β:       1.000
α:       0.578,     -0.688,      0.798,     -0.694,     -0.916,      0.133,    β:       1.000
α:       0.577,     -0.688,      0.798,     -0.694,     -0.916,      0.132,    β:       1.000
α:       0.577,     -0.688,      0.799,     -0.695,     -0.917,      0.132,    β:       1.000
α:       0.577,     -0.688,      0.799,     -0.695,     -0.918,      0.132,    β:       1.000
α:       0.577,     -0.688,      0.798,     -0.696,     -0.918,      0.132,    β:       1.000
α:       0.577,     -0.688,      0.798,     -0.696,     -0.919,      0.131,    β:       1.000
α:       0.576,     -0.687,      0.798,     -0.696,     -0.920,      0.131,    β:       1.000
α:       0.576,     -0.688,      0.798,     -0.697,     -0.920,      0.131,    β:       1.000
α:       0.576,     -0.688,      0.798,     -0.697,     -0.921,      0.130,    β:       1.000
α:       0.576,     -0.688,      0.798,     -0.698,     -0.922,      0.130,    β:       1.000
α:       0.576,     -0.688,      0.798,     -0.698,     -0.922,      0.130,    β:       1.000
α:       0.576,     -0.687,      0.798,     -0.698,     -0.923,      0.129,    β:       1.000
α:       0.576,     -0.687,      0.798,     -0.699,     -0.924,      0.129,    β:       1.000
α:       0.576,     -0.687,      0.798,     -0.699,     -0.924,      0.129,    β:       1.000
α:       0.575,     -0.688,      0.798,     -0.700,     -0.925,      0.128,    β:       1.000
α:       0.575,     -0.688,      0.798,     -0.700,     -0.926,      0.128,    β:       1.000
α:       0.575,     -0.688,      0.798,     -0.701,     -0.926,      0.128,    β:       1.000
α:       0.575,     -0.688,      0.798,     -0.701,     -0.927,      0.128,    β:       1.000
α:       0.575,     -0.688,      0.798,     -0.701,     -0.928,      0.127,    β:       1.000
α:       0.575,     -0.688,      0.798,     -0.702,     -0.928,      0.127,    β:       1.000
α:       0.575,     -0.688,      0.798,     -0.702,     -0.929,      0.127,    β:       1.000
α:       0.575,     -0.688,      0.798,     -0.703,     -0.929,      0.126,    β:       1.000
α:       0.575,     -0.688,      0.798,     -0.703,     -0.930,      0.126,    β:       1.000
α:       0.575,     -0.688,      0.798,     -0.703,     -0.931,      0.126,    β:       1.000
α:       0.575,     -0.688,      0.798,     -0.704,     -0.931,      0.126,    β:       1.000
α:       0.574,     -0.688,      0.798,     -0.704,     -0.932,      0.125,    β:       1.000
α:       0.574,     -0.688,      0.798,     -0.705,     -0.933,      0.125,    β:       1.000
α:       0.574,     -0.688,      0.798,     -0.705,     -0.933,      0.125,    β:       1.000
α:       0.574,     -0.688,      0.798,     -0.706,     -0.934,      0.124,    β:       1.000
α:       0.574,     -0.688,      0.798,     -0.706,     -0.934,      0.124,    β:       1.000
α:       0.574,     -0.688,      0.798,     -0.706,     -0.935,      0.124,    β:       1.000
α:       0.574,     -0.688,      0.798,     -0.707,     -0.936,      0.124,    β:       1.000
α:       0.573,     -0.688,      0.797,     -0.707,     -0.936,      0.123,    β:       1.000
α:       0.573,     -0.688,      0.797,     -0.707,     -0.937,      0.123,    β:       1.000
α:       0.573,     -0.688,      0.797,     -0.708,     -0.937,      0.123,    β:       1.000
α:       0.573,     -0.688,      0.797,     -0.708,     -0.938,      0.122,    β:       1.000
α:       0.573,     -0.688,      0.797,     -0.709,     -0.939,      0.122,    β:       1.000
α:       0.573,     -0.688,      0.797,     -0.709,     -0.939,      0.122,    β:       1.000
α:       0.573,     -0.687,      0.797,     -0.709,     -0.940,      0.121,    β:       1.000
α:       0.572,     -0.687,      0.797,     -0.710,     -0.941,      0.121,    β:       1.000
α:       0.572,     -0.687,      0.797,     -0.710,     -0.941,      0.121,    β:       1.000
α:       0.572,     -0.687,      0.797,     -0.710,     -0.942,      0.120,    β:       1.000
α:       0.572,     -0.687,      0.797,     -0.711,     -0.942,      0.120,    β:       1.000
α:       0.572,     -0.687,      0.797,     -0.711,     -0.943,      0.120,    β:       1.000
α:       0.572,     -0.687,      0.797,     -0.712,     -0.943,      0.120,    β:       1.000
α:       0.572,     -0.687,      0.797,     -0.712,     -0.944,      0.119,    β:       1.000
α:       0.572,     -0.688,      0.797,     -0.712,     -0.945,      0.119,    β:       1.000
α:       0.571,     -0.688,      0.797,     -0.713,     -0.945,      0.119,    β:       1.000
α:       0.571,     -0.687,      0.797,     -0.713,     -0.946,      0.118,    β:       1.000
α:       0.571,     -0.687,      0.797,     -0.713,     -0.946,      0.118,    β:       1.000
α:       0.571,     -0.688,      0.797,     -0.714,     -0.947,      0.118,    β:       1.000
α:       0.571,     -0.688,      0.797,     -0.714,     -0.947,      0.118,    β:       1.000
α:       0.571,     -0.688,      0.796,     -0.715,     -0.948,      0.117,    β:       1.000
α:       0.570,     -0.688,      0.796,     -0.715,     -0.949,      0.117,    β:       1.000
α:       0.570,     -0.688,      0.796,     -0.715,     -0.949,      0.117,    β:       1.000
α:       0.570,     -0.688,      0.796,     -0.716,     -0.950,      0.116,    β:       1.000
α:       0.570,     -0.688,      0.796,     -0.716,     -0.950,      0.116,    β:       1.000
α:       0.570,     -0.688,      0.796,     -0.716,     -0.951,      0.116,    β:       1.000
α:       0.570,     -0.688,      0.796,     -0.717,     -0.951,      0.116,    β:       1.000
α:       0.570,     -0.688,      0.796,     -0.717,     -0.952,      0.115,    β:       1.000
α:       0.570,     -0.688,      0.796,     -0.717,     -0.952,      0.115,    β:       1.000
α:       0.570,     -0.688,      0.796,     -0.718,     -0.953,      0.115,    β:       1.000
α:       0.570,     -0.688,      0.796,     -0.718,     -0.953,      0.114,    β:       1.000
α:       0.569,     -0.688,      0.796,     -0.718,     -0.954,      0.114,    β:       1.000
α:       0.569,     -0.688,      0.796,     -0.719,     -0.955,      0.114,    β:       1.000
α:       0.569,     -0.688,      0.796,     -0.719,     -0.955,      0.114,    β:       1.000
α:       0.569,     -0.688,      0.796,     -0.719,     -0.956,      0.113,    β:       1.000
α:       0.569,     -0.688,      0.796,     -0.720,     -0.956,      0.113,    β:       1.000
α:       0.569,     -0.688,      0.796,     -0.720,     -0.957,      0.113,    β:       1.000
α:       0.569,     -0.688,      0.795,     -0.720,     -0.957,      0.113,    β:       1.000
α:       0.569,     -0.688,      0.796,     -0.721,     -0.958,      0.112,    β:       1.000
α:       0.569,     -0.688,      0.796,     -0.721,     -0.958,      0.112,    β:       1.000
α:       0.569,     -0.688,      0.795,     -0.721,     -0.959,      0.112,    β:       1.000
α:       0.569,     -0.688,      0.795,     -0.722,     -0.959,      0.111,    β:       1.000
α:       0.569,     -0.688,      0.796,     -0.722,     -0.960,      0.111,    β:       1.000
α:       0.569,     -0.688,      0.796,     -0.722,     -0.961,      0.111,    β:       1.000
α:       0.569,     -0.688,      0.796,     -0.723,     -0.961,      0.111,    β:       1.000
α:       0.568,     -0.688,      0.796,     -0.723,     -0.962,      0.110,    β:       1.000
α:       0.568,     -0.688,      0.796,     -0.723,     -0.962,      0.110,    β:       1.000
α:       0.568,     -0.688,      0.796,     -0.724,     -0.963,      0.110,    β:       1.000
α:       0.568,     -0.688,      0.796,     -0.724,     -0.963,      0.110,    β:       1.000
α:       0.568,     -0.688,      0.796,     -0.724,     -0.964,      0.109,    β:       1.000
α:       0.568,     -0.688,      0.796,     -0.725,     -0.964,      0.109,    β:       1.000
α:       0.567,     -0.688,      0.796,     -0.725,     -0.965,      0.109,    β:       1.000
α:       0.567,     -0.687,      0.796,     -0.725,     -0.965,      0.109,    β:       1.000
α:       0.567,     -0.687,      0.796,     -0.726,     -0.966,      0.108,    β:       1.000
α:       0.567,     -0.687,      0.796,     -0.726,     -0.966,      0.108,    β:       1.000
α:       0.567,     -0.687,      0.796,     -0.726,     -0.967,      0.108,    β:       1.000
α:       0.566,     -0.688,      0.796,     -0.726,     -0.967,      0.108,    β:       1.000
α:       0.566,     -0.688,      0.796,     -0.727,     -0.968,      0.107,    β:       1.000
α:       0.566,     -0.688,      0.796,     -0.727,     -0.968,      0.107,    β:       1.000
α:       0.566,     -0.688,      0.796,     -0.727,     -0.969,      0.107,    β:       1.000
α:       0.566,     -0.688,      0.796,     -0.728,     -0.969,      0.107,    β:       1.000
α:       0.566,     -0.688,      0.796,     -0.728,     -0.970,      0.106,    β:       1.000
