α0:     -0.214,     -0.670,     -0.732,     -1.102,      1.170,      0.381,    β0:      1.000
α:      -0.130,     -0.143,     -0.143,     -0.049,      0.051,      0.049,    β:       1.000
α:      -0.204,     -0.228,     -0.228,     -0.080,      0.084,      0.080,    β:       1.000
α:      -0.255,     -0.290,     -0.290,     -0.103,      0.108,      0.103,    β:       1.000
α:      -0.293,     -0.340,     -0.340,     -0.122,      0.129,      0.121,    β:       1.000
α:      -0.324,     -0.381,     -0.381,     -0.138,      0.146,      0.137,    β:       1.000
α:      -0.349,     -0.416,     -0.416,     -0.152,      0.162,      0.150,    β:       1.000
α:      -0.371,     -0.446,     -0.446,     -0.165,      0.176,      0.162,    β:       1.000
α:      -0.389,     -0.474,     -0.473,     -0.176,      0.189,      0.173,    β:       1.000
α:      -0.404,     -0.498,     -0.498,     -0.186,      0.200,      0.182,    β:       1.000
α:      -0.417,     -0.520,     -0.520,     -0.196,      0.211,      0.191,    β:       1.000
α:      -0.429,     -0.540,     -0.540,     -0.205,      0.222,      0.199,    β:       1.000
α:      -0.439,     -0.558,     -0.558,     -0.213,      0.231,      0.207,    β:       1.000
α:      -0.448,     -0.575,     -0.574,     -0.220,      0.241,      0.213,    β:       1.000
α:      -0.456,     -0.590,     -0.590,     -0.228,      0.250,      0.220,    β:       1.000
α:      -0.463,     -0.605,     -0.604,     -0.234,      0.258,      0.226,    β:       1.000
α:      -0.468,     -0.618,     -0.617,     -0.241,      0.266,      0.231,    β:       1.000
α:      -0.474,     -0.630,     -0.629,     -0.247,      0.274,      0.236,    β:       1.000
α:      -0.478,     -0.642,     -0.640,     -0.253,      0.281,      0.241,    β:       1.000
α:      -0.482,     -0.653,     -0.651,     -0.259,      0.288,      0.246,    β:       1.000
α:      -0.486,     -0.663,     -0.661,     -0.264,      0.295,      0.251,    β:       1.000
α:      -0.489,     -0.672,     -0.670,     -0.270,      0.302,      0.255,    β:       1.000
α:      -0.492,     -0.681,     -0.679,     -0.275,      0.308,      0.259,    β:       1.000
α:      -0.494,     -0.689,     -0.687,     -0.279,      0.315,      0.262,    β:       1.000
α:      -0.496,     -0.697,     -0.694,     -0.284,      0.321,      0.266,    β:       1.000
α:      -0.498,     -0.704,     -0.701,     -0.289,      0.327,      0.269,    β:       1.000
α:      -0.499,     -0.711,     -0.708,     -0.293,      0.333,      0.273,    β:       1.000
α:      -0.500,     -0.717,     -0.715,     -0.297,      0.339,      0.276,    β:       1.000
α:      -0.501,     -0.723,     -0.720,     -0.302,      0.344,      0.279,    β:       1.000
α:      -0.502,     -0.729,     -0.726,     -0.306,      0.350,      0.282,    β:       1.000
α:      -0.502,     -0.735,     -0.731,     -0.310,      0.355,      0.284,    β:       1.000
α:      -0.503,     -0.740,     -0.736,     -0.314,      0.360,      0.287,    β:       1.000
α:      -0.503,     -0.745,     -0.741,     -0.317,      0.366,      0.289,    β:       1.000
α:      -0.503,     -0.749,     -0.745,     -0.321,      0.371,      0.292,    β:       1.000
α:      -0.503,     -0.754,     -0.750,     -0.325,      0.376,      0.294,    β:       1.000
α:      -0.503,     -0.757,     -0.754,     -0.328,      0.381,      0.296,    β:       1.000
α:      -0.503,     -0.761,     -0.757,     -0.332,      0.386,      0.299,    β:       1.000
α:      -0.503,     -0.765,     -0.761,     -0.335,      0.391,      0.301,    β:       1.000
α:      -0.502,     -0.768,     -0.764,     -0.338,      0.395,      0.303,    β:       1.000
α:      -0.502,     -0.772,     -0.767,     -0.342,      0.400,      0.305,    β:       1.000
α:      -0.501,     -0.775,     -0.770,     -0.345,      0.405,      0.306,    β:       1.000
α:      -0.501,     -0.778,     -0.773,     -0.348,      0.409,      0.308,    β:       1.000
α:      -0.500,     -0.780,     -0.775,     -0.351,      0.414,      0.310,    β:       1.000
α:      -0.500,     -0.783,     -0.778,     -0.355,      0.418,      0.312,    β:       1.000
α:      -0.499,     -0.786,     -0.780,     -0.358,      0.423,      0.313,    β:       1.000
α:      -0.499,     -0.788,     -0.782,     -0.361,      0.427,      0.315,    β:       1.000
α:      -0.498,     -0.790,     -0.785,     -0.364,      0.431,      0.317,    β:       1.000
α:      -0.497,     -0.792,     -0.786,     -0.367,      0.436,      0.318,    β:       1.000
α:      -0.497,     -0.794,     -0.788,     -0.370,      0.440,      0.320,    β:       1.000
α:      -0.496,     -0.796,     -0.790,     -0.372,      0.444,      0.321,    β:       1.000
α:      -0.495,     -0.798,     -0.792,     -0.375,      0.448,      0.322,    β:       1.000
α:      -0.495,     -0.800,     -0.793,     -0.378,      0.452,      0.324,    β:       1.000
α:      -0.494,     -0.801,     -0.795,     -0.381,      0.457,      0.325,    β:       1.000
α:      -0.493,     -0.803,     -0.796,     -0.384,      0.461,      0.326,    β:       1.000
α:      -0.492,     -0.804,     -0.797,     -0.386,      0.465,      0.328,    β:       1.000
α:      -0.491,     -0.805,     -0.798,     -0.389,      0.468,      0.329,    β:       1.000
α:      -0.490,     -0.807,     -0.800,     -0.391,      0.472,      0.330,    β:       1.000
α:      -0.489,     -0.808,     -0.800,     -0.394,      0.476,      0.331,    β:       1.000
α:      -0.488,     -0.809,     -0.801,     -0.397,      0.480,      0.332,    β:       1.000
α:      -0.487,     -0.810,     -0.802,     -0.399,      0.484,      0.333,    β:       1.000
α:      -0.487,     -0.811,     -0.803,     -0.402,      0.488,      0.335,    β:       1.000
α:      -0.486,     -0.812,     -0.804,     -0.404,      0.492,      0.336,    β:       1.000
α:      -0.485,     -0.813,     -0.805,     -0.407,      0.496,      0.337,    β:       1.000
α:      -0.484,     -0.814,     -0.805,     -0.410,      0.499,      0.338,    β:       1.000
α:      -0.483,     -0.814,     -0.806,     -0.412,      0.503,      0.339,    β:       1.000
α:      -0.482,     -0.815,     -0.806,     -0.414,      0.507,      0.340,    β:       1.000
α:      -0.481,     -0.816,     -0.807,     -0.417,      0.510,      0.341,    β:       1.000
α:      -0.480,     -0.816,     -0.808,     -0.419,      0.514,      0.342,    β:       1.000
α:      -0.479,     -0.817,     -0.808,     -0.422,      0.518,      0.342,    β:       1.000
α:      -0.479,     -0.818,     -0.808,     -0.424,      0.521,      0.343,    β:       1.000
α:      -0.478,     -0.818,     -0.809,     -0.427,      0.525,      0.344,    β:       1.000
α:      -0.477,     -0.819,     -0.809,     -0.429,      0.529,      0.345,    β:       1.000
α:      -0.476,     -0.819,     -0.809,     -0.431,      0.532,      0.346,    β:       1.000
α:      -0.475,     -0.819,     -0.809,     -0.434,      0.536,      0.347,    β:       1.000
α:      -0.474,     -0.820,     -0.810,     -0.436,      0.539,      0.348,    β:       1.000
α:      -0.473,     -0.820,     -0.810,     -0.438,      0.543,      0.349,    β:       1.000
α:      -0.472,     -0.820,     -0.810,     -0.441,      0.546,      0.349,    β:       1.000
α:      -0.472,     -0.821,     -0.810,     -0.443,      0.550,      0.350,    β:       1.000
α:      -0.470,     -0.821,     -0.810,     -0.445,      0.553,      0.351,    β:       1.000
α:      -0.469,     -0.821,     -0.810,     -0.447,      0.557,      0.352,    β:       1.000
α:      -0.468,     -0.821,     -0.810,     -0.450,      0.560,      0.353,    β:       1.000
α:      -0.467,     -0.822,     -0.810,     -0.452,      0.563,      0.353,    β:       1.000
α:      -0.467,     -0.822,     -0.810,     -0.454,      0.567,      0.354,    β:       1.000
α:      -0.466,     -0.822,     -0.810,     -0.456,      0.570,      0.355,    β:       1.000
α:      -0.465,     -0.822,     -0.810,     -0.458,      0.573,      0.356,    β:       1.000
α:      -0.464,     -0.822,     -0.810,     -0.460,      0.577,      0.357,    β:       1.000
α:      -0.463,     -0.822,     -0.810,     -0.463,      0.580,      0.357,    β:       1.000
α:      -0.462,     -0.822,     -0.810,     -0.465,      0.583,      0.358,    β:       1.000
α:      -0.461,     -0.822,     -0.810,     -0.467,      0.586,      0.359,    β:       1.000
α:      -0.460,     -0.822,     -0.810,     -0.469,      0.590,      0.359,    β:       1.000
α:      -0.460,     -0.822,     -0.810,     -0.471,      0.593,      0.360,    β:       1.000
α:      -0.459,     -0.822,     -0.809,     -0.473,      0.596,      0.361,    β:       1.000
α:      -0.458,     -0.822,     -0.809,     -0.475,      0.599,      0.361,    β:       1.000
α:      -0.457,     -0.822,     -0.809,     -0.477,      0.602,      0.362,    β:       1.000
α:      -0.456,     -0.822,     -0.809,     -0.479,      0.606,      0.363,    β:       1.000
α:      -0.455,     -0.822,     -0.808,     -0.481,      0.609,      0.363,    β:       1.000
α:      -0.455,     -0.822,     -0.808,     -0.483,      0.612,      0.364,    β:       1.000
α:      -0.454,     -0.822,     -0.808,     -0.485,      0.615,      0.365,    β:       1.000
α:      -0.453,     -0.821,     -0.808,     -0.487,      0.618,      0.366,    β:       1.000
α:      -0.452,     -0.821,     -0.807,     -0.489,      0.621,      0.366,    β:       1.000
α:      -0.451,     -0.821,     -0.807,     -0.491,      0.624,      0.367,    β:       1.000
α:      -0.450,     -0.821,     -0.807,     -0.493,      0.627,      0.367,    β:       1.000
α:      -0.450,     -0.821,     -0.806,     -0.495,      0.630,      0.368,    β:       1.000
α:      -0.449,     -0.821,     -0.806,     -0.497,      0.634,      0.369,    β:       1.000
α:      -0.449,     -0.820,     -0.806,     -0.499,      0.637,      0.369,    β:       1.000
α:      -0.448,     -0.820,     -0.806,     -0.501,      0.640,      0.370,    β:       1.000
α:      -0.447,     -0.820,     -0.805,     -0.503,      0.643,      0.371,    β:       1.000
α:      -0.446,     -0.820,     -0.805,     -0.505,      0.646,      0.371,    β:       1.000
α:      -0.446,     -0.820,     -0.805,     -0.507,      0.649,      0.372,    β:       1.000
α:      -0.445,     -0.819,     -0.804,     -0.509,      0.652,      0.372,    β:       1.000
α:      -0.444,     -0.819,     -0.804,     -0.511,      0.655,      0.373,    β:       1.000
α:      -0.443,     -0.819,     -0.804,     -0.513,      0.658,      0.374,    β:       1.000
α:      -0.443,     -0.819,     -0.804,     -0.515,      0.661,      0.374,    β:       1.000
α:      -0.442,     -0.818,     -0.803,     -0.517,      0.663,      0.375,    β:       1.000
α:      -0.441,     -0.818,     -0.803,     -0.518,      0.666,      0.375,    β:       1.000
α:      -0.440,     -0.818,     -0.803,     -0.520,      0.669,      0.376,    β:       1.000
α:      -0.440,     -0.818,     -0.802,     -0.522,      0.672,      0.377,    β:       1.000
α:      -0.439,     -0.817,     -0.802,     -0.524,      0.675,      0.377,    β:       1.000
α:      -0.438,     -0.817,     -0.801,     -0.526,      0.678,      0.378,    β:       1.000
α:      -0.438,     -0.817,     -0.801,     -0.528,      0.681,      0.378,    β:       1.000
α:      -0.437,     -0.817,     -0.801,     -0.530,      0.683,      0.379,    β:       1.000
α:      -0.436,     -0.816,     -0.800,     -0.532,      0.686,      0.380,    β:       1.000
α:      -0.436,     -0.816,     -0.800,     -0.533,      0.689,      0.380,    β:       1.000
α:      -0.435,     -0.816,     -0.800,     -0.535,      0.692,      0.381,    β:       1.000
α:      -0.434,     -0.815,     -0.799,     -0.537,      0.695,      0.381,    β:       1.000
α:      -0.434,     -0.815,     -0.799,     -0.539,      0.697,      0.382,    β:       1.000
α:      -0.433,     -0.815,     -0.799,     -0.541,      0.700,      0.383,    β:       1.000
α:      -0.432,     -0.814,     -0.798,     -0.542,      0.703,      0.383,    β:       1.000
α:      -0.432,     -0.814,     -0.798,     -0.544,      0.706,      0.384,    β:       1.000
α:      -0.431,     -0.814,     -0.797,     -0.546,      0.708,      0.384,    β:       1.000
α:      -0.430,     -0.813,     -0.797,     -0.548,      0.711,      0.385,    β:       1.000
α:      -0.429,     -0.813,     -0.797,     -0.549,      0.714,      0.385,    β:       1.000
α:      -0.429,     -0.813,     -0.796,     -0.551,      0.716,      0.386,    β:       1.000
α:      -0.428,     -0.812,     -0.796,     -0.553,      0.719,      0.387,    β:       1.000
α:      -0.427,     -0.812,     -0.795,     -0.554,      0.722,      0.387,    β:       1.000
α:      -0.427,     -0.812,     -0.795,     -0.556,      0.724,      0.388,    β:       1.000
α:      -0.426,     -0.812,     -0.794,     -0.558,      0.727,      0.388,    β:       1.000
α:      -0.425,     -0.811,     -0.794,     -0.560,      0.730,      0.389,    β:       1.000
α:      -0.425,     -0.811,     -0.794,     -0.561,      0.732,      0.389,    β:       1.000
α:      -0.424,     -0.811,     -0.793,     -0.563,      0.735,      0.390,    β:       1.000
α:      -0.424,     -0.810,     -0.793,     -0.565,      0.738,      0.390,    β:       1.000
α:      -0.423,     -0.810,     -0.792,     -0.566,      0.740,      0.391,    β:       1.000
α:      -0.422,     -0.810,     -0.792,     -0.568,      0.743,      0.392,    β:       1.000
α:      -0.422,     -0.809,     -0.792,     -0.570,      0.745,      0.392,    β:       1.000
α:      -0.421,     -0.809,     -0.791,     -0.571,      0.748,      0.393,    β:       1.000
α:      -0.421,     -0.809,     -0.791,     -0.573,      0.751,      0.393,    β:       1.000
α:      -0.420,     -0.809,     -0.790,     -0.575,      0.753,      0.394,    β:       1.000
α:      -0.419,     -0.808,     -0.790,     -0.576,      0.756,      0.394,    β:       1.000
α:      -0.419,     -0.808,     -0.789,     -0.578,      0.758,      0.395,    β:       1.000
α:      -0.418,     -0.808,     -0.789,     -0.579,      0.761,      0.395,    β:       1.000
α:      -0.418,     -0.807,     -0.788,     -0.581,      0.763,      0.396,    β:       1.000
α:      -0.417,     -0.807,     -0.788,     -0.583,      0.766,      0.396,    β:       1.000
α:      -0.416,     -0.807,     -0.788,     -0.584,      0.768,      0.397,    β:       1.000
α:      -0.416,     -0.807,     -0.787,     -0.586,      0.771,      0.398,    β:       1.000
α:      -0.416,     -0.806,     -0.787,     -0.587,      0.773,      0.398,    β:       1.000
α:      -0.415,     -0.806,     -0.786,     -0.589,      0.776,      0.399,    β:       1.000
α:      -0.414,     -0.806,     -0.786,     -0.591,      0.778,      0.399,    β:       1.000
α:      -0.414,     -0.805,     -0.786,     -0.592,      0.781,      0.400,    β:       1.000
α:      -0.413,     -0.805,     -0.785,     -0.594,      0.783,      0.400,    β:       1.000
α:      -0.413,     -0.805,     -0.785,     -0.595,      0.785,      0.401,    β:       1.000
α:      -0.412,     -0.804,     -0.784,     -0.597,      0.788,      0.401,    β:       1.000
α:      -0.412,     -0.804,     -0.784,     -0.598,      0.790,      0.402,    β:       1.000
α:      -0.411,     -0.804,     -0.783,     -0.600,      0.793,      0.402,    β:       1.000
α:      -0.411,     -0.803,     -0.783,     -0.601,      0.795,      0.403,    β:       1.000
α:      -0.410,     -0.803,     -0.782,     -0.603,      0.797,      0.404,    β:       1.000
α:      -0.409,     -0.803,     -0.782,     -0.604,      0.800,      0.404,    β:       1.000
α:      -0.409,     -0.802,     -0.782,     -0.606,      0.802,      0.405,    β:       1.000
α:      -0.408,     -0.802,     -0.781,     -0.607,      0.804,      0.405,    β:       1.000
α:      -0.407,     -0.802,     -0.781,     -0.609,      0.807,      0.406,    β:       1.000
α:      -0.407,     -0.801,     -0.780,     -0.610,      0.809,      0.406,    β:       1.000
α:      -0.406,     -0.801,     -0.780,     -0.612,      0.811,      0.407,    β:       1.000
α:      -0.406,     -0.801,     -0.780,     -0.613,      0.814,      0.407,    β:       1.000
α:      -0.405,     -0.800,     -0.779,     -0.615,      0.816,      0.408,    β:       1.000
α:      -0.405,     -0.800,     -0.779,     -0.616,      0.818,      0.408,    β:       1.000
α:      -0.404,     -0.800,     -0.778,     -0.618,      0.821,      0.409,    β:       1.000
α:      -0.404,     -0.799,     -0.778,     -0.619,      0.823,      0.409,    β:       1.000
α:      -0.403,     -0.799,     -0.778,     -0.621,      0.825,      0.410,    β:       1.000
α:      -0.402,     -0.799,     -0.777,     -0.622,      0.828,      0.410,    β:       1.000
α:      -0.402,     -0.798,     -0.777,     -0.623,      0.830,      0.411,    β:       1.000
α:      -0.401,     -0.798,     -0.777,     -0.625,      0.832,      0.412,    β:       1.000
α:      -0.401,     -0.798,     -0.776,     -0.626,      0.834,      0.412,    β:       1.000
α:      -0.400,     -0.798,     -0.776,     -0.628,      0.837,      0.413,    β:       1.000
α:      -0.400,     -0.797,     -0.775,     -0.629,      0.839,      0.413,    β:       1.000
α:      -0.399,     -0.797,     -0.775,     -0.631,      0.841,      0.414,    β:       1.000
α:      -0.399,     -0.797,     -0.774,     -0.632,      0.843,      0.414,    β:       1.000
α:      -0.398,     -0.797,     -0.774,     -0.634,      0.845,      0.415,    β:       1.000
α:      -0.398,     -0.796,     -0.774,     -0.635,      0.848,      0.415,    β:       1.000
α:      -0.398,     -0.796,     -0.773,     -0.636,      0.850,      0.416,    β:       1.000
α:      -0.397,     -0.796,     -0.773,     -0.638,      0.852,      0.416,    β:       1.000
α:      -0.397,     -0.796,     -0.772,     -0.639,      0.854,      0.417,    β:       1.000
α:      -0.396,     -0.795,     -0.772,     -0.640,      0.856,      0.417,    β:       1.000
α:      -0.396,     -0.795,     -0.772,     -0.642,      0.859,      0.418,    β:       1.000
α:      -0.395,     -0.794,     -0.771,     -0.643,      0.861,      0.418,    β:       1.000
α:      -0.395,     -0.794,     -0.771,     -0.645,      0.863,      0.419,    β:       1.000
α:      -0.394,     -0.794,     -0.771,     -0.646,      0.865,      0.419,    β:       1.000
α:      -0.394,     -0.794,     -0.770,     -0.647,      0.867,      0.420,    β:       1.000
α:      -0.393,     -0.793,     -0.770,     -0.649,      0.869,      0.420,    β:       1.000
α:      -0.393,     -0.793,     -0.769,     -0.650,      0.871,      0.421,    β:       1.000
α:      -0.392,     -0.793,     -0.769,     -0.651,      0.873,      0.422,    β:       1.000
α:      -0.392,     -0.792,     -0.769,     -0.653,      0.876,      0.422,    β:       1.000
α:      -0.391,     -0.792,     -0.768,     -0.654,      0.878,      0.423,    β:       1.000
α:      -0.391,     -0.792,     -0.768,     -0.655,      0.880,      0.423,    β:       1.000
α:      -0.390,     -0.792,     -0.768,     -0.657,      0.882,      0.424,    β:       1.000
α:      -0.390,     -0.791,     -0.767,     -0.658,      0.884,      0.424,    β:       1.000
α:      -0.389,     -0.791,     -0.767,     -0.659,      0.886,      0.425,    β:       1.000
α:      -0.389,     -0.791,     -0.767,     -0.660,      0.888,      0.425,    β:       1.000
α:      -0.389,     -0.791,     -0.766,     -0.662,      0.890,      0.426,    β:       1.000
α:      -0.388,     -0.791,     -0.766,     -0.663,      0.892,      0.426,    β:       1.000
α:      -0.388,     -0.790,     -0.766,     -0.664,      0.894,      0.427,    β:       1.000
α:      -0.387,     -0.790,     -0.765,     -0.666,      0.896,      0.427,    β:       1.000
α:      -0.387,     -0.790,     -0.765,     -0.667,      0.898,      0.428,    β:       1.000
α:      -0.387,     -0.789,     -0.764,     -0.668,      0.900,      0.428,    β:       1.000
α:      -0.386,     -0.789,     -0.764,     -0.669,      0.902,      0.429,    β:       1.000
α:      -0.386,     -0.789,     -0.764,     -0.671,      0.904,      0.429,    β:       1.000
α:      -0.385,     -0.788,     -0.763,     -0.672,      0.906,      0.430,    β:       1.000
α:      -0.385,     -0.788,     -0.763,     -0.673,      0.908,      0.430,    β:       1.000
α:      -0.384,     -0.788,     -0.763,     -0.674,      0.910,      0.431,    β:       1.000
α:      -0.384,     -0.787,     -0.762,     -0.676,      0.912,      0.431,    β:       1.000
α:      -0.383,     -0.787,     -0.762,     -0.677,      0.914,      0.432,    β:       1.000
α:      -0.383,     -0.787,     -0.762,     -0.678,      0.916,      0.432,    β:       1.000
α:      -0.383,     -0.787,     -0.761,     -0.679,      0.918,      0.433,    β:       1.000
α:      -0.382,     -0.786,     -0.761,     -0.681,      0.920,      0.433,    β:       1.000
α:      -0.382,     -0.786,     -0.761,     -0.682,      0.922,      0.434,    β:       1.000
α:      -0.381,     -0.786,     -0.761,     -0.683,      0.924,      0.434,    β:       1.000
α:      -0.381,     -0.786,     -0.760,     -0.684,      0.925,      0.435,    β:       1.000
α:      -0.381,     -0.785,     -0.760,     -0.685,      0.927,      0.436,    β:       1.000
α:      -0.380,     -0.785,     -0.759,     -0.687,      0.929,      0.436,    β:       1.000
α:      -0.380,     -0.785,     -0.759,     -0.688,      0.931,      0.437,    β:       1.000
α:      -0.380,     -0.784,     -0.759,     -0.689,      0.933,      0.437,    β:       1.000
α:      -0.379,     -0.784,     -0.758,     -0.690,      0.935,      0.438,    β:       1.000
α:      -0.378,     -0.784,     -0.758,     -0.691,      0.937,      0.438,    β:       1.000
α:      -0.378,     -0.784,     -0.758,     -0.692,      0.939,      0.439,    β:       1.000
α:      -0.378,     -0.783,     -0.757,     -0.694,      0.940,      0.439,    β:       1.000
α:      -0.377,     -0.783,     -0.757,     -0.695,      0.942,      0.440,    β:       1.000
α:      -0.377,     -0.783,     -0.757,     -0.696,      0.944,      0.440,    β:       1.000
α:      -0.376,     -0.783,     -0.757,     -0.697,      0.946,      0.441,    β:       1.000
α:      -0.376,     -0.782,     -0.756,     -0.698,      0.948,      0.441,    β:       1.000
α:      -0.375,     -0.782,     -0.756,     -0.699,      0.950,      0.442,    β:       1.000
α:      -0.375,     -0.782,     -0.756,     -0.701,      0.951,      0.442,    β:       1.000
α:      -0.374,     -0.782,     -0.755,     -0.702,      0.953,      0.443,    β:       1.000
α:      -0.374,     -0.781,     -0.755,     -0.703,      0.955,      0.443,    β:       1.000
α:      -0.374,     -0.781,     -0.755,     -0.704,      0.957,      0.444,    β:       1.000
α:      -0.374,     -0.781,     -0.754,     -0.705,      0.959,      0.444,    β:       1.000
α:      -0.373,     -0.780,     -0.754,     -0.706,      0.960,      0.445,    β:       1.000
α:      -0.373,     -0.780,     -0.754,     -0.707,      0.962,      0.445,    β:       1.000
α:      -0.373,     -0.780,     -0.754,     -0.708,      0.964,      0.446,    β:       1.000
α:      -0.372,     -0.780,     -0.753,     -0.710,      0.966,      0.446,    β:       1.000
α:      -0.372,     -0.779,     -0.753,     -0.711,      0.967,      0.447,    β:       1.000
α:      -0.371,     -0.779,     -0.752,     -0.712,      0.969,      0.447,    β:       1.000
α:      -0.371,     -0.779,     -0.752,     -0.713,      0.971,      0.448,    β:       1.000
α:      -0.370,     -0.778,     -0.752,     -0.714,      0.973,      0.448,    β:       1.000
α:      -0.370,     -0.778,     -0.752,     -0.715,      0.974,      0.449,    β:       1.000
α:      -0.370,     -0.778,     -0.751,     -0.716,      0.976,      0.449,    β:       1.000
α:      -0.369,     -0.778,     -0.751,     -0.717,      0.978,      0.450,    β:       1.000
α:      -0.369,     -0.778,     -0.751,     -0.718,      0.980,      0.450,    β:       1.000
α:      -0.368,     -0.778,     -0.751,     -0.719,      0.981,      0.451,    β:       1.000
α:      -0.368,     -0.777,     -0.750,     -0.721,      0.983,      0.451,    β:       1.000
α:      -0.368,     -0.777,     -0.750,     -0.722,      0.985,      0.452,    β:       1.000
α:      -0.367,     -0.777,     -0.750,     -0.723,      0.986,      0.452,    β:       1.000
α:      -0.367,     -0.776,     -0.749,     -0.724,      0.988,      0.453,    β:       1.000
α:      -0.366,     -0.776,     -0.749,     -0.725,      0.990,      0.453,    β:       1.000
α:      -0.366,     -0.776,     -0.749,     -0.726,      0.991,      0.454,    β:       1.000
α:      -0.366,     -0.776,     -0.749,     -0.727,      0.993,      0.454,    β:       1.000
α:      -0.365,     -0.776,     -0.748,     -0.728,      0.995,      0.455,    β:       1.000
α:      -0.365,     -0.775,     -0.748,     -0.729,      0.996,      0.455,    β:       1.000
α:      -0.365,     -0.775,     -0.747,     -0.730,      0.998,      0.456,    β:       1.000
α:      -0.364,     -0.775,     -0.747,     -0.731,      1.000,      0.456,    β:       1.000
α:      -0.364,     -0.775,     -0.747,     -0.732,      1.001,      0.457,    β:       1.000
α:      -0.363,     -0.774,     -0.747,     -0.733,      1.003,      0.457,    β:       1.000
α:      -0.363,     -0.774,     -0.747,     -0.734,      1.005,      0.458,    β:       1.000
α:      -0.362,     -0.774,     -0.746,     -0.735,      1.006,      0.458,    β:       1.000
α:      -0.362,     -0.774,     -0.746,     -0.736,      1.008,      0.459,    β:       1.000
α:      -0.362,     -0.773,     -0.746,     -0.737,      1.009,      0.459,    β:       1.000
α:      -0.362,     -0.773,     -0.745,     -0.738,      1.011,      0.460,    β:       1.000
α:      -0.361,     -0.773,     -0.745,     -0.739,      1.013,      0.460,    β:       1.000
α:      -0.361,     -0.773,     -0.745,     -0.740,      1.014,      0.461,    β:       1.000
α:      -0.361,     -0.772,     -0.744,     -0.741,      1.016,      0.461,    β:       1.000
α:      -0.361,     -0.772,     -0.744,     -0.742,      1.017,      0.462,    β:       1.000
α:      -0.360,     -0.772,     -0.744,     -0.743,      1.019,      0.462,    β:       1.000
α:      -0.360,     -0.772,     -0.744,     -0.744,      1.021,      0.463,    β:       1.000
α:      -0.359,     -0.771,     -0.743,     -0.745,      1.022,      0.463,    β:       1.000
α:      -0.359,     -0.771,     -0.743,     -0.746,      1.024,      0.464,    β:       1.000
α:      -0.359,     -0.771,     -0.743,     -0.747,      1.025,      0.464,    β:       1.000
α:      -0.359,     -0.771,     -0.743,     -0.748,      1.027,      0.465,    β:       1.000
α:      -0.358,     -0.770,     -0.742,     -0.749,      1.028,      0.465,    β:       1.000
α:      -0.358,     -0.770,     -0.742,     -0.750,      1.030,      0.466,    β:       1.000
α:      -0.357,     -0.770,     -0.742,     -0.751,      1.032,      0.466,    β:       1.000
α:      -0.357,     -0.770,     -0.741,     -0.752,      1.033,      0.467,    β:       1.000
α:      -0.357,     -0.770,     -0.741,     -0.753,      1.035,      0.467,    β:       1.000
α:      -0.357,     -0.769,     -0.741,     -0.754,      1.036,      0.468,    β:       1.000
α:      -0.356,     -0.769,     -0.740,     -0.755,      1.038,      0.468,    β:       1.000
α:      -0.356,     -0.769,     -0.740,     -0.756,      1.039,      0.469,    β:       1.000
α:      -0.355,     -0.769,     -0.740,     -0.757,      1.041,      0.469,    β:       1.000
α:      -0.355,     -0.769,     -0.739,     -0.758,      1.042,      0.469,    β:       1.000
α:      -0.355,     -0.768,     -0.739,     -0.759,      1.044,      0.470,    β:       1.000
α:      -0.354,     -0.768,     -0.739,     -0.760,      1.045,      0.470,    β:       1.000
α:      -0.354,     -0.768,     -0.739,     -0.761,      1.047,      0.471,    β:       1.000
α:      -0.354,     -0.768,     -0.738,     -0.762,      1.048,      0.471,    β:       1.000
α:      -0.354,     -0.768,     -0.738,     -0.763,      1.050,      0.472,    β:       1.000
α:      -0.353,     -0.767,     -0.738,     -0.764,      1.051,      0.472,    β:       1.000
α:      -0.353,     -0.767,     -0.737,     -0.765,      1.052,      0.473,    β:       1.000
α:      -0.352,     -0.767,     -0.737,     -0.765,      1.054,      0.473,    β:       1.000
α:      -0.352,     -0.767,     -0.737,     -0.766,      1.055,      0.474,    β:       1.000
α:      -0.352,     -0.766,     -0.737,     -0.767,      1.057,      0.474,    β:       1.000
α:      -0.352,     -0.766,     -0.737,     -0.768,      1.058,      0.475,    β:       1.000
α:      -0.351,     -0.766,     -0.736,     -0.769,      1.060,      0.475,    β:       1.000
α:      -0.351,     -0.766,     -0.736,     -0.770,      1.061,      0.476,    β:       1.000
α:      -0.351,     -0.766,     -0.736,     -0.771,      1.063,      0.476,    β:       1.000
α:      -0.350,     -0.765,     -0.736,     -0.772,      1.064,      0.477,    β:       1.000
α:      -0.350,     -0.765,     -0.735,     -0.773,      1.065,      0.477,    β:       1.000
α:      -0.350,     -0.765,     -0.735,     -0.774,      1.067,      0.478,    β:       1.000
α:      -0.350,     -0.765,     -0.735,     -0.775,      1.068,      0.478,    β:       1.000
α:      -0.349,     -0.765,     -0.734,     -0.776,      1.070,      0.479,    β:       1.000
α:      -0.349,     -0.765,     -0.734,     -0.777,      1.071,      0.479,    β:       1.000
α:      -0.349,     -0.764,     -0.734,     -0.777,      1.072,      0.480,    β:       1.000
α:      -0.349,     -0.764,     -0.734,     -0.778,      1.074,      0.480,    β:       1.000
α:      -0.348,     -0.764,     -0.733,     -0.779,      1.075,      0.480,    β:       1.000
α:      -0.348,     -0.764,     -0.733,     -0.780,      1.077,      0.481,    β:       1.000
α:      -0.348,     -0.764,     -0.733,     -0.781,      1.078,      0.481,    β:       1.000
α:      -0.347,     -0.763,     -0.733,     -0.782,      1.079,      0.482,    β:       1.000
α:      -0.347,     -0.763,     -0.733,     -0.783,      1.081,      0.482,    β:       1.000
α:      -0.347,     -0.763,     -0.732,     -0.783,      1.082,      0.483,    β:       1.000
α:      -0.347,     -0.763,     -0.732,     -0.784,      1.083,      0.483,    β:       1.000
α:      -0.346,     -0.763,     -0.732,     -0.785,      1.085,      0.484,    β:       1.000
α:      -0.346,     -0.763,     -0.732,     -0.786,      1.086,      0.484,    β:       1.000
α:      -0.346,     -0.762,     -0.731,     -0.787,      1.087,      0.485,    β:       1.000
α:      -0.346,     -0.762,     -0.731,     -0.788,      1.089,      0.485,    β:       1.000
α:      -0.345,     -0.762,     -0.731,     -0.789,      1.090,      0.486,    β:       1.000
α:      -0.345,     -0.762,     -0.731,     -0.790,      1.091,      0.486,    β:       1.000
α:      -0.345,     -0.762,     -0.731,     -0.790,      1.093,      0.487,    β:       1.000
α:      -0.345,     -0.762,     -0.731,     -0.791,      1.094,      0.487,    β:       1.000
α:      -0.344,     -0.761,     -0.730,     -0.792,      1.095,      0.488,    β:       1.000
α:      -0.344,     -0.761,     -0.730,     -0.793,      1.097,      0.488,    β:       1.000
α:      -0.344,     -0.761,     -0.730,     -0.794,      1.098,      0.488,    β:       1.000
α:      -0.343,     -0.761,     -0.730,     -0.794,      1.099,      0.489,    β:       1.000
α:      -0.343,     -0.760,     -0.730,     -0.795,      1.101,      0.489,    β:       1.000
α:      -0.343,     -0.760,     -0.729,     -0.796,      1.102,      0.490,    β:       1.000
α:      -0.343,     -0.760,     -0.729,     -0.797,      1.103,      0.490,    β:       1.000
α:      -0.342,     -0.760,     -0.729,     -0.798,      1.105,      0.491,    β:       1.000
α:      -0.342,     -0.760,     -0.728,     -0.798,      1.106,      0.491,    β:       1.000
α:      -0.342,     -0.759,     -0.728,     -0.799,      1.107,      0.492,    β:       1.000
α:      -0.342,     -0.759,     -0.728,     -0.800,      1.108,      0.492,    β:       1.000
α:      -0.341,     -0.759,     -0.727,     -0.801,      1.110,      0.492,    β:       1.000
α:      -0.341,     -0.759,     -0.727,     -0.802,      1.111,      0.493,    β:       1.000
α:      -0.341,     -0.759,     -0.727,     -0.803,      1.112,      0.493,    β:       1.000
α:      -0.341,     -0.758,     -0.727,     -0.803,      1.113,      0.494,    β:       1.000
α:      -0.340,     -0.758,     -0.727,     -0.804,      1.115,      0.494,    β:       1.000
α:      -0.340,     -0.758,     -0.726,     -0.805,      1.116,      0.495,    β:       1.000
α:      -0.340,     -0.758,     -0.726,     -0.806,      1.117,      0.495,    β:       1.000
α:      -0.339,     -0.758,     -0.726,     -0.806,      1.118,      0.496,    β:       1.000
α:      -0.339,     -0.757,     -0.726,     -0.807,      1.120,      0.496,    β:       1.000
α:      -0.339,     -0.757,     -0.725,     -0.808,      1.121,      0.497,    β:       1.000
α:      -0.339,     -0.757,     -0.725,     -0.809,      1.122,      0.497,    β:       1.000
α:      -0.339,     -0.757,     -0.725,     -0.810,      1.123,      0.497,    β:       1.000
α:      -0.338,     -0.757,     -0.725,     -0.810,      1.124,      0.498,    β:       1.000
α:      -0.338,     -0.756,     -0.725,     -0.811,      1.126,      0.498,    β:       1.000
α:      -0.338,     -0.756,     -0.724,     -0.812,      1.127,      0.499,    β:       1.000
α:      -0.337,     -0.756,     -0.724,     -0.813,      1.128,      0.499,    β:       1.000
α:      -0.337,     -0.756,     -0.724,     -0.813,      1.129,      0.500,    β:       1.000
α:      -0.337,     -0.756,     -0.724,     -0.814,      1.130,      0.500,    β:       1.000
α:      -0.337,     -0.756,     -0.723,     -0.815,      1.132,      0.501,    β:       1.000
α:      -0.336,     -0.755,     -0.723,     -0.816,      1.133,      0.501,    β:       1.000
α:      -0.336,     -0.755,     -0.723,     -0.816,      1.134,      0.502,    β:       1.000
α:      -0.336,     -0.755,     -0.723,     -0.817,      1.135,      0.502,    β:       1.000
α:      -0.336,     -0.755,     -0.723,     -0.818,      1.136,      0.502,    β:       1.000
α:      -0.335,     -0.755,     -0.722,     -0.819,      1.137,      0.503,    β:       1.000
α:      -0.335,     -0.755,     -0.722,     -0.819,      1.139,      0.503,    β:       1.000
α:      -0.335,     -0.754,     -0.722,     -0.820,      1.140,      0.504,    β:       1.000
α:      -0.335,     -0.754,     -0.722,     -0.821,      1.141,      0.504,    β:       1.000
α:      -0.334,     -0.754,     -0.721,     -0.821,      1.142,      0.505,    β:       1.000
α:      -0.334,     -0.754,     -0.721,     -0.822,      1.143,      0.505,    β:       1.000
α:      -0.334,     -0.754,     -0.721,     -0.823,      1.145,      0.505,    β:       1.000
α:      -0.334,     -0.754,     -0.721,     -0.824,      1.146,      0.506,    β:       1.000
α:      -0.333,     -0.754,     -0.721,     -0.824,      1.147,      0.506,    β:       1.000
α:      -0.333,     -0.753,     -0.721,     -0.825,      1.148,      0.507,    β:       1.000
α:      -0.333,     -0.753,     -0.720,     -0.826,      1.149,      0.507,    β:       1.000
α:      -0.333,     -0.753,     -0.720,     -0.827,      1.150,      0.508,    β:       1.000
α:      -0.333,     -0.753,     -0.720,     -0.827,      1.151,      0.508,    β:       1.000
α:      -0.332,     -0.753,     -0.720,     -0.828,      1.153,      0.508,    β:       1.000
α:      -0.332,     -0.752,     -0.720,     -0.829,      1.154,      0.509,    β:       1.000
α:      -0.332,     -0.752,     -0.719,     -0.829,      1.155,      0.509,    β:       1.000
α:      -0.332,     -0.752,     -0.719,     -0.830,      1.156,      0.510,    β:       1.000
α:      -0.332,     -0.752,     -0.719,     -0.831,      1.157,      0.510,    β:       1.000
α:      -0.332,     -0.752,     -0.719,     -0.832,      1.158,      0.511,    β:       1.000
α:      -0.332,     -0.751,     -0.719,     -0.832,      1.159,      0.511,    β:       1.000
α:      -0.331,     -0.751,     -0.719,     -0.833,      1.160,      0.511,    β:       1.000
α:      -0.331,     -0.751,     -0.719,     -0.834,      1.162,      0.512,    β:       1.000
α:      -0.331,     -0.751,     -0.718,     -0.834,      1.163,      0.512,    β:       1.000
α:      -0.331,     -0.751,     -0.718,     -0.835,      1.164,      0.513,    β:       1.000
α:      -0.331,     -0.751,     -0.718,     -0.836,      1.165,      0.513,    β:       1.000
α:      -0.330,     -0.750,     -0.718,     -0.836,      1.166,      0.514,    β:       1.000
α:      -0.330,     -0.750,     -0.717,     -0.837,      1.167,      0.514,    β:       1.000
α:      -0.330,     -0.750,     -0.717,     -0.838,      1.168,      0.515,    β:       1.000
α:      -0.330,     -0.750,     -0.717,     -0.838,      1.169,      0.515,    β:       1.000
α:      -0.330,     -0.750,     -0.717,     -0.839,      1.170,      0.515,    β:       1.000
α:      -0.330,     -0.750,     -0.717,     -0.840,      1.171,      0.516,    β:       1.000
α:      -0.330,     -0.749,     -0.716,     -0.840,      1.172,      0.516,    β:       1.000
α:      -0.329,     -0.749,     -0.716,     -0.841,      1.173,      0.517,    β:       1.000
α:      -0.329,     -0.749,     -0.716,     -0.842,      1.175,      0.517,    β:       1.000
α:      -0.329,     -0.749,     -0.716,     -0.842,      1.176,      0.517,    β:       1.000
α:      -0.328,     -0.749,     -0.716,     -0.843,      1.177,      0.518,    β:       1.000
α:      -0.328,     -0.749,     -0.716,     -0.844,      1.178,      0.518,    β:       1.000
α:      -0.328,     -0.748,     -0.715,     -0.844,      1.179,      0.519,    β:       1.000
α:      -0.327,     -0.748,     -0.715,     -0.845,      1.180,      0.519,    β:       1.000
α:      -0.327,     -0.748,     -0.715,     -0.846,      1.181,      0.520,    β:       1.000
α:      -0.327,     -0.748,     -0.715,     -0.846,      1.182,      0.520,    β:       1.000
α:      -0.327,     -0.748,     -0.714,     -0.847,      1.183,      0.520,    β:       1.000
α:      -0.326,     -0.748,     -0.714,     -0.848,      1.184,      0.521,    β:       1.000
α:      -0.326,     -0.747,     -0.714,     -0.848,      1.185,      0.521,    β:       1.000
α:      -0.326,     -0.747,     -0.714,     -0.849,      1.186,      0.522,    β:       1.000
α:      -0.325,     -0.747,     -0.714,     -0.850,      1.187,      0.522,    β:       1.000
α:      -0.325,     -0.747,     -0.713,     -0.850,      1.188,      0.523,    β:       1.000
α:      -0.325,     -0.747,     -0.713,     -0.851,      1.189,      0.523,    β:       1.000
α:      -0.325,     -0.747,     -0.713,     -0.852,      1.190,      0.523,    β:       1.000
α:      -0.325,     -0.747,     -0.713,     -0.852,      1.191,      0.524,    β:       1.000
α:      -0.325,     -0.746,     -0.713,     -0.853,      1.192,      0.524,    β:       1.000
α:      -0.324,     -0.746,     -0.713,     -0.853,      1.193,      0.525,    β:       1.000
α:      -0.324,     -0.746,     -0.712,     -0.854,      1.194,      0.525,    β:       1.000
α:      -0.324,     -0.746,     -0.712,     -0.855,      1.195,      0.525,    β:       1.000
α:      -0.324,     -0.746,     -0.712,     -0.855,      1.196,      0.526,    β:       1.000
α:      -0.323,     -0.746,     -0.712,     -0.856,      1.197,      0.526,    β:       1.000
α:      -0.323,     -0.745,     -0.712,     -0.856,      1.198,      0.527,    β:       1.000
α:      -0.323,     -0.745,     -0.712,     -0.857,      1.199,      0.527,    β:       1.000
α:      -0.323,     -0.745,     -0.712,     -0.858,      1.199,      0.528,    β:       1.000
α:      -0.323,     -0.745,     -0.711,     -0.858,      1.200,      0.528,    β:       1.000
α:      -0.323,     -0.745,     -0.711,     -0.859,      1.201,      0.528,    β:       1.000
α:      -0.322,     -0.745,     -0.711,     -0.860,      1.202,      0.529,    β:       1.000
α:      -0.322,     -0.745,     -0.711,     -0.860,      1.203,      0.529,    β:       1.000
α:      -0.322,     -0.744,     -0.711,     -0.861,      1.204,      0.529,    β:       1.000
α:      -0.322,     -0.744,     -0.710,     -0.861,      1.205,      0.530,    β:       1.000
α:      -0.322,     -0.744,     -0.710,     -0.862,      1.206,      0.530,    β:       1.000
α:      -0.321,     -0.744,     -0.710,     -0.863,      1.207,      0.531,    β:       1.000
α:      -0.321,     -0.744,     -0.710,     -0.863,      1.208,      0.531,    β:       1.000
α:      -0.321,     -0.743,     -0.710,     -0.864,      1.209,      0.531,    β:       1.000
α:      -0.321,     -0.743,     -0.710,     -0.864,      1.210,      0.532,    β:       1.000
α:      -0.321,     -0.743,     -0.710,     -0.865,      1.211,      0.532,    β:       1.000
α:      -0.321,     -0.743,     -0.709,     -0.865,      1.212,      0.533,    β:       1.000
α:      -0.321,     -0.743,     -0.709,     -0.866,      1.213,      0.533,    β:       1.000
α:      -0.320,     -0.743,     -0.709,     -0.867,      1.214,      0.533,    β:       1.000
α:      -0.320,     -0.742,     -0.709,     -0.867,      1.215,      0.534,    β:       1.000
α:      -0.320,     -0.742,     -0.709,     -0.868,      1.216,      0.534,    β:       1.000
α:      -0.320,     -0.742,     -0.709,     -0.869,      1.217,      0.535,    β:       1.000
α:      -0.320,     -0.742,     -0.708,     -0.869,      1.218,      0.535,    β:       1.000
α:      -0.320,     -0.742,     -0.708,     -0.870,      1.219,      0.535,    β:       1.000
α:      -0.320,     -0.742,     -0.708,     -0.870,      1.220,      0.536,    β:       1.000
α:      -0.319,     -0.741,     -0.708,     -0.871,      1.221,      0.536,    β:       1.000
α:      -0.319,     -0.741,     -0.708,     -0.871,      1.221,      0.537,    β:       1.000
α:      -0.319,     -0.741,     -0.708,     -0.872,      1.222,      0.537,    β:       1.000
α:      -0.319,     -0.741,     -0.707,     -0.872,      1.223,      0.537,    β:       1.000
α:      -0.318,     -0.741,     -0.707,     -0.873,      1.224,      0.538,    β:       1.000
α:      -0.318,     -0.741,     -0.707,     -0.873,      1.225,      0.538,    β:       1.000
α:      -0.318,     -0.741,     -0.707,     -0.874,      1.226,      0.539,    β:       1.000
α:      -0.318,     -0.741,     -0.707,     -0.875,      1.227,      0.539,    β:       1.000
α:      -0.318,     -0.740,     -0.707,     -0.875,      1.228,      0.539,    β:       1.000
α:      -0.318,     -0.740,     -0.706,     -0.876,      1.229,      0.540,    β:       1.000
α:      -0.317,     -0.740,     -0.706,     -0.876,      1.229,      0.540,    β:       1.000
α:      -0.317,     -0.740,     -0.706,     -0.877,      1.230,      0.541,    β:       1.000
α:      -0.317,     -0.740,     -0.706,     -0.877,      1.231,      0.541,    β:       1.000
α:      -0.317,     -0.739,     -0.706,     -0.878,      1.232,      0.541,    β:       1.000
α:      -0.317,     -0.739,     -0.705,     -0.878,      1.233,      0.542,    β:       1.000
α:      -0.317,     -0.739,     -0.705,     -0.879,      1.234,      0.542,    β:       1.000
α:      -0.317,     -0.739,     -0.705,     -0.880,      1.235,      0.542,    β:       1.000
α:      -0.316,     -0.739,     -0.705,     -0.880,      1.236,      0.543,    β:       1.000
α:      -0.316,     -0.739,     -0.705,     -0.881,      1.236,      0.543,    β:       1.000
α:      -0.316,     -0.738,     -0.705,     -0.881,      1.237,      0.544,    β:       1.000
α:      -0.316,     -0.738,     -0.704,     -0.882,      1.238,      0.544,    β:       1.000
α:      -0.315,     -0.738,     -0.704,     -0.882,      1.239,      0.544,    β:       1.000
α:      -0.315,     -0.738,     -0.704,     -0.883,      1.240,      0.545,    β:       1.000
α:      -0.315,     -0.738,     -0.704,     -0.883,      1.241,      0.545,    β:       1.000
α:      -0.315,     -0.738,     -0.704,     -0.884,      1.242,      0.546,    β:       1.000
α:      -0.315,     -0.738,     -0.704,     -0.884,      1.242,      0.546,    β:       1.000
α:      -0.315,     -0.738,     -0.704,     -0.885,      1.243,      0.546,    β:       1.000
α:      -0.314,     -0.738,     -0.703,     -0.885,      1.244,      0.547,    β:       1.000
α:      -0.314,     -0.737,     -0.703,     -0.886,      1.245,      0.547,    β:       1.000
α:      -0.314,     -0.737,     -0.703,     -0.886,      1.246,      0.548,    β:       1.000
α:      -0.314,     -0.737,     -0.703,     -0.887,      1.247,      0.548,    β:       1.000
α:      -0.313,     -0.737,     -0.703,     -0.887,      1.247,      0.548,    β:       1.000
α:      -0.313,     -0.737,     -0.703,     -0.888,      1.248,      0.549,    β:       1.000
α:      -0.313,     -0.736,     -0.703,     -0.888,      1.249,      0.549,    β:       1.000
α:      -0.313,     -0.736,     -0.703,     -0.889,      1.250,      0.550,    β:       1.000
α:      -0.313,     -0.736,     -0.703,     -0.889,      1.251,      0.550,    β:       1.000
α:      -0.313,     -0.736,     -0.702,     -0.890,      1.251,      0.550,    β:       1.000
α:      -0.313,     -0.736,     -0.702,     -0.890,      1.252,      0.551,    β:       1.000
α:      -0.313,     -0.736,     -0.702,     -0.891,      1.253,      0.551,    β:       1.000
α:      -0.313,     -0.736,     -0.702,     -0.892,      1.254,      0.551,    β:       1.000
α:      -0.312,     -0.736,     -0.702,     -0.892,      1.255,      0.552,    β:       1.000
α:      -0.312,     -0.736,     -0.702,     -0.893,      1.255,      0.552,    β:       1.000
α:      -0.312,     -0.736,     -0.701,     -0.893,      1.256,      0.553,    β:       1.000
α:      -0.312,     -0.735,     -0.701,     -0.894,      1.257,      0.553,    β:       1.000
α:      -0.312,     -0.735,     -0.701,     -0.894,      1.258,      0.553,    β:       1.000
α:      -0.312,     -0.735,     -0.701,     -0.895,      1.259,      0.554,    β:       1.000
α:      -0.312,     -0.735,     -0.701,     -0.895,      1.259,      0.554,    β:       1.000
α:      -0.312,     -0.735,     -0.701,     -0.896,      1.260,      0.555,    β:       1.000
α:      -0.312,     -0.735,     -0.701,     -0.896,      1.261,      0.555,    β:       1.000
α:      -0.311,     -0.735,     -0.701,     -0.896,      1.262,      0.555,    β:       1.000
α:      -0.311,     -0.734,     -0.701,     -0.897,      1.263,      0.556,    β:       1.000
α:      -0.311,     -0.734,     -0.700,     -0.897,      1.263,      0.556,    β:       1.000
α:      -0.311,     -0.734,     -0.700,     -0.898,      1.264,      0.556,    β:       1.000
α:      -0.311,     -0.734,     -0.700,     -0.898,      1.265,      0.557,    β:       1.000
α:      -0.310,     -0.734,     -0.700,     -0.899,      1.266,      0.557,    β:       1.000
α:      -0.310,     -0.734,     -0.700,     -0.899,      1.266,      0.557,    β:       1.000
